569
16.923856735229492 -27.547813415527344
15.65804672241211 -26.79373550415039
15.229305267333984 -25.950801849365234
15.557147979736328 -26.3929443359375
13.671102523803711 -28.31468963623047
16.077255249023438 -25.833396911621094
15.175320625305176 -27.51879119873047
16.390066146850586 -25.23874855041504
15.792794227600098 -24.186738967895508
15.801989555358887 -23.309406280517578
12.075172424316406 -28.882131576538086
14.818876266479492 -26.854896545410156
19.056962966918945 -20.243093490600586
15.1516695022583 -25.16798210144043
8.425884246826172 -23.64434814453125
8.242749214172363 -22.20180320739746
17.51038360595703 -27.538761138916016
15.763956069946289 -25.538951873779297
5.826343059539795 -21.213993072509766
8.511251449584961 -22.860687255859375
15.272895812988281 -24.70284652709961
5.180783271789551 -20.630325317382812
12.509127616882324 -28.397544860839844
0.9998992681503296 -21.27766227722168
3.263803005218506 31.982688903808594
18.74947738647461 -20.93287467956543
14.649931907653809 -24.29578399658203
19.32486343383789 -19.165712356567383
17.608312606811523 -27.542081832885742
19.612102508544922 -19.912416458129883
19.029157638549805 -20.854265213012695
14.815165519714355 -26.25057029724121
14.4116792678833 -24.42569351196289
19.874927520751953 -18.842220306396484
1.0776653289794922 -20.241928100585938
13.86294937133789 -26.095300674438477
12.109981536865234 -27.862960815429688
1.1960326433181763 -20.46004867553711
1.4344021081924438 -21.111953735351562
6.3099284172058105 -21.50499153137207
15.512900352478027 -24.03349494934082
3.2292821407318115 -20.282365798950195
0.05991257354617119 -21.34969139099121
11.21500301361084 -28.179113388061523
-13.80276870727539 19.442251205444336
11.687381744384766 -28.6740665435791
17.686447143554688 -17.329662322998047
-13.796828269958496 19.3597412109375
15.343161582946777 -23.142318725585938
20.065168380737305 -19.395160675048828
-1.3870519399642944 -19.840362548828125
11.872152328491211 -26.52374267578125
11.737075805664062 -28.486547470092773
-1.05035400390625 -20.937755584716797
2.4844226837158203 31.550296783447266
11.417718887329102 -27.024188995361328
20.241849899291992 -17.247356414794922
-1.9477559328079224 -21.64495849609375
3.7133984565734863 30.81077003479004
2.0498225688934326 32.032344818115234
13.162460327148438 -23.449604034423828
11.634115219116211 -27.558441162109375
8.742881774902344 -21.52522850036621
19.480056762695312 -18.424598693847656
9.353256225585938 -21.893335342407227
7.411764621734619 -21.34273910522461
-2.6790878772735596 -21.382558822631836
-2.424412727355957 -21.768383026123047
4.3176703453063965 -19.574146270751953
15.209157943725586 -23.50307846069336
10.702301979064941 -27.152568817138672
-2.197493553161621 -21.056690216064453
-1.5437543392181396 -21.191635131835938
19.1058349609375 -18.9771785736084
12.002557754516602 -21.90719985961914
2.78755784034729 30.955392837524414
0.48905980587005615 -20.13201141357422
9.751730918884277 -21.8697509765625
12.527225494384766 -24.153301239013672
-2.2095487117767334 -20.13453483581543
-2.8584423065185547 -20.560928344726562
3.264889717102051 29.843734741210938
3.1981775760650635 31.04217529296875
10.760828018188477 -21.799646377563477
20.411773681640625 -17.320581436157227
3.299670934677124 28.837724685668945
19.706222534179688 -16.7799015045166
1.0860917568206787 31.37943458557129
10.693323135375977 -27.1082706451416
14.325281143188477 -23.032835006713867
10.886353492736816 -21.697124481201172
19.44308090209961 -17.509946823120117
19.18522071838379 -15.906296730041504
19.10189437866211 -18.23115348815918
4.259318828582764 -18.807308197021484
-13.885037422180176 19.17892837524414
15.226288795471191 -19.758920669555664
-25.41596794128418 10.218236923217773
4.652528285980225 -18.797887802124023
2.412503480911255 30.060874938964844
4.610568523406982 -18.17318344116211
-25.39842414855957 10.73983383178711
-24.269695281982422 10.172736167907715
20.478511810302734 -15.550163269042969
20.043750762939453 -18.28282928466797
9.785857200622559 -21.555713653564453
1.4928637742996216 30.53334617614746
-10.932413101196289 28.587133407592773
-3.188784599304199 -20.582443237304688
-24.878175735473633 10.3212308883667
-4.114197731018066 12.986939430236816
-2.3948440551757812 -20.399803161621094
-2.8501992225646973 -19.373136520385742
12.04688549041748 -24.785552978515625
3.393789768218994 30.434940338134766
-3.4104065895080566 13.304106712341309
-24.14352035522461 10.287428855895996
19.8099422454834 -15.761651039123535
-3.6110446453094482 -19.95494270324707
14.444964408874512 -20.963764190673828
1.1639249324798584 30.474111557006836
-3.7213971614837646 -19.538698196411133
1.0359854698181152 29.51857566833496
0.949470579624176 29.583765029907227
-10.809837341308594 31.634733200073242
-10.002646446228027 30.375953674316406
-23.464567184448242 10.348782539367676
-13.605342864990234 18.192062377929688
0.8503689765930176 30.068151473999023
0.3965883255004883 30.016416549682617
2.366180419921875 29.6744327545166
20.3607120513916 -13.956753730773926
15.518527030944824 -15.66832160949707
-3.1434152126312256 12.641759872436523
1.782325029373169 -6.6330695152282715
13.726449012756348 -20.58778953552246
-22.83870506286621 10.75547981262207
-0.7171322703361511 28.480018615722656
-3.0696558952331543 -19.85539436340332
-10.146629333496094 31.363384246826172
1.6692405939102173 29.722211837768555
11.835803985595703 -24.742691040039062
14.547087669372559 -20.70294761657715
-1.4663103818893433 27.852264404296875
-3.8027236461639404 12.993335723876953
0.0800178125500679 28.65733528137207
11.045722961425781 -25.146791458129883
1.7604870796203613 30.137012481689453
-3.4212608337402344 12.286514282226562
-10.982356071472168 30.645687103271484
-3.722994565963745 13.411704063415527
-3.35530424118042 12.712921142578125
-9.156888008117676 31.575002670288086
-22.467912673950195 10.66244888305664
3.5559868812561035 -5.570300102233887
1.5948385000228882 28.90492057800293
11.01680850982666 -25.081342697143555
-10.71764087677002 31.086315155029297
1.6538372039794922 29.16745376586914
20.66391372680664 -14.293465614318848
15.603633880615234 -17.322872161865234
-1.381113052368164 9.476569175720215
12.925609588623047 -20.56268882751465
-1.3870506286621094 9.456658363342285
20.69678497314453 -13.093141555786133
10.768823623657227 -25.78550910949707
-9.625116348266602 31.351476669311523
-10.351240158081055 30.43564224243164
-3.873767137527466 12.099799156188965
19.687875747680664 -14.336769104003906
-9.714478492736816 29.711044311523438
13.955488204956055 -20.385276794433594
-10.218013763427734 29.766040802001953
-14.183880805969238 17.39786148071289
0.2751385271549225 28.181377410888672
0.05018877983093262 29.093448638916016
19.890422821044922 -14.701889991760254
17.166574478149414 -14.558721542358398
-25.33375358581543 11.407060623168945
-13.48194694519043 17.110107421875
-9.712000846862793 29.160490036010742
-13.064154624938965 17.411632537841797
-25.092103958129883 11.90916633605957
16.976158142089844 -14.081070899963379
-24.5762939453125 10.891764640808105
-24.637582778930664 11.252046585083008
18.10896873474121 -14.714035987854004
-10.035462379455566 31.813220977783203
-17.53020477294922 10.718157768249512
-21.734237670898438 10.6228609085083
-5.628052711486816 -17.525054931640625
0.6505966782569885 30.815874099731445
12.684066772460938 3.912544012069702
19.176589965820312 -17.17695426940918
19.204748153686523 -15.106034278869629
-10.949716567993164 29.721025466918945
3.4174609184265137 -5.374941825866699
-2.3291871547698975 27.918174743652344
-24.51633071899414 12.016749382019043
-8.016172409057617 30.279569625854492
19.209270477294922 -15.180931091308594
-5.9226908683776855 -17.50515365600586
-1.5013949871063232 26.947402954101562
-4.418728828430176 -18.81138038635254
-7.375245094299316 29.828502655029297
1.4068037271499634 -5.803548336029053
-9.109527587890625 30.248863220214844
-8.187325477600098 28.557004928588867
-4.854787349700928 -17.935640335083008
-9.574841499328613 28.627216339111328
-1.1821417808532715 27.596689224243164
-4.442863464355469 -18.515216827392578
-5.164022922515869 -18.146970748901367
6.271897792816162 -3.5390241146087646
-24.63088607788086 11.547967910766602
-12.851269721984863 15.062132835388184
-8.950165748596191 29.325117111206055
-20.576189041137695 10.993056297302246
-9.174744606018066 29.69879913330078
3.9232370853424072 -2.073711395263672
-1.7338581085205078 9.62392807006836
-12.30856704711914 15.512022972106934
-8.96932315826416 28.68119239807129
-13.816389083862305 17.447046279907227
-15.879283905029297 10.772272109985352
-4.7048516273498535 -19.00397300720215
-21.817657470703125 10.35303783416748
-15.106300354003906 9.982441902160645
-13.263870239257812 16.65357208251953
-9.593510627746582 30.849809646606445
-23.94350814819336 11.900191307067871
-13.056955337524414 16.972679138183594
-8.56485652923584 30.521968841552734
-8.430931091308594 28.15991973876953
20.46739959716797 -10.294610977172852
0.7851290106773376 -5.633331298828125
-8.945784568786621 29.989267349243164
-14.426286697387695 17.137269973754883
20.939992904663086 -11.260239601135254
-16.22587013244629 10.74569320678711
0.9874904155731201 28.23546028137207
-14.18388843536377 16.880596160888672
1.029867172241211 -5.0860676765441895
-3.203172206878662 9.643094062805176
-21.308300018310547 10.937129020690918
16.167509078979492 -15.411781311035156
-23.013513565063477 11.607037544250488
18.997583389282227 -11.040254592895508
-24.002717971801758 11.374739646911621
-14.09580135345459 16.69371795654297
-4.017232418060303 12.345227241516113
9.29499626159668 -3.352457284927368
13.423149108886719 -9.365983963012695
-15.388405799865723 10.269770622253418
-5.968612194061279 -17.00126838684082
14.84133529663086 -9.328923225402832
-10.232830047607422 12.830995559692383
-23.67935562133789 11.758966445922852
-4.067476749420166 11.396730422973633
-0.7917991280555725 27.074161529541016
19.86055564880371 -12.355859756469727
16.812023162841797 -16.69923973083496
-10.11690902709961 12.930814743041992
-13.786079406738281 11.000072479248047
-8.64787483215332 28.01111602783203
20.050052642822266 -13.013117790222168
11.147872924804688 5.752730846405029
-2.1830897331237793 25.771854400634766
-2.521442413330078 26.628034591674805
1.528896450996399 -3.0199549198150635
-9.740033149719238 13.715171813964844
2.350724697113037 -2.535691022872925
0.3085194528102875 -4.79733943939209
-6.411217212677002 -16.8896427154541
5.252066135406494 -3.5464377403259277
-4.772984504699707 25.23958396911621
-14.131505966186523 15.875052452087402
7.5093674659729 6.09584903717041
-5.559903621673584 -18.641565322875977
-14.674148559570312 10.518631935119629
-14.492009162902832 9.677572250366211
-4.361015796661377 26.298534393310547
0.7752793431282043 -5.146693229675293
-13.888557434082031 10.094532012939453
11.854859352111816 4.091822147369385
20.302627563476562 -10.641592025756836
4.4991044998168945 -0.16179515421390533
11.0021390914917 4.241414546966553
-13.494558334350586 9.11093521118164
8.4293794631958 -3.3474135398864746
-6.474674701690674 -16.7736873626709
-13.396921157836914 16.089454650878906
-14.057560920715332 9.383049964904785
-12.784424781799316 14.064453125
1.9543871879577637 -3.928412675857544
-14.493205070495605 9.117926597595215
-9.8489351272583 13.55967903137207
19.38284683227539 -14.310931205749512
-11.430510520935059 -12.951273918151855
15.555708885192871 -10.717698097229004
-4.134967803955078 25.45734214782715
19.61997413635254 -10.516989707946777
-5.0220627784729 6.247291564941406
-19.822738647460938 8.480730056762695
-14.037590026855469 10.134239196777344
-12.746076583862305 13.833890914916992
-4.37819766998291 5.751086711883545
20.23753547668457 -7.498626232147217
-12.827316284179688 14.316309928894043
6.977982521057129 4.296671390533447
9.869566917419434 5.870153903961182
-6.879551887512207 25.156190872192383
3.2247555255889893 -5.756045818328857
-14.862171173095703 10.549469947814941
1.6836459636688232 -2.1492583751678467
-4.957382678985596 25.786081314086914
0.22931884229183197 0.34009498357772827
11.091537475585938 5.367970943450928
2.225987434387207 -1.611877202987671
20.43497657775879 -7.986743450164795
1.253082275390625 -4.186311721801758
9.26809024810791 -2.918118715286255
-18.50644302368164 8.41932487487793
-13.580591201782227 15.450733184814453
1.7731589078903198 -1.2088145017623901
-7.307387351989746 25.77007293701172
-5.26896858215332 24.091299057006836
-18.829912185668945 7.732693672180176
12.02903938293457 2.020965576171875
-4.6511969566345215 9.241820335388184
20.088241577148438 -8.307575225830078
-4.472554683685303 9.900308609008789
19.790735244750977 -10.365219116210938
20.383638381958008 -9.103291511535645
6.916872024536133 4.598668575286865
10.670344352722168 5.255897045135498
-4.488288879394531 9.689668655395508
-4.6355204582214355 9.066137313842773
-6.379647731781006 -17.36482048034668
-0.1803339570760727 -0.8061345815658569
-5.377945423126221 25.126888275146484
-19.696075439453125 7.989245414733887
-4.043532848358154 4.653722286224365
-6.919238090515137 25.662105560302734
19.426342010498047 -7.989264488220215
-12.027615547180176 7.828947067260742
-4.762279033660889 8.758246421813965
-5.041179180145264 6.126884460449219
6.2382121086120605 4.436075210571289
2.337935447692871 -0.5892015695571899
9.57127857208252 5.18855094909668
19.597871780395508 -7.315467834472656
17.48587989807129 -9.365090370178223
7.905737400054932 5.427531719207764
2.334709882736206 3.522151231765747
-12.194612503051758 7.330502033233643
19.00282096862793 -6.901257038116455
-6.953453063964844 24.720264434814453
-4.337048053741455 6.074689865112305
-11.710737228393555 10.998355865478516
-19.754135131835938 6.498010635375977
-10.506560325622559 -12.67414665222168
14.735028266906738 -2.218292474746704
18.239046096801758 -7.080271244049072
7.657633304595947 5.3623046875
2.0941407680511475 1.188006043434143
11.603193283081055 3.372053384780884
15.966265678405762 -3.761042356491089
-19.246456146240234 5.05800199508667
11.204751014709473 -1.8866440057754517
-19.50153160095215 5.80158805847168
-1.281652808189392 3.3312737941741943
-2.674842119216919 3.49306583404541
19.35540008544922 -8.289125442504883
16.35947036743164 -3.72078800201416
-2.617600917816162 -0.2647917866706848
-5.864534378051758 1.183482050895691
1.2339844703674316 -3.045647621154785
18.506820678710938 -7.85303258895874
-11.99171257019043 7.281650543212891
-20.25698471069336 6.202298164367676
16.143571853637695 -4.0462327003479
6.3060078620910645 5.5156683921813965
-6.946939945220947 24.69045639038086
19.816377639770508 -9.711421012878418
19.305500030517578 -6.418491363525391
19.393245697021484 -7.314581394195557
-12.002340316772461 10.907675743103027
-1.8990784883499146 2.4876041412353516
-19.999584197998047 7.181719779968262
10.811973571777344 2.793848752975464
13.619641304016113 -7.443914413452148
-8.344440460205078 -13.421420097351074
10.840920448303223 2.586298704147339
2.405829906463623 -0.18698163330554962
-5.449647903442383 3.6066761016845703
-19.911094665527344 6.114866256713867
6.726694583892822 5.171121120452881
-2.5169878005981445 20.28778839111328
19.85877799987793 -6.76884126663208
-8.550469398498535 -13.9501953125
-0.19436652958393097 -0.6218621730804443
-8.208293914794922 -13.850956916809082
11.152342796325684 -2.15248703956604
-11.881973266601562 10.615954399108887
-1.2141401767730713 1.5994937419891357
11.296168327331543 3.014936685562134
-19.058895111083984 6.48086404800415
-7.299051761627197 1.4696160554885864
-11.010716438293457 10.347643852233887
-2.087374210357666 20.49875259399414
2.105987548828125 -4.031045913696289
11.882104873657227 -0.7350748181343079
-1.6330549716949463 -3.2950632572174072
-8.396323204040527 -12.721102714538574
13.258074760437012 -3.7814557552337646
-3.7328615188598633 1.7323395013809204
-18.70557403564453 6.152860641479492
-18.379364013671875 4.940504550933838
17.69620132446289 -5.939242362976074
6.37835693359375 4.663319110870361
-3.217531681060791 -4.032688617706299
-2.898202896118164 -3.889934778213501
11.117790222167969 0.5073571801185608
-16.827638626098633 3.2235829830169678
-2.841580390930176 -4.0163254737854
-9.037179946899414 -12.297356605529785
3.0837106704711914 2.910794734954834
-9.922260284423828 -12.668793678283691
-8.612319946289062 -10.869377136230469
-9.658275604248047 -11.885409355163574
-9.439979553222656 -11.313780784606934
-18.018373489379883 5.406015872955322
9.9667387008667 2.199409008026123
-7.9305901527404785 -12.083142280578613
11.028434753417969 0.8197159767150879
7.15207052230835 2.531770706176758
-5.954339027404785 0.29238563776016235
-7.9693074226379395 -12.920519828796387
17.865903854370117 -4.9362473487854
14.20919418334961 -1.7152873277664185
2.5061371326446533 3.3957467079162598
-2.5652129650115967 -3.5565176010131836
-10.418546676635742 -9.690289497375488
-9.91942024230957 -10.373663902282715
-15.93394660949707 4.277667999267578
-16.23877716064453 4.542524814605713
-10.87862777709961 -8.977648735046387
6.83784818649292 2.445040702819824
-3.685702085494995 -3.866506576538086
-2.2237627506256104 2.7709178924560547
-2.8556880950927734 1.6223324537277222
16.3781681060791 -10.177079200744629
-17.794336318969727 4.828046798706055
-4.522584438323975 2.3996968269348145
-2.1806480884552 3.3018829822540283
12.513550758361816 -1.5639880895614624
-5.8756866455078125 2.015876531600952
-11.353384971618652 -8.710012435913086
-17.921186447143555 4.468846321105957
-2.2898175716400146 -3.387942314147949
-9.433798789978027 -10.19288444519043
-17.75428581237793 5.268923282623291
-2.9550464153289795 1.9291118383407593
-8.852289199829102 -8.878362655639648
-9.605812072753906 -9.483866691589355
-9.320317268371582 -9.932144165039062
-7.47730016708374 2.7842700481414795
-10.339642524719238 -6.578100681304932
-18.024301528930664 6.0667853355407715
-10.027422904968262 -8.053396224975586
-17.86517906188965 4.183837890625
-16.979623794555664 4.682206630706787
4.39247989654541 -0.36892998218536377
-10.534204483032227 -7.515600681304932
-15.142755508422852 8.143009185791016
-16.84700584411621 6.29321813583374
-14.843050956726074 4.661224842071533
10.641777992248535 1.3815407752990723
-3.605581045150757 0.40534815192222595
9.765649795532227 2.161973237991333
-2.723639726638794 2.938699245452881
-16.544933319091797 5.293617248535156
-7.7930521965026855 1.3688418865203857
-8.565949440002441 -9.059839248657227
-9.435009956359863 -7.813960552215576
12.253426551818848 -0.8821092247962952
13.60963249206543 -1.5205410718917847
-8.550714492797852 -7.698221683502197
7.433803081512451 2.5757429599761963
-16.752647399902344 3.9958698749542236
-9.709205627441406 -5.052078723907471
-9.00131893157959 -8.406305313110352
-9.627056121826172 -5.847026824951172
12.953571319580078 -1.358927845954895
17.000295639038086 -8.600030899047852
-10.509142875671387 -8.171751976013184
-9.720029830932617 -7.017784595489502
-9.018117904663086 -6.2981061935424805
13.524251937866211 -2.1578683853149414
-7.650765895843506 -6.647392749786377
-9.276762008666992 -7.524796009063721
-7.59565544128418 0.586542546749115
17.34072494506836 -9.694001197814941
-10.383472442626953 -5.925724506378174
-6.6581854820251465 1.4705015420913696
-17.21244239807129 5.281460762023926
-16.81658172607422 4.486879348754883
16.733524322509766 -7.4041829109191895
-15.943699836730957 4.953132152557373
-1.8756754398345947 23.772411346435547
-8.303377151489258 -5.780714511871338
-7.742889881134033 1.4200794696807861
-9.869866371154785 -8.845109939575195
-8.606488227844238 -7.098851680755615
-9.995720863342285 -6.042392253875732
16.089984893798828 -8.717361450195312
-9.250129699707031 -6.811213970184326
-9.08897590637207 -5.483193397521973
15.964750289916992 -7.167289733886719
10.300621032714844 4.582348346710205
15.874043464660645 -8.467886924743652
-9.373885154724121 -4.397436141967773
16.917009353637695 -8.042724609375
15.422935485839844 -8.298569679260254
12.695809364318848 -4.005527496337891
15.16032886505127 -5.207546710968018
-2.2307043075561523 23.02308464050293
2.671839952468872 1.2484585046768188
4.101884841918945 2.572705030441284
-10.56128978729248 -13.22882080078125
15.757010459899902 -6.380350112915039
9.032262802124023 3.039487600326538
14.051057815551758 -4.073094844818115
-10.826764106750488 -10.449808120727539
-3.0160984992980957 -0.254349946975708
7.749902725219727 3.7880380153656006
8.546280860900879 3.0233945846557617
18.241785049438477 -5.808647632598877
15.274458885192871 -6.849555015563965
16.212350845336914 -6.028318405151367
-2.502399206161499 22.53904151916504
18.1899471282959 -6.436277389526367
12.588104248046875 -3.315086841583252
-9.463866233825684 -13.493563652038574
16.673553466796875 -6.1621246337890625
-1.9825767278671265 1.203614354133606
-0.8983414173126221 -4.696133136749268
-4.920259475708008 7.771343231201172
4.930117130279541 2.1241278648376465
-1.214457631111145 2.9822120666503906
14.842203140258789 -6.745768070220947
4.996394634246826 2.421692371368408
-1.8523099422454834 22.07878875732422
4.964693546295166 2.3906822204589844
-2.24048113822937 21.838930130004883
-2.244096040725708 22.407827377319336
-0.7729580402374268 2.368295669555664
15.96545696258545 -5.68981409072876
15.04190731048584 -6.573686122894287
-2.454909563064575 21.954111099243164
-10.490467071533203 -12.041093826293945
-10.213653564453125 -11.575274467468262
12.780599594116211 -2.4394357204437256
-0.9319258332252502 -4.71193265914917
-5.472397804260254 3.2943222522735596
-6.577333927154541 3.337829351425171
-2.0660576820373535 21.534543991088867
-2.5642688274383545 21.20258140563965
