4.234465110449143338e-02	4.872317405293884879e-02
4.728940364755230275e-01	5.069063749591589119e-01
2.434025649671201288e-02	2.795306153940243024e-02
5.100162014549160933e-02	4.609203854317156512e-02
4.333215510403668619e-02	5.949009424244134508e-02
1.453144829950214940e-02	1.330853923705502088e-02
3.485520827917405057e-02	3.087860609683952193e-02
4.555192405794873667e-02	4.925469397539104094e-02
5.152774151460624147e-02	5.788643907013553414e-02
1.024502077956258583e-01	9.829918287649480613e-02
2.950685038978670752e-02	3.074181847409223484e-02
1.091749005847507115e-01	1.141736917572482024e-01
1.604121356834599943e-01	1.582694559749703023e-01
2.139343155754937220e-02	1.975972431766195164e-02
1.145915006413871923e-01	1.414626570534658068e-01
1.176638735665215367e-02	1.888718859290692761e-02
1.239210514374721253e-02	1.674167179245824102e-02
5.295919930493390299e-02	5.032747372295295202e-02
1.069671577877468610e-02	1.661802177697839847e-02
4.179935911555349159e-02	3.588633997819313387e-02
1.080577417656227446e-01	9.358086756297520625e-02
5.170776373074378179e-02	6.094917936823977117e-02
4.145500174275151134e-02	4.766955521984599098e-02
1.245663351482815262e+00	1.257752108501956290e+00
4.466401647638391231e-02	4.583152439033001679e-02
1.862681121737868595e-01	1.952111562732719574e-01
4.150671307687406331e-01	4.292672003059080366e-01
8.246604969472061397e-02	9.581802308679346347e-02
2.092517489268455946e-02	2.304496035969233469e-02
2.603564586168453932e-02	3.167613771120067478e-02
2.906289659900429881e-02	2.392726369067216946e-02
1.497540209028455985e-02	1.359795780488902602e-02
1.615256336000230608e-01	1.499014819411924326e-01
5.215171752152619744e-02	5.555632200759181433e-02
8.700866758087534569e-02	1.040487871083695115e-01
5.005986160702175641e-02	4.274213913700709855e-02
1.390573051240709054e-02	1.434661433010753738e-02
2.288275405212684965e-02	2.466979424958257866e-02
4.966197705563203668e-02	4.649101680433246481e-02
1.560111987737961697e-02	1.972130738513570500e-02
3.655059764414658047e-02	4.030441314401760761e-02
6.525297738887646248e-02	4.689892940597994997e-02
1.604507366816202915e-02	2.557108171988780806e-02
9.783081294577798959e-01	1.020519473423180612e+00
1.497540209028455985e-02	2.671801947971704644e-02
3.027085867928869939e-02	2.747459766610527501e-02
3.013256817688176811e-02	3.574261219208869217e-02
3.762026922202404977e-02	3.320926056061711956e-02
1.100372672080993652e-01	1.110569083954486835e-01
7.828870158136626289e-02	8.465040245766131122e-02
5.205212110354576899e-02	3.859020238910882555e-02
1.729650924235214340e-02	2.186148543233122979e-02
1.942701004169605339e+00	1.947926126735311181e+00
2.136912868346697164e-02	1.220329546592604890e-02
3.485520827917405057e-02	3.348351964048696533e-02
4.038533016487404204e-02	4.360295685244278130e-02
3.934550874027205325e-02	2.928847686145866908e-02
3.744770836682967396e-01	3.800513765941443411e-01
2.139343155754937220e-02	2.123613664561833925e-02
1.848037356947675180e-01	1.820654189082938079e-01
2.409281406873538256e-02	1.644652949972172026e-02
3.074594909026299172e-01	2.852497025274894349e-01
3.065868954599639679e-02	2.399132441227105200e-02
3.503697227548669552e-02	3.577894248233234875e-02
2.999829142181961728e-02	2.728565789804132322e-02
3.521873627179934740e-02	4.108442746897338765e-02
6.637858671170694391e-01	6.857805217295824818e-01
2.950685038978670752e-02	2.339774909873363826e-02
3.227191133263670325e-02	3.943224284250731321e-02
3.957784838146633649e-02	3.976673799261480624e-02
6.683558288179798357e-01	6.985036639620361143e-01
7.175397504994898146e-01	7.538650557548707276e-01
5.536247403533370304e-02	5.115591148495434587e-02
5.105447920016300545e-01	5.545038706819775953e-01
1.145324759645226509e+00	1.226787789007067975e+00
1.563231121242782296e+00	1.577639958988013236e+00
8.787053050818266486e-02	8.766548242607347108e-02
2.567211786905924595e-02	2.324638016506939617e-02
4.947009351518419362e-02	4.524106374928649199e-02
2.721726637931517701e+00	2.697072131652947125e+00
2.343317829532387889e-02	1.454908974933432318e-02
1.065249457771395430e-01	1.130442313505130580e-01
4.675988613823314072e-02	5.204345091008084900e-02
2.522816407827683377e-02	2.366406037294169207e-02
5.661390960952381729e-02	4.851359452759955448e-02
2.280746050822882176e-02	2.188046957165662443e-02
2.674178944693671178e-02	3.021989417987570176e-02
4.276256024101634384e-02	3.928753355859031238e-02
4.528973426347897291e-02	4.222838403713295719e-02
3.543232031810431004e-02	2.184232451786217652e-02
9.367145800296171332e-02	1.148391266463987814e-01
1.943585239810708201e-02	1.553732036824677365e-02
2.998786097691382921e-02	2.930895891227952577e-02
2.773103522665706575e-02	2.885434900970765965e-02
3.582528343907109142e-02	3.882037394003608893e-02
2.888113260269165039e-02	3.100502179182271223e-02
4.680335963213885092e-02	4.354906118131979254e-02
2.522816407827683377e-02	3.721383363907965897e-02
1.604507366816202915e-02	2.487375055040632124e-02
5.481717240663221968e-01	5.821916881941213706e-01
7.409218284818860911e-02	7.081970914268877204e-02
2.270704857361169615e-01	2.552207195063231904e-01
2.884453314322012532e-02	2.165029802072935758e-02
3.877210837823373557e-02	3.336801747201194324e-02
1.150419756218239165e-02	2.054505424960038559e-02
2.411201518994790516e-01	2.339607996480085883e-01
4.482147759861416364e-02	4.706306776530306407e-02
2.113124176307960844e-02	2.843851474689046074e-02
1.176638735665215367e-02	1.554524202941648912e-02
1.711474524603949499e-02	2.095043035580118965e-02
4.645296232199963571e-02	4.640555453732220226e-02
3.277886208192801881e-02	2.397246308010108837e-02
1.089456493471875620e-01	9.166081906324420603e-02
5.328438605791256666e-02	4.716213272371042736e-02
1.435187550974481030e-01	1.675839589635131355e-01
2.878153618471122194e-02	2.678689786366053940e-02
9.461035625434216501e-02	8.830852935491673161e-02
2.614881841488826408e-01	2.753193528359564879e-01
5.624863983672342277e-02	4.812013071547571741e-02
5.043202528247126698e-02	5.665364411755106910e-02
6.258624350583111284e-02	7.411714027105442693e-02
1.283605893452962297e-02	1.310458293623128004e-02
6.350420948899822282e-02	7.266329004011404247e-02
2.308882092252189863e-02	2.042712795902305867e-02
1.774046303313455558e-02	1.665048580054545938e-02
5.750007541091353702e-02	6.087066278131435249e-02
1.176638735665215367e-02	1.744300906567026674e-02
8.642869525485569193e-02	8.808131668889067345e-02
2.674178944693671178e-02	2.872285408753024599e-02
4.975018457130149507e-02	4.794590765801473586e-02
4.270643731694162559e-02	4.554452994459831650e-02
2.032375997967190290e-02	2.921792558980899554e-02
1.881013461101202489e-02	1.888718859290692761e-02
1.079773159674656258e-01	9.529218419456865485e-02
3.806422301280645848e-02	4.179768471170958871e-02
5.322138909940366674e-02	3.978090842724806009e-02
5.366534289018607545e-02	4.981712004548347061e-02
3.762026922202404977e-02	4.379143441466978176e-02
3.952160175935721664e-01	3.983159504186219446e-01
1.283605893452962297e-02	1.941840221704371761e-02
7.915743854310777761e-02	7.894998968726912869e-02
4.252467332062898064e-02	4.494090866994569777e-02
4.724731342292126657e-02	4.537503652169670720e-02
5.794402920169594573e-02	6.092112464923973847e-02
1.084344004407341161e-01	1.104165936859560632e-01
6.914256347550286341e-02	7.312357401703924176e-02
9.679143112382770919e-02	1.006803571338384939e-01
1.239210514374721253e-02	1.757006685978449931e-02
1.346177672162468010e-02	2.253403246282811509e-02
2.460244629118177664e-02	2.407197297458917376e-02
3.200972153816693949e-02	3.925506953502325147e-02
8.486758264494531634e-02	9.545727370970205627e-02
2.674178944693671178e-02	2.872455072115124783e-02
2.298766520288255677e+00	2.272625521754834566e+00
1.774046303313455558e-02	2.020676059262373550e-02
2.402421574533721363e-02	1.987393833022242304e-02
4.189895553353392005e-02	3.205101854604494593e-02
1.284654111038019686e-01	1.410420437453978049e-01
6.498777645605581521e-02	5.790078232225997351e-02
6.391810487817835285e-02	5.963400623927893329e-02
2.906289659900429881e-02	3.337426624547547988e-02
3.057652196766417682e-02	4.450334689506822705e-02
2.781146102481418109e-02	2.486750177694278460e-02
5.562292204962836217e-02	5.619497390340271598e-02
7.711769180533326051e-02	7.053991534580407452e-02
2.127285412064305048e-01	1.985541697239252279e-01
1.718779920059957667e-01	1.917346809471636992e-01
2.674284584728288117e-01	2.886731401535586605e-01
2.094947776676696002e-02	2.182122255474988615e-02
1.066262839752950831e-01	1.026865887929735988e-01
1.459704346862840119e-01	1.277326801173404025e-01
7.550447001869295405e-02	7.583930842593401833e-02
1.685255545156973470e-02	1.923017314742028749e-02
1.336898697011264792e-01	1.028654349881638480e-01
2.515755902837824021e-01	2.212820534015325358e-01
6.177876172242341424e-02	6.041728538766473477e-02
6.440954591021125220e-02	5.619497390340271598e-02
1.489448904255289974e-01	1.158387885247197935e-01
4.383223181889380621e-02	5.041861702019060504e-02
1.229250872576678234e-02	1.275591735149053489e-02
7.803544954017356539e-02	7.454630666575441655e-02
2.666136364877959991e-02	3.124200985944966535e-02
1.711474524603949499e-02	2.124855743807326294e-02
3.691412563677187036e-02	3.876169466636550376e-02
1.059745215339425173e-01	9.740288588602538655e-02
5.526113583717816996e-02	4.731112202888043683e-02
8.196385443946462013e-02	7.547733973209526381e-02
1.037232853748180222e-01	1.057730997112435317e-01
1.711474524603949499e-02	1.499262014385200313e-02
7.435263086248326825e-02	8.991141518356814133e-02
5.090028194733607625e-02	4.921541343512429723e-02
3.868994079990151214e-02	3.526254127203098943e-02
3.120223975475923395e-02	2.384153590115982782e-02
3.199055091834362985e-02	2.723817734171447152e-02
3.120223975475923395e-02	3.228119009697221625e-02
2.572998257330906188e-02	1.774837565374086726e-02
3.138400375107188583e-02	3.545277986967827755e-02
2.201914934464442933e-02	2.179500730464635841e-02
1.693599238807772314e-02	1.295987365231427574e-02
7.417086686617062330e-02	7.628748390516285061e-02
2.540992807458948219e-02	2.150305224136567564e-02
1.025276198799227566e-02	1.397965515643298344e-02
1.604507366816202915e-02	1.550147375110649296e-02
5.202781822946336843e-02	5.534782016301299096e-02
7.748121979795856429e-02	7.015523032643185275e-02
1.808482040593653584e-02	1.505186716075874141e-02
3.625956177711486816e-02	2.356455047845360667e-02
1.023170098110481596e-01	9.552591115656033915e-02
2.327058491883454358e-02	2.243309145722111042e-02
2.312064097251421285e-02	1.714386066920320709e-02
6.102914464326552463e-02	4.579425337808712415e-02
1.364354071793732852e-02	1.232178949973952546e-02
7.033613434544315479e-02	6.793635184136434524e-02
6.974026671162357471e-02	4.387943317712672542e-02
2.726791081605134046e-02	1.708461365229646881e-02
2.032375997967190290e-02	2.930195674570033881e-02
4.716688762476414776e-02	4.966093368933234553e-02
2.843717881190924168e-02	2.087231157291343300e-02
3.607779778080222322e-02	2.655783145720330349e-02
2.107300029860602331e-02	1.638728248281498198e-02
3.334158291051417256e-02	3.567446201619967755e-02
5.737617611885070801e-02	5.960241625726343112e-02
5.786360340353883386e-02	6.105064458290575952e-02
1.898952821890513176e+00	1.904304720386412964e+00
1.497540209028455985e-02	1.397340638296944680e-02
5.315571066773967790e-02	5.003691966864664414e-02
1.239210514374721253e-02	1.297365575729001776e-02
2.264486713173948645e-02	1.802510490839629928e-02
3.921606216901614428e-02	3.751117386808337784e-02
3.456052880228301788e-02	2.132784768609213844e-02
8.689765392998118065e-02	9.488370384968503046e-02
1.346177672162468010e-02	2.368304451226708324e-02
2.032375997967190290e-02	3.074181847409223484e-02
1.283605893452962297e-02	1.301287189575747912e-02
4.980749988261564121e-01	4.993986620509648366e-01
1.774046303313455558e-02	2.542637243597080376e-02
2.371453870961695576e-02	2.770333810591361912e-02
4.487721125284830498e-02	5.038558525338739102e-02
4.492620627085367607e-02	3.902824483886811052e-02
1.902021522875185430e-02	1.220329546592604890e-02
6.767241160074870254e-02	5.844474198592740366e-02
9.013551473617553711e-02	1.011674832290326981e-01
1.546684312231746787e-02	1.185462988118530549e-02
3.699455143492898918e-02	3.154347324275395131e-02
3.604840238889058662e-02	4.207685823651626661e-02
3.430840880782515812e-01	3.605949677212137439e-01
1.346177672162468010e-02	1.365720482179576430e-02
3.378553670129658126e-02	3.357965365741814173e-02
6.062866434638882612e-02	6.593821154273971086e-02
1.342940867683034001e-01	1.194800806477276101e-01
2.736750723403177238e-02	2.801174081307301889e-02
1.604507366816202915e-02	1.519657644467574571e-02
5.843107972616030932e-02	5.280002909646907411e-02
4.119281194828174758e-02	6.850704196952958625e-02
8.557372623019747493e-03	1.679519508446246367e-02
7.524228022422319029e-02	5.240321303277428039e-02
1.774046303313455558e-02	2.234138041674731123e-02
2.094947776676696002e-02	1.449924527519425715e-02
8.654554317026962040e-02	6.938391396217423457e-02
3.352334690682681750e-02	3.411054803092235244e-02
3.164619354554164266e-02	2.896602652682144993e-02
1.069671577877468610e-02	1.706864344522027177e-02
2.781146102481418109e-02	3.090200649660597779e-02
1.240032190158043418e-01	1.333046459576013865e-01
7.649197401823820686e-02	6.038912429176345603e-02
3.370511090313946939e-02	2.309795860313553634e-02
9.600999399467750883e-02	1.162937830391544275e-01
8.502504376717555379e-02	8.576494767152567644e-02
3.477478248101693870e-02	4.095512904391682141e-02
1.792222702944720400e-02	1.246649878365652976e-02
4.242507690264855219e-02	4.689100774481023276e-02
4.234290932431632876e-02	3.836003083818155523e-02
1.827564717810830908e-01	1.891862961128204235e-01
2.736750723403177238e-02	3.319795630587418778e-02
5.856974698879100633e-02	6.064772246109408071e-02
2.321234345436096191e-02	1.386116112261950688e-02
2.567211786905924595e-02	3.325720332278092606e-02
1.176638735665215367e-02	1.449924527519425715e-02
4.803049233224657155e-02	4.026636163473609059e-02
1.380613409442666209e-02	1.420982670736025029e-02
1.604507366816202915e-02	1.365720482179576430e-02
2.674178944693671178e-02	2.024938690830284382e-02
2.973089652296937585e-02	2.292646632587885813e-02
4.617764184504379726e-02	3.671779023329736769e-02
6.882425075695838834e-02	8.435001147824754131e-02
5.740047899293310857e-02	5.712247662381147312e-02
2.246310313542683804e-02	1.550147375110649296e-02
6.819679118968823006e-02	6.857890010599639041e-02
7.435263086248326825e-02	6.599105579752317929e-02
1.685960686501161432e-01	1.542776182623696313e-01
3.755459079036006093e-02	3.528994981431864825e-02
4.805479520632897211e-02	6.139931016764650640e-02
1.729650924235214340e-02	2.688028179184051916e-02
1.453035863829247876e-01	1.440385799532684918e-01
4.106717087604381394e-02	3.539296510953538616e-02
1.604507366816202915e-02	2.331539478820094519e-02
2.353277471330430734e-02	1.992526368595944411e-02
3.592487985705151987e-02	3.906459311844117516e-02
2.168588360886515076e+00	2.135811340521039270e+00
8.664513958825005580e-02	7.621876514653565249e-02
5.152599973443113685e-02	5.287756970230961945e-02
1.711474524603949499e-02	2.204065759417036738e-02
1.293416652414533796e-01	1.451330917701874612e-01
8.367401177500501108e-02	7.478039173533018724e-02
4.403829868928885866e-02	4.693919228356129014e-02
2.593604944370411086e-02	2.791542390462618123e-02
7.738598997210278940e-02	8.304540252301774450e-02
2.962771168461552501e-02	2.121158564834287746e-02
3.933854125164173293e-02	3.770744248894858375e-02
1.685255545156973470e-02	1.574351730001284644e-02
1.380613409442666209e-02	1.383494587251597914e-02
2.032375997967190290e-02	3.457713990624042277e-02
1.400938608028270693e-01	1.485839367392557120e-01
5.750007541091353702e-02	4.121583364379238085e-02
3.626923722985350013e-02	3.326892133210027080e-02
2.353277471330430734e-02	2.297946456932205977e-02
3.699455143492898918e-02	3.583682278991944664e-02
2.032375997967190290e-02	2.515524745707060916e-02
4.250789917545554353e-01	4.656803599545653594e-01
2.353277471330430734e-02	2.417641938092483095e-02
2.392461932735678518e-02	2.542637243597080376e-02
5.001237436577125883e-02	5.450835650115905262e-02
2.799322502112682950e-02	3.637179318568116437e-02
7.588716863114157440e-02	7.995893513892497750e-02
2.191955292666400087e-02	2.321588489371286326e-02
7.438094748391045619e-02	6.535880666383554749e-02
1.711474524603949499e-02	3.318149031287947331e-02
1.810044631177996521e+00	1.805000232378961567e+00
3.955354550738393593e-02	3.261287039674264088e-02
2.745994204356346780e-01	2.827117912006569811e-01
3.548092606626911116e-02	3.143914964357372166e-02
2.589616400224191081e-02	1.115729871170381693e-02
2.157519555386201715e-02	2.793550851119595835e-02
3.957784838146633649e-02	4.232250852604027558e-02
2.674178944693671178e-02	2.126916841242154979e-02
1.283605893452962297e-02	1.839381372424917990e-02
2.415963033835093032e+00	2.360655427938495698e+00
2.603564586168453932e-02	3.341946563490439531e-02
4.769126721370367528e-02	4.196998770807830459e-02
2.460244629118177664e-02	3.557551314893143274e-02
2.113124176307960844e-02	2.333437892752633983e-02
2.006157018520213914e-02	1.790043885559143566e-02
4.197866085134906444e-01	4.329467080008815860e-01
2.197015432663905823e-02	2.481450353349958296e-02
1.390573051240709054e-02	1.936813031643689134e-02
8.317520441832365607e-02	7.662876439046571730e-02
1.816011394983456373e-02	2.975506873677673941e-02
1.280796748620492420e-01	1.429199612356527593e-01
2.155118091606799402e-01	2.503501770481976751e-01
4.020356616856139709e-02	5.442584448417187720e-02
4.460577501191033412e-02	4.151006591631852677e-02
6.658356940304790972e-02	8.047971854987039098e-02
3.120223975475923395e-02	3.437746362666968536e-02
2.888113260269165039e-02	3.298607834388073146e-02
3.743850522571139788e-02	4.729087180055123463e-02
4.202247806537298680e-02	3.744400519000692235e-02
1.453144829950214940e-02	1.540053274549948656e-02
1.515716608659720653e-02	1.734781697002694967e-02
2.674178944693671178e-02	3.030769062234122541e-02
9.397024725690300562e-02	9.707278313051527496e-02
1.515716608659720653e-02	1.713593900803348988e-02
4.315039110772403430e-02	4.262323134861721596e-02
2.397147387634089022e-01	2.763472626386753728e-01
8.408101326153602506e-02	8.768022060394287109e-02
2.494680366398375690e-02	1.784119183868469738e-02
2.457814341709937608e-02	2.897227530028498657e-02
2.861894280822188663e-02	2.126422794292150489e-02
9.627044200897216797e-03	1.373474542763631311e-02
1.450389910627294388e-01	1.610951111829976579e-01
2.807666195763482142e-02	3.019311118653602438e-02
4.983061036945861388e-02	6.838242604698933913e-02
5.661216782934871961e-02	6.933819288219245092e-02
2.674178944693671178e-02	1.986601666905270583e-02
4.680335963213885092e-02	4.139330917201052007e-02
6.605918981410839608e-02	5.668948425853276296e-02
1.480057784436661583e+00	1.520898565679968506e+00
1.933625598012665009e-02	1.135557398230017251e-02
1.005700407204804664e-01	8.631234125831957482e-02
3.753984342386693096e-02	3.669424352031838005e-02
1.426925850503238564e-02	2.013714164795290390e-02
4.243646580495952225e-02	2.654990979603358628e-02
2.201914934464442933e-02	2.647236919019303747e-02
1.423659580357280685e+00	1.495891981681347849e+00
2.647959965246695149e-02	2.166859160966316811e-02
3.699455143492898918e-02	2.852059442032750872e-02
4.384197585376692352e-01	4.749042973432022752e-01
1.283605893452962297e-02	2.574257399714448974e-02
4.866134237360070919e-02	4.445034865162501847e-02
1.636283772963064709e-01	1.555350705891307972e-01
3.842775100543175532e-02	4.044577557316248601e-02
1.667079145525708628e-02	1.441378300818399114e-02
9.503991883478046798e-02	1.000967023358258629e-01
1.638659113719139471e-01	1.749126385874911205e-01
2.246310313542683804e-02	2.794457213499656340e-02
4.054792354136337734e-02	3.541807521516888296e-02
1.390573051240709054e-02	2.872736557148831624e-02
2.502897124231597686e-02	1.411811566688645110e-02
2.157519555386201715e-02	1.851230775806265647e-02
1.453144829950214940e-02	2.283475528540505894e-02
1.262999206413457400e-02	1.400587040653650944e-02
3.056422869364420689e-02	3.275262973677944139e-02
5.545570673765959357e-02	3.998486472807179920e-02
9.268632200029161550e-02	8.576404292818526343e-02
5.810149032392619706e-02	6.224135062104499405e-02
4.377610889481909490e-02	5.323889917531003657e-02
1.828004677354553520e+00	1.847437251981355333e+00
1.987980618888949072e-02	2.664386146744971914e-02
2.557252145107881403e-02	2.705120632586105120e-02
1.125902072882946525e+00	1.128860516327487629e+00
5.138325882546695977e-01	5.934622227785812942e-01
6.987475171501253413e-02	8.426048386264854695e-02
5.855140616128473585e-01	6.115321421047571482e-01
5.804536739985147881e-02	5.235797958354834747e-02
2.094947776676696002e-02	2.564411084177028663e-02
1.023801919486787559e+00	1.081284092465636615e+00
4.165959836524210091e-01	4.432069437364697384e-01
6.914292323736497270e-01	7.238580273910307783e-01
2.667097673739916019e-01	2.721122408536837955e-01
2.603478880576145515e-01	2.719176801397527043e-01
1.160055295920666418e-01	1.212228568986627869e-01
4.270643731694162559e-02	3.493262200768085246e-02
1.682221433262766075e-01	1.598673158248425374e-01
2.727125636589379787e-01	2.725919963608325336e-01
7.101336136276339417e-01	7.369037585958868597e-01
7.782128136834980392e-01	7.834296767380636295e-01
2.460244629118177664e-02	2.916373405418165587e-02
5.152599973443113685e-02	6.382032191489543649e-02
5.794402920169594573e-02	6.681512946813879250e-02
6.539879168993160963e-02	6.285011528483339105e-02
1.943585239810708201e-02	2.290025107577533039e-02
1.967373931849444521e-02	1.429528897437051457e-02
2.631933687277782319e+00	2.632501278244993248e+00
2.629783565615430307e-02	3.438291343404973471e-02
4.385653469297620677e-02	5.011164542415012801e-02
2.032375997967190290e-02	2.514176085681263037e-02
7.435263086248326825e-02	6.304411053417674493e-02
1.025276198799227566e-02	1.635481845924791761e-02
2.131529715326097307e-01	2.137755488965592809e-01
1.176638735665215367e-02	1.608369348034772300e-02
1.774046303313455558e-02	1.993318534712916132e-02
7.033613434544315479e-02	8.469440855490609210e-02
8.651239636503620101e-02	9.271829288970057092e-02
2.757029051398053543e+00	2.734624746339901602e+00
6.115304393532835364e-02	4.768600286372470798e-02
2.201914934464442933e-02	3.668075692006040472e-02
1.775272337742793693e-01	2.002487375702656502e-01
3.673236164045922542e-02	4.324426233648534512e-02
9.877505493752750110e-02	1.143028295975575676e-01
6.355631866572815369e-02	6.932185209493042788e-02
2.850017577041814507e-02	2.432112866484183525e-02
4.234290932431632876e-02	4.327104532982502250e-02
5.873234036528034163e-02	5.449028202225744688e-02
3.441125448839164186e-02	3.251192939113563274e-02
1.732920209566752023e-01	1.716358981861674793e-01
2.692355344324936020e-02	1.857155477496939475e-02
2.246310313542683804e-02	2.007789463104616562e-02
2.564691896423881623e+00	2.578633760662385921e+00
4.242183584489940262e-01	4.491236622424672476e-01
3.485520827917405057e-02	3.940019257351665832e-02
8.669158705958614208e-02	7.712115776131091283e-02
3.717631543124163412e-02	3.734706585076253554e-02
1.283605893452962297e-02	1.268874867341408114e-02
5.168346085666138123e-02	4.541880480000670683e-02
1.176638735665215367e-02	1.844681196769238501e-02
1.093691366690176525e-01	1.098620030481810561e-01
8.680085893030520250e-02	6.517852911766865154e-02
1.517342542424613971e-01	1.618885917203047309e-01
2.353277471330430734e-02	1.634208309338605961e-02
1.774046303313455558e-02	1.883185617400846834e-02
3.164619354554164266e-02	3.866507445782482733e-02
2.629783565615430307e-02	3.847926543272237043e-02
2.906289659900429881e-02	3.470941604502963962e-02
7.033613434544315479e-02	6.692671691867667361e-02
3.352334690682681750e-02	2.716970035967452776e-02
7.604802022745579815e-02	7.042991071639646827e-02
1.264064937462041349e-01	1.430805016091651893e-01
9.727791871553585767e-02	1.108717084890400162e-01
2.409071613241125023e-02	1.639982356391922122e-02
3.506528889691388345e-02	2.989977802069374371e-02
1.933013046229327125e-01	1.903977662744656407e-01
9.047302165885030556e-01	9.118330280785589270e-01
1.176638735665215367e-02	1.693990436837946797e-02
9.191307167948027657e-02	1.099527508200294351e-01
4.403829868928885866e-02	5.242514826162480296e-02
5.838798299247836138e-02	6.755622891593027202e-02
5.618714918324976826e-02	5.456263210691916082e-02
1.774046303313455558e-02	1.211783319891578461e-02
2.415849250039936447e-02	2.455521481377737764e-02
2.851934639024145818e-02	2.221015101707197667e-02
8.531327821590282967e-02	9.572463915861348371e-02
7.354514907907556964e-02	7.464011286346006191e-02
1.161276871039543662e-01	1.176984926584500879e-01
2.434025649671201288e-02	2.751309866876429366e-02
2.435337533185511494e-01	2.422660627595375760e-01
5.836542189857105850e-02	5.868384787734125946e-02
2.201914934464442933e-02	1.941359522836788934e-02
1.390573051240709054e-02	1.774948079821089472e-02
2.371453870961695576e-02	1.777626379155057210e-02
3.943918111883563948e-02	3.698533497585856922e-02
2.674178944693671178e-02	2.879453424956477173e-02
2.353277471330430734e-02	2.073002641109873354e-02
2.771186460683375263e-02	3.074181847409223484e-02
3.271586512341911196e-02	3.378809769628512982e-02
5.152599973443113685e-02	6.221812303876973066e-02
2.992197595260761567e-01	3.162153431587296226e-01
1.322162342660221090e-01	1.236252934640082318e-01
8.100757551046064986e-01	8.208203638343504194e-01
8.327353147812831258e-02	8.840490251000018840e-02
9.049904272880082701e-02	1.006868437262368188e-01
2.139343155754937220e-02	2.616539759415256045e-02
1.925408840179443359e-02	2.184800554808956352e-02
3.551228491612422600e-01	3.522512134411924789e-01
2.271820111775103845e-01	2.152986101941083696e-01
2.674178944693671178e-02	2.052175231143022610e-02
4.994669593410727693e-02	4.012957401198880003e-02
4.046876710138203048e-02	2.982048777267486822e-02
4.224331290633590030e-02	3.303776828336044136e-02
3.296062607824066376e-02	4.376093914331324886e-02
1.881013461101202489e-02	1.519657644467574571e-02
4.135540532477108289e-02	3.428204030817903064e-02
3.441125448839164186e-02	3.378642480857894925e-02
1.126003596517774763e-01	9.447402481581843037e-02
6.107261813717124177e-02	6.550118177229730110e-02
8.888709030033629943e-02	8.653569629254714846e-02
7.104401971087043188e-02	6.956017413129748916e-02
2.950685038978670752e-02	3.902433024085983498e-02
2.264486713173948645e-02	2.045085288629205564e-02
2.389630270592960418e-02	1.203237093190552033e-02
3.089657646638375652e-02	3.036068886578442705e-02
2.423367297943727350e-01	2.436130618905157641e-01
8.977198674355024721e-02	9.179189531376184819e-02
5.598645004225365901e-02	4.591609426667273008e-02
2.246310313542683804e-02	1.722140127504375590e-02
2.494680366398375690e-02	2.425991289572456550e-02
4.823655920264161706e-02	5.357918089304411491e-02
3.164619354554164266e-02	3.149839666048045994e-02
7.693592780902061556e-02	9.107887768889337543e-02
4.395787289113173985e-02	3.812361051379075522e-02
1.828755916636667089e-01	1.742508819165604073e-01
2.192722117459332543e-01	2.236582754363476422e-01
2.018671374262115126e-01	2.039027625406292232e-01
2.215743984705136060e-02	1.845109198894539018e-02
5.705612162013112831e-02	5.509597890573728063e-02
3.138400375107188583e-02	2.641368991652244883e-02
4.524626076957325577e-02	3.449167763923015328e-02
2.835675301375212634e-02	2.188046957165662443e-02
9.086257072142613078e-02	9.892354932589310368e-02
1.818441682391696429e-02	2.697952616382652546e-02
2.623215722449031770e-02	2.667632549101678005e-02
2.094482466762448425e-01	2.269174899133878098e-01
1.296959342779936686e-01	1.316248421937646906e-01
1.604507366816202915e-02	2.405000368594163718e-02
1.987980618888949072e-02	1.805893024448417677e-02
3.699455143492898918e-02	4.814986395883848191e-02
2.103059596485561844e+00	2.043740792533521589e+00
3.188408046592900585e-02	1.938056346156467533e-02
1.176638735665215367e-02	1.429528897437051457e-02
2.585388186537189090e-02	2.707798931920072510e-02
2.029945710558950234e-02	1.594747360083658555e-02
3.164619354554164266e-02	4.060697867357035418e-02
1.301782293084226966e-02	1.761582727643325880e-02
1.818441682391696429e-02	1.892745147048827473e-02
3.655059764414658047e-02	4.492335564173922935e-02
4.448225248007126736e-02	5.289472132861254561e-02
3.057652196766417682e-02	3.091163786364273247e-02
1.925408840179443359e-02	1.667768254846154624e-02
7.826778918136785557e-02	7.782359358290551199e-02
8.932803295276782463e-02	9.603643765152100609e-02
1.459444525801105279e-02	1.351249553787876173e-02
1.029524030508818383e-01	9.678859286145184704e-02
2.315181788103080202e-02	1.778194482177795910e-02
1.375855045554078560e-01	1.143041155947525922e-01
7.077404819888832854e-02	7.274294427223128301e-02
1.069671577877468610e-02	1.538636231086623445e-02
2.332670784290925836e-02	1.540053274549948656e-02
2.139343155754937220e-02	2.205196184891330263e-02
9.349335490921396874e-02	9.985730081976539052e-02
1.711474524603949499e-02	1.574919833024022997e-02
2.999494596028033477e+00	2.998824972142156042e+00
1.288028944421697464e-01	1.493788053332200105e-01
9.806716957210022401e-02	9.647353722056152547e-02
4.333215510403668619e-02	3.480844694363999237e-02
4.452973972132176494e-02	4.382018616021998714e-02
1.844961775673760462e-02	1.359795780488902602e-02
2.415849250039936447e-02	2.602068831023555961e-02
4.270643731694162559e-02	4.524844800922232790e-02
1.967373931849444521e-02	1.220329546592604890e-02
1.306851800577140121e-01	1.248906138437374802e-01
3.013256817688176811e-02	3.001202328104368364e-02
4.993194856761414002e-02	4.817623319760174633e-02
8.956591987315519476e-02	8.643892977079395412e-02
4.161759511924084665e-02	3.791908646973086300e-02
1.283605893452962297e-02	1.695823309647005728e-02
9.752361936333739378e-02	1.067793175008455303e-01
3.334158291051417256e-02	2.757761296132200945e-02
6.169833592426629543e-02	7.731889563067338711e-02
4.563409163628095316e-02	3.716932480004232070e-02
6.418029467264811487e-03	1.618724077999951494e-02
9.619001621081504916e-02	8.025122636280788979e-02
4.445794960598886680e-02	4.063673098562228803e-02
1.818441682391696429e-02	1.865076826851612760e-02
1.204885409937964530e-01	1.219554747374244907e-01
1.515716608659720653e-02	1.400587040653650944e-02
2.486764722400241351e-02	2.530787840215732720e-02
2.888113260269165039e-02	3.709758023620850914e-02
2.062904650782361807e-02	1.813452500452697805e-02
3.822168413503670287e-02	4.735365587940638249e-02
4.424953953719433231e-01	4.680766147866814997e-01
2.139343155754937220e-02	1.784119183868469738e-02
3.289226139033282065e-02	3.341321686144085867e-02
5.310436384177502633e-02	6.010953917109990163e-02
3.396730069760923315e-02	2.853814744853397714e-02
2.371453870961695576e-02	2.476207303329252749e-02
9.627044200897216797e-03	1.376945008214570595e-02
7.487701045142279924e-03	1.500234997248505765e-02
2.496597428380707001e-02	3.930295449147521575e-02
9.227485789193047572e-02	8.754417354192292611e-02
4.159329224515844609e-02	3.762966790189685440e-02
4.146701134281394197e-02	4.507013921526595995e-02
1.296086340774724455e-01	1.404258996188280928e-01
1.127803818679150305e-01	1.108037039067903545e-01
2.799322502112682950e-02	3.424493455790898061e-02
6.642097602655858135e-02	8.758968534603925327e-02
2.585388186537189090e-02	2.579557224058769138e-02
9.556604020389510012e-02	7.901601148563132393e-02
1.943585239810708201e-02	2.034109794877664301e-02
7.356063285727559853e-01	7.376726154590276252e-01
1.496508916219075613e-01	1.943560896265194848e-01
6.293270047064181139e-01	6.281526424515415652e-01
1.641842240904584360e-01	1.902039215358450053e-01
1.818441682391696429e-02	2.748590192084821027e-02
2.922548997549363065e-02	4.701742343979342653e-02
1.987980618888949072e-02	2.405792534711135439e-02
1.132243356586974323e-02	1.816364217332191305e-02
4.017926329447899653e-02	4.755306004038759027e-02
9.365420650552820636e-02	8.501518600183713414e-02
5.830755719432124257e-02	6.978188889846954901e-02
2.674178944693671178e-02	2.867660795898744480e-02
1.497540209028455985e-02	2.080200879386732982e-02
5.528030645700148654e-02	4.739912079133738049e-02
3.626923722985350013e-02	2.952489718584947256e-02
1.497540209028455985e-02	1.917092613051354921e-02
7.929376797911560915e-02	7.027993415682848299e-02
2.695149617430604438e-01	2.513376707042486724e-01
5.102380447917514300e-02	3.463638692314716105e-02
3.604840238889058662e-02	3.309701530026717964e-02
2.175695955017466557e-02	2.638690692318277492e-02
5.322138909940366674e-02	6.818695915057146339e-02
1.054552741992620807e-01	1.032346925984925640e-01
3.636883364783392858e-02	4.201136244614599169e-02
3.209014733632405830e-02	3.335396984453412039e-02
1.943585239810708201e-02	1.742084609190942823e-02
1.881013461101202489e-02	1.990697009702563358e-02
2.766964384067205907e-01	3.057729839319194842e-01
1.282836471074893236e-01	1.335721842240039925e-01
4.252467332062898064e-02	3.514524053040164742e-02
3.608627827079207706e-01	3.504999013733816060e-01
2.710531743956200862e-02	2.484753530030279350e-02
2.178773534150771074e-01	2.053390610625806245e-01
2.264486713173948645e-02	1.868380003531933814e-02
2.371453870961695576e-02	2.432504326285011079e-02
2.967118554645114398e-02	3.686797642851739193e-02
4.956842057498885012e-02	4.716016397149989936e-02
2.094947776676696002e-02	2.240062743365404951e-02
3.699455143492898918e-02	3.459600111848151749e-02
8.604160355932918836e-02	7.215829190593850417e-02
1.638943104096400941e-02	2.243309145722111042e-02
4.484578047269656420e-02	3.829286216010509974e-02
1.497540209028455985e-02	1.943981047847141361e-02
1.863036572933197021e+00	1.871644350004867841e+00
1.069671577877468610e-02	2.181330089358016894e-02
1.054552741992620807e-01	1.135639772568670103e-01
6.307768453786402607e-02	4.931337324906163305e-02
7.792517358874097300e-02	9.512983481409084674e-02
2.567211786905924595e-02	3.120897809264645481e-02
2.018509271704120589e-02	2.063051651661065161e-02
2.156531578964657192e-01	2.403381108278239975e-01
5.215171752152619744e-02	6.441205428159932356e-02
5.366534289018607545e-02	5.419469143543204775e-02
7.948339647716945455e-02	7.437209596096629183e-02
7.935837315924373914e-02	8.971353483871674639e-02
1.643573284885029850e-01	1.674765848537805857e-01
2.692355344324936020e-02	2.861792868531685616e-02
1.115559670660230818e-01	1.287529386984750390e-01
1.537645996352772770e-01	1.639166265666125166e-01
1.176638735665215367e-02	1.789419008212789902e-02
2.332415059024905091e+00	2.377486335919416494e+00
3.459301848470428681e-02	3.161689069429393650e-02
8.557372623019747493e-03	1.449924527519425715e-02
1.792222702944720400e-02	2.570786934263509516e-02
1.441839090835901060e-01	1.463958142508923199e-01
9.770364157947493411e-02	1.094557061281722365e-01
1.774046303313455558e-02	1.502565191065521541e-02
9.218665037626101733e-02	8.532248728232125212e-02
1.925408840179443359e-02	2.218536687808737168e-02
3.931496387278591964e+00	3.926896774433028536e+00
3.497949341932932721e-01	3.156486942734516576e-01
2.540992807458948219e-02	4.177368298862541712e-02
4.573368805426138162e-02	4.689892940597994997e-02
8.949062632925716687e-02	7.310866302167864927e-02
3.085962416213235832e-02	3.474919992673325408e-02
1.394434872968697281e-01	1.346768035255447582e-01
1.390573051240709054e-02	1.481544683636793966e-02
5.150384501910504342e-01	5.399109524500441681e-01
4.278860489527384209e-02	5.230709916389204156e-02
3.655059764414658047e-02	3.778985592441060082e-02
3.697024856084658861e-02	3.905736200766304206e-02
9.627044200897216797e-03	1.413359440548319149e-02
2.157519555386201715e-02	3.693233673241536758e-02
2.880070680453453505e-02	2.999205680440369254e-02
2.282372289969597234e-01	2.388919328060188640e-01
7.114361612885086728e-02	8.848746285831904368e-02
1.925408840179443359e-02	1.324929222014828260e-02
1.033351016633304587e-01	1.029098288154218221e-01
2.396955681435855856e-01	2.365847144808088109e-01
2.510584375740569363e-01	2.512880310686061436e-01
1.408749450871973896e-02	2.165029802072935758e-02
4.938665657867619824e-02	4.982504158672432237e-02
9.128561211221011829e-02	7.803452410688342666e-02
2.264486713173948645e-02	2.856436269863750488e-02
2.198280585400852194e-01	2.235155369434318195e-01
6.550787105972384339e-01	6.338236135256362092e-01
1.774046303313455558e-02	1.394662338962977116e-02
2.264486713173948645e-02	2.917096432545775164e-02
1.465497083134121442e-02	1.609786391498097338e-02
1.711474524603949499e-02	2.291854466470914092e-02
8.825836137489036226e-02	1.037735913840817786e-01
1.390573051240709054e-02	1.568995131333349169e-02
3.852256801393297292e-02	2.303303055600141452e-02
6.926646276756569243e-02	7.150158903728308368e-02
1.987980618888949072e-02	1.545977976240622484e-02
2.044345118381359072e-01	2.004405340438397687e-01
1.253262348013159722e+00	1.259050120290376329e+00
1.925408840179443359e-02	2.706525395333886710e-02
1.667079145525708628e-02	1.351249553787876173e-02
2.282663112805213487e-02	2.040034496568338129e-02
2.113124176307960844e-02	2.606502433178170541e-02
3.470329443613687920e-02	2.690649704194404690e-02
2.310752644215101070e-01	2.065838501007264405e-01
7.114361612885086728e-02	1.044904482916327315e-01
3.289762911973176385e-02	4.851841218994416838e-02
3.332417180508743249e-01	3.415796850288897457e-01
2.345234891514719200e-02	1.621635794879444994e-02
6.571483244130640888e-02	7.563755785675356502e-02
2.220091334095707775e-02	3.077485024089544538e-02
5.590602424409654714e-02	5.303701716409602723e-02
4.868051299342402577e-02	5.125611192983400843e-02
9.808808197209865215e-03	1.761102028775742706e-02
3.939782616532878923e-02	2.876888674269739363e-02
6.672873393988904001e-02	8.101811219508979478e-02
2.647959965246695149e-02	1.964376677929515619e-02
2.609176878575925410e-02	3.684062569194156839e-02
6.107261813717124177e-02	4.582046862819065536e-02
5.045632815655366754e-02	5.748950643558617402e-02
3.981558562796793099e-01	4.021125061651110721e-01
1.933625598012665009e-02	1.133503976242403177e-02
2.246310313542683804e-02	3.422055266032995868e-02
2.175695955017466557e-02	2.333536042533889895e-02
3.112410295892644729e-01	3.313352368487199051e-01
3.441125448839164186e-02	3.235448474135677044e-02
3.438695161430924130e-02	3.481412797386737590e-02
4.759167079572324682e-02	5.714925961715115049e-02
1.711474524603949499e-02	1.863803290265426960e-02
3.723243835531635237e-02	2.301192859288912068e-02
3.352334690682681750e-02	3.433904669414343525e-02
2.389630270592960418e-02	1.728288892289282438e-02
1.079426284189577423e+00	1.151549201376241394e+00
2.781146102481418109e-02	3.082784848433865049e-02
1.390573051240709054e-02	2.129909594054193306e-02
2.415849250039936447e-02	2.417017060746129778e-02
3.279803270175133539e-02	2.870907198255450571e-02
6.765324098092538596e-02	7.648420909520846356e-02
2.466841884601263246e-01	2.458846724968800912e-01
4.646968179278903460e-02	3.295230601635017881e-02
1.774046303313455558e-02	1.351249553787876173e-02
2.353277471330430734e-02	2.536712541906406548e-02
3.199055091834362985e-02	2.812398607342295881e-02
1.176865277466950660e-01	1.114111500726619186e-01
4.466401647638391231e-02	4.740635190211551359e-02
3.931565858699657273e-02	3.678762744849835981e-02
9.770538335965003873e-02	9.823678209028494090e-02
7.988449452835837128e-02	1.082436191723860075e-01
1.604507366816202915e-02	2.017740452553424754e-02
1.554310491055617971e-01	1.644074752537057760e-01
7.043747254359869481e-02	6.294493056399001751e-02
3.057652196766417682e-02	2.938018790193246826e-02
2.094947776676696002e-02	1.754552449738715561e-02
3.271586512341911196e-02	4.881999838040388534e-02
4.072968753767602229e-02	3.324172458418418047e-02
8.275808964246585131e-02	6.461089069934437823e-02
1.395321775365758812e-02	1.679519508446246367e-02
1.069671577877468610e-02	1.507865015409841879e-02
4.208071952984656500e-02	3.339034846610946378e-02
7.770807949113256452e-02	6.020746864303496565e-02
2.692355344324936020e-02	2.245987445056078780e-02
2.629783565615430307e-02	3.188732512280254699e-02
9.174605504966076852e-02	8.481691073124077163e-02
1.825555371649471292e-01	2.005215963607342999e-01
1.899645541921073932e-01	1.968176583169211902e-01
1.532478796111212960e-01	1.468349469739426427e-01
1.173485075985943871e-01	1.095086742694708903e-01
1.505756966861677808e-02	1.805776069821486349e-02
2.187236430468382675e+00	2.190546010341682504e+00
1.836618082022961271e-02	2.129538366252507753e-02
6.729145476847518681e-02	6.212853761745890102e-02
9.324493305182751657e-02	1.006185699036903358e-01
1.301782293084226966e-02	1.356549378132196511e-02
1.438673381452207078e-01	1.517603357792859931e-01
2.629783565615430307e-02	2.288269804756886197e-02
8.710826399885578109e-02	8.026653228391343597e-02
4.244424752247186183e-02	4.407145967425954436e-02
2.032375997967190290e-02	2.828922957721610384e-02
1.116128556522322235e-01	1.301322135647058065e-01
2.032375997967190290e-02	1.702964665664273569e-02
2.046205048207883417e-02	1.568995131333349169e-02
8.878448274400499440e-02	9.715417896957705135e-02
3.561921656867603897e-02	2.266326300814837727e-02
1.925408840179443359e-02	2.062259485544093440e-02
2.478421028749442506e-02	3.097880654171918796e-02
1.278066322391415710e-01	1.358848900142569927e-01
1.777559507776189651e-01	1.939976543967632805e-01
5.580468604594101406e-02	4.772255346328919262e-02
4.722145541950508174e-01	4.779471206952868312e-01
2.389630270592960418e-02	1.835004544593918374e-02
6.133480793164099859e-02	8.797205262021039196e-02
5.616821403856630396e-02	4.393868019403346370e-02
7.354514907907556964e-02	9.185114233066858647e-02
3.334158291051417256e-02	3.671621280896592010e-02
2.888113260269165039e-02	3.255987215329943230e-02
2.650650934672649783e-01	2.697121304285598486e-01
1.818441682391696429e-02	2.982354571881668318e-02
3.885253417639084744e-02	3.555596798238620099e-02
1.667079145525708628e-02	2.414436911193417953e-02
2.629783565615430307e-02	2.344037541441274658e-02
4.630334678991341324e-01	4.814054577403384938e-01
7.639237760025778534e-02	6.901385054981684641e-02
3.057652196766417682e-02	2.644031892120238605e-02
1.623145740709187157e+00	1.634980102060306528e+00
7.417086686617062330e-02	7.279635627025089761e-02
1.947813453497710193e-02	2.356455047845360667e-02
4.020356616856139709e-02	3.924206864665931438e-02
4.011836096092506743e-02	3.363035346420718136e-02
2.564765439357286625e-01	2.865532086168975923e-01
2.585388186537189090e-02	2.487375055040632124e-02
1.377773906713650465e-01	1.161377138535021752e-01
1.191405201399767799e-01	1.190429573327722729e-01
5.911503897772894811e-02	4.905073767456730183e-02
2.340887542124147833e-02	2.438094342498472317e-02
1.069671577877468610e-02	1.449132361402453995e-02
1.604507366816202915e-02	2.382775379618408754e-02
4.706729120678371930e-02	3.568295142060554093e-02
5.326887634065416433e-02	4.583353391835387480e-02
1.925408840179443359e-02	1.659123878363872109e-02
2.496597428380707001e-02	2.821001608366937446e-02
4.555192405794873667e-02	3.661961622641120295e-02
2.428201503223843122e-02	1.505186716075874141e-02
1.729650924235214340e-02	2.469657724292225603e-02
6.401944307633387898e-02	5.829321618531072002e-02
2.815581839761616134e-02	1.750289818170804729e-02
2.861894280822188663e-02	3.036693763924796369e-02
4.680335963213885092e-02	5.625422092030945426e-02
6.629533495432064771e-02	5.343811324904382265e-02
1.881013461101202489e-02	1.361343654348576813e-02
4.234290932431632876e-02	3.980810517516414349e-02
7.265724149751073835e-02	6.821218534734407868e-02
6.916860812976036166e-02	8.095719229047687593e-02
4.578072145397280579e-01	4.643642956342255990e-01
2.246310313542683804e-02	2.983260934261728822e-02
3.529916206995645928e-02	3.524825582561838533e-02
1.729650924235214340e-02	2.302678178253787789e-02
7.524053844404809954e-02	6.014723437173025850e-02
7.643373255376462172e-02	7.707595837188198351e-02
1.365962587756875124e-01	1.322671386077850231e-01
1.987980618888949072e-02	2.225633190431345471e-02
1.774046303313455558e-02	2.841340464125696394e-02
2.642135818799336636e-02	2.068351476005385325e-02
2.032375997967190290e-02	2.504895510567985498e-02
1.552893681290709038e-01	1.545483208518153018e-01
3.859034438192108368e-02	2.857984143723424700e-02
9.512034463293758679e-02	8.304798123342410632e-02
3.592487985705151987e-02	4.464324247429308362e-02
2.371453870961695576e-02	2.548561945287754205e-02
1.359321997489458256e-01	1.480166626648164174e-01
3.673236164045922542e-02	2.721139434837479415e-02
3.519956565197603082e-02	2.528166315205380293e-02
2.460244629118177664e-02	3.524670082798426335e-02
1.358692027904369326e-01	1.372471515321635749e-01
8.549330043204037000e-02	8.808742190750551426e-02
4.341258090219379806e-02	4.879733854136476812e-02
7.738960922500233153e-01	7.687019179284692028e-01
2.995080418056911969e-02	2.874066196457001135e-02
5.366534289018607545e-02	4.542497681899809736e-02
3.120223975475923395e-02	3.525605467963266459e-02
9.227485789193047572e-02	9.129714306211567099e-02
3.006688974521778274e-02	2.034109794877664301e-02
6.016553993578310083e-02	5.506976365563375636e-02
4.231041964189505983e-02	3.882037394003608893e-02
6.561349424315088275e-02	4.718891571705010474e-02
8.700866758087534569e-02	8.264226332996452151e-02
2.327058491883454358e-02	1.693990436837946797e-02
4.662159563582620597e-02	3.805587409247814662e-02
8.502504376717555379e-02	9.562329675110292637e-02
9.639269260712611531e-02	9.353847654772476372e-02
1.881013461101202489e-02	2.237384444031437214e-02
4.617764184504379726e-02	4.184043791212545965e-02
1.216023207446675219e-01	1.066484308578598689e-01
5.170776373074378179e-02	4.230801128525608912e-02
1.711474524603949499e-02	2.129909594054193306e-02
3.905346879252680897e-02	2.214367288938710529e-02
2.220091334095707775e-02	2.760439595466168683e-02
6.296451886494953964e-02	5.161956810135716334e-02
5.758224298924575352e-02	4.881999838040388534e-02
1.075124497766847959e-01	9.138954093518630861e-02
3.514114467450130119e-01	3.887878370956635576e-01
7.647280339841489027e-02	8.682692302784449090e-02
1.176638735665215367e-02	1.622116493747028168e-02
5.433334281415114903e-02	4.085312043157381806e-02
3.075225367958163147e-01	3.180604470327826339e-01
9.627044200897216797e-03	2.182803907144957242e-02
4.976493193779462504e-02	4.829359174494292362e-02
3.584445405889440800e-02	2.565711173013422372e-02
4.145500174275151134e-02	4.977428409415231292e-02
3.352334690682681750e-02	2.147255697000914273e-02
1.483260466728681393e-01	1.373018670369921534e-01
7.675416381270797062e-02	1.018690603599701899e-01
3.725848300957385062e-02	3.620310928260296601e-02
2.942642459162959218e-02	1.415057969045351201e-02
3.673236164045922542e-02	3.032598421127503593e-02
6.131050505755859803e-02	5.136441332953316924e-02
6.133480793164099859e-02	7.586385078833136897e-02
2.749102976587083566e-02	2.347908821144334413e-02
1.667079145525708628e-02	2.557108171988780806e-02
1.604507366816202915e-02	1.736835118990309040e-02
1.422133037337550421e-01	1.313774821983736407e-01
8.561218215359581718e-01	8.816156177453591258e-01
7.239505170304098847e-02	5.949172107746423382e-02
3.320291564788347555e-02	3.774816193571033096e-02
9.143443755161614894e-02	8.960863570092429675e-02
1.711474524603949499e-02	1.749252625394395050e-02
1.221901184246863892e+00	1.266353780834727605e+00
3.975961237777898144e-02	3.680816166837450748e-02
3.271586512341911196e-02	4.226484433026381216e-02
3.220325230448334519e+00	3.229997812502340970e+00
1.080577417656227446e-01	1.089098599834941034e-01
4.038533016487404204e-02	3.840257092500836550e-02
7.846455073650972223e-02	6.493615588431866925e-02
4.930623078051908637e-02	3.849681846092883886e-02
2.178622925723040504e-01	2.231795701462498116e-01
3.655059764414658047e-02	4.320320397075752550e-02
9.574606242003264045e-02	9.761790466500479269e-02
6.125438213348388672e-02	6.472072251126080589e-02
2.119423872158851183e-02	2.526936876462019047e-02
5.796494160169436693e-02	6.812648010445791769e-02
2.460244629118177664e-02	1.290062663540753746e-02
2.527371037889409866e-01	2.501614459563548665e-01
4.319787834897453188e-02	2.975506873677673941e-02
2.674178944693671178e-02	3.424252194897749874e-02
2.157519555386201715e-02	1.599341750864531619e-02
1.852877419671894454e-02	2.571579100380481236e-02
1.341947258254628239e-01	1.488717694877378928e-01
5.303962510309101486e-02	4.018882102889553831e-02
2.843717881190924168e-02	3.309701530026717964e-02
2.415849250039936447e-02	2.692027914691978718e-02
4.769126721370367528e-02	3.906135827722683612e-02
6.535130444868111899e-02	6.697739178026226869e-02
4.740240540769364852e-01	5.248653636851781101e-01
1.611398730748965502e-01	1.695581687767980517e-01
1.266204074577048921e-01	1.256073433868362121e-01
1.471321229581479609e-02	1.662427055044193511e-02
1.091274133435002069e-01	9.468878682710275829e-02
3.485520827917405057e-02	2.691622687057710142e-02
1.453144829950214940e-02	1.410538030102459310e-02
1.499410102396835642e-01	1.684430511424719057e-01
2.201914934464442933e-02	3.632046782994414330e-02
5.114504290215762805e-02	5.870835989773633135e-02
1.218603827335216355e-02	1.708461365229646881e-02
1.281001413310015602e-01	1.515690571585411595e-01
4.644284277786443066e-02	4.265569537218427687e-02
1.301782293084226966e-02	1.580219657368343508e-02
2.781146102481418109e-02	3.297839845929827207e-02
2.780961033738689747e-01	2.408333715778481210e-01
2.585388186537189090e-02	3.450715637782689887e-02
1.547458179203080597e-01	1.560203985908861501e-01
2.032375997967190290e-02	2.451568242289890384e-02
3.529916206995645928e-02	5.019567658004146782e-02
1.915449198381400514e-02	1.637029719784465973e-02
1.078848474555545445e-01	1.143401285532254785e-01
1.925408840179443359e-02	1.682569035581899658e-02
1.497540209028455985e-02	1.791873244452524619e-02
2.757108307179109707e-01	2.721185738172089974e-01
4.581712499076937700e-02	3.387980873675893595e-02
1.390573051240709054e-02	1.771477614370150361e-02
9.584740061818818047e-02	1.021413208253426769e-01
3.780203321833669472e-02	3.600483401200661043e-02
1.836618082022961271e-02	2.844643640806017795e-02
4.716688762476414776e-02	4.896527540755703928e-02
4.244424752247186183e-02	4.754383007525438132e-02
4.823655920264161706e-02	5.044082520713268764e-02
1.881013461101202489e-02	2.050128597129038943e-02
1.208133749019952435e-01	8.943051411592264910e-02
1.176638735665215367e-02	1.492545146577554938e-02
4.506449677326061082e-02	3.707704601633236841e-02
1.562525692545337352e-01	1.417108040220540766e-01
2.674178944693671178e-02	2.930338785681926156e-02
6.006079065946885037e-02	4.745211903478058213e-02
1.242540579887084107e+00	1.280595996849973384e+00
7.782383539058544686e-02	6.525235744549234829e-02
1.680908195766401755e-02	1.220329546592604890e-02
3.873742804115200972e-02	4.379397091011646287e-02
5.239647847634774924e-02	5.992543433513679990e-02
3.536356393201851578e-01	3.616343178979347650e-01
1.251533163918389091e-01	1.164295447904099418e-01
4.350613738283699156e-02	4.141978994461611996e-02
1.604507366816202915e-02	1.516411242110868307e-02
4.742907741923391152e-02	4.478072064743195829e-02
3.887170479621416402e-02	4.051127136353276093e-02
4.484578047269656420e-02	4.889129021278089404e-02
3.245367532894934820e-02	3.574163069427613304e-02
5.578038317185861350e-02	4.896470766432088617e-02
4.005165232552422572e-02	4.753758130179084468e-02
2.736750723403177238e-02	3.596121204690914258e-02
1.148392992255128503e-01	1.073480705380199934e-01
2.094947776676696002e-02	2.195801017749717324e-02
2.415849250039936447e-02	2.814852843582030598e-02
6.856031918231351996e-02	6.126888633014210966e-02
4.564820377179134026e-01	4.521285729628933270e-01
4.082928395565645074e-02	4.537360541057778446e-02
9.655889316841408110e-02	9.127173745176442310e-02
1.025837424360675626e-01	1.009500470439672892e-01
4.894270278789378953e-02	4.375525811308586532e-02
4.189895553353392005e-02	4.735011881745797291e-02
1.925408840179443359e-02	2.042656021578690903e-02
1.029472707966227613e-01	1.041067446501442173e-01
1.818441682391696429e-02	1.112483468813675429e-02
7.579337906690291060e-01	7.948471288565898130e-01
2.167734433839350605e-01	2.432592675479604838e-01
1.146814613430588298e-01	9.569187927054208231e-02
2.201914934464442933e-02	2.452508496566557436e-02
5.243481971599437547e-02	5.654832390952158061e-02
1.310678786701626186e-01	1.433507718550607324e-01
1.622683766447467410e-02	1.802917793243223946e-02
2.157519555386201715e-02	1.665048580054545938e-02
1.390573051240709054e-02	1.863371510380950127e-02
1.283605893452962297e-02	1.844681196769238501e-02
8.228602747858305977e-02	8.620870041415484852e-02
6.035869283440672278e-02	4.501089219835922167e-02
3.414906469392187810e-02	3.388662525345861876e-02
9.342669704814016152e-02	8.784546410773601266e-02
3.994137637409163333e-02	5.540369094257623084e-02
3.691412563677187036e-02	2.583428503761828893e-02
2.246310313542683804e-02	3.823528803090454203e-02
3.391128027880633278e-01	3.276197591298062872e-01
1.001473521744763451e-01	1.192269926099949889e-01
3.735807942755428601e-02	2.949868193574594483e-02
2.032375997967190290e-02	2.249440412885946039e-02
4.762349084571555757e-02	4.345735014084599335e-02
8.638294979378029204e-02	9.309380586958027060e-02
2.361895603898130774e-02	1.772639964907701815e-02
4.234290932431632876e-02	2.272251002505511555e-02
1.859829153543637037e-01	2.190371543109057295e-01
2.638117387706850892e-01	2.951383079801286891e-01
2.415849250039936447e-02	1.961501503374495081e-02
1.415868870638034904e+00	1.432070917166934354e+00
3.495654647732958364e-02	4.307042449053144484e-02
3.106796299969708311e-02	5.245136351172832723e-02
2.888113260269165039e-02	2.862978173453563022e-02
1.132243356586974323e-02	1.464395455911125972e-02
2.585388186537189090e-02	3.677345701386511290e-02
2.375682084648697567e-02	1.763723553786095480e-02
4.573368805426138162e-02	5.471428155419332667e-02
2.013643759268301525e-01	2.462006599850337929e-01
2.405889608241893601e-02	4.065029961722237822e-02
1.774046303313455558e-02	1.652631073650459928e-02
5.408673558706118822e-02	4.857846476902184796e-02
3.164619354554164266e-02	3.744457293324307545e-02
3.824598700911910343e-02	4.259701609851369170e-02
5.063809215286631943e-02	5.399755165130799145e-02
1.818441682391696429e-02	1.422812029629406082e-02
2.647959965246695149e-02	3.673519694829131127e-02
8.301134168365854882e-02	8.674760459654287659e-02
3.057652196766417682e-02	2.654186125012710645e-02
3.164619354554164266e-02	3.748495861797985357e-02
7.390867707170085954e-02	8.999263148912241272e-02
9.954830525833884003e-02	1.092087570090648913e-01
1.792222702944720400e-02	2.297946456932205977e-02
3.592487985705151987e-02	3.134576571539374190e-02
1.701362624948407287e+00	1.754919735958398785e+00
9.469730324215358541e-02	9.100966962050624498e-02
6.188009992057894731e-02	9.485879690354498406e-02
3.592487985705151987e-02	2.748590192084821027e-02
3.138400375107188583e-02	3.007751907141395856e-02
2.460244629118177664e-02	2.617670184889549570e-02
1.078568071494867830e-01	9.895274576766630026e-02
1.110970021030049243e-01	1.083709664747748574e-01
2.264486713173948645e-02	2.772232224523901375e-02
1.188705431090460868e-01	1.265479117571947920e-01
5.661216782934871961e-02	5.207394618143738191e-02
3.485520827917405057e-02	4.077193818581655721e-02
1.716868667690842343e-01	1.653993597452789177e-01
1.349569923347896938e-01	1.162013827675065225e-01
7.552364063851627063e-02	9.655142442081535159e-02
2.567211786905924595e-02	1.530882170502568564e-02
1.453144829950214940e-02	2.012655144965864659e-02
9.627044200897216797e-03	1.984772308011889530e-02
2.861894280822188663e-02	3.917585604147651862e-02
1.497540209028455985e-02	1.262499017254927261e-02
1.515716608659720653e-02	1.980225816818790077e-02
7.234637446609544220e-01	7.889848629713538397e-01
1.390573051240709054e-02	1.768856089359797587e-02
1.622683766447467410e-02	2.069033127675353953e-02
2.032375997967190290e-02	2.511940083993033021e-02
2.478421028749442506e-02	1.845306074115591818e-02
4.252467332062898064e-02	4.643858630412540933e-02
3.097148074044121790e-02	2.228838217330410612e-02
1.239245349978223276e-01	1.456511318083980044e-01
2.704707597508842695e-02	2.173576028773962013e-02
3.378553670129658126e-02	4.349205479535538099e-02
2.669809750568719497e+00	2.657836414438857986e+00
2.209089405742692414e-01	2.103156504976437524e-01
1.274953359439049139e-01	1.338893181121565135e-01
1.881013461101202489e-02	1.143879561836810659e-02
8.424360663802535343e-02	1.038567606112366926e-01
2.995080418056911969e-02	3.620254153936681291e-02
1.943585239810708201e-02	2.277383538079213662e-02
4.359434489850644995e-02	3.868539448475213915e-02
3.179251091715730171e-01	3.321132525591782847e-01
3.814639059113867497e-02	3.814982576389427948e-02
6.890641833529059790e-02	8.733510395410794269e-02
3.957784838146633649e-02	4.419604849287681742e-02
2.440833374306007553e+00	2.480985411216075853e+00
9.107836562174337347e-01	9.466841369567502440e-01
2.162288015271410513e-01	2.165414666985601977e-01
3.982455649493653049e-01	4.164616874525964296e-01
4.200029373168945312e-02	3.112408356887234190e-02
1.899189860732466983e-02	1.252574580056326804e-02
5.465458866990642595e-02	6.257061747238189253e-02
4.975094077763734246e-01	5.255764611290254518e-01
4.555366583812384129e-02	4.817399256665941959e-02
7.784474779058385419e-02	9.815201481103418002e-02
1.390573051240709054e-02	2.381358336155083716e-02
2.050552397598455132e-02	1.885843684735672224e-02
1.319540444715523453e-01	1.659634414333213126e-01
4.644157341968865871e-02	4.897152418102056898e-02
4.163676573906415629e-02	4.366474036479620069e-02
3.975961237777898144e-02	4.143877408394151807e-02
3.120223975475923395e-02	3.242646712412537019e-02
8.985589610205756139e-02	8.268109113877447625e-02
5.544289983349082185e-02	5.507669518411279636e-02
9.492289357715183451e-02	1.117667471858817124e-01
3.887170479621416402e-02	5.344492976574350546e-02
4.328868161013096905e-02	4.231384630414321973e-02
1.390573051240709054e-02	1.232178949973952546e-02
3.868994079990151214e-02	5.077508145894563119e-02
4.680335963213885092e-02	4.265626311542042998e-02
2.117772660873554535e+00	2.084536982494101132e+00
3.655059764414658047e-02	3.710382900967204578e-02
1.662800937523076505e-01	1.854333979503009766e-01
2.535168661011590052e-02	1.205858618200904633e-02
3.250979825302406645e-02	2.067559309888413605e-02
6.501655041435618065e-02	5.239172408758274724e-02
5.741964961275642515e-02	6.561689669457479446e-02
2.995080418056911969e-02	3.712837137206938948e-02
1.622683766447467410e-02	3.326907532076001095e-02
4.528973426347897291e-02	3.609029627901687298e-02
5.920985598623016571e-02	6.207173439098795376e-02
4.163676573906415629e-02	5.426075496903847578e-02
2.848729046038639412e-01	3.105758229491696332e-01
6.204095151689317800e-02	8.872761345005611422e-02
7.489667567941877824e-01	8.075680342958246882e-01
1.818441682391696429e-02	1.505186716075874141e-02
1.836618082022961271e-02	2.140762892287501745e-02
2.781146102481418109e-02	2.574628627516134527e-02
1.069671577877468610e-02	1.351249553787876173e-02
1.271944281495647755e-01	1.395304823065667554e-01
3.512315360116369939e-02	4.152021957355245957e-02
1.740803321202596121e-01	1.777849505604872649e-01
8.458622223065223600e-02	7.717513750256667360e-02
1.729650924235214340e-02	1.964376677929515619e-02
2.888113260269165039e-02	3.937356356883672803e-02
4.234290932431632876e-02	3.149839666048045994e-02
4.837055541115042878e-01	4.858619673870938627e-01
4.458359067822680044e-02	3.881469290980870540e-02
3.013256817688176811e-02	5.086822361053835312e-02
2.201914934464442933e-02	3.005996604320748666e-02
4.779260541185920835e-02	3.626235629950970429e-02
6.622004141042261982e-02	6.610288730329670626e-02
3.209014733632405830e-02	4.351178345306058737e-02
1.095539382946344037e-01	1.046412269354346225e-01
4.455909935044653492e-01	4.567051389567569064e-01
8.880365336382831098e-02	1.009873588320235188e-01
6.999351875281628610e-02	6.560727168376777330e-02
1.132243356586974323e-02	1.525582346158248399e-02
1.432538142910710043e-02	1.246649878365652976e-02
1.978020977090906227e-02	1.673594806755572539e-02
1.254047493875762587e-01	1.270853741547950944e-01
1.177783424471631479e-01	1.323532264237432532e-01
4.335109024872014355e-02	4.866511493141742473e-02
9.433377524952829551e-02	8.543726903811786622e-02
1.789421792383547316e-01	1.782602349997046420e-01
2.629783565615430307e-02	3.960708197453612078e-02
9.203160324214416932e-02	7.606723934591895497e-02
3.009596871741023957e-02	3.835553530476222550e-02
1.703921538076283104e+00	1.717216916007535010e+00
9.366373489668340380e-01	9.217727414559070409e-01
