4.917188784398070223e-02	4.214951446345691077e-02	4.704466683523995246e-02
5.067163146599352741e-01	4.690272247736355093e-01	5.152780321666172725e-01
2.755700032645409109e-02	2.422808941608200345e-02	3.004283087594168677e-02
4.292356071122195582e-02	5.183133185367613804e-02	5.930801051003592450e-02
6.073608398437500139e-02	4.206772553755940697e-02	5.615987777709961076e-02
1.533399488583252722e-02	1.446448309996527237e-02	3.960841042654855010e-03
3.178611035011594949e-02	3.469458519954651821e-02	2.690393856593540842e-02
4.787440022926447297e-02	4.534200735722086067e-02	5.612482070922851507e-02
5.872166222388591067e-02	5.129028648458501538e-02	5.448092324393136177e-02
9.592475278661885540e-02	1.009133448066066863e-01	1.122141483851841481e-01
3.144383765871007486e-02	2.937087412070935044e-02	2.772588729858398507e-02
1.186825886414320796e-01	1.076070482280397228e-01	9.606975419180734110e-02
1.660829611145392959e-01	1.586081670359715534e-01	1.251062406812395444e-01
2.148223171175802151e-02	2.129484431534868147e-02	1.188252312796456503e-02
1.466449585894196717e-01	1.140634292098600538e-01	1.184664426531110426e-01
1.932543629170922414e-02	1.171216437344177463e-02	1.700183595929826916e-02
1.535400892251857601e-02	1.233499866843040457e-02	2.336753981454031681e-02
5.045062511339100386e-02	5.271514769523374250e-02	5.018355914524623429e-02
1.444663534835208783e-02	1.064742215767434073e-02	2.690393856593540842e-02
3.660319500377783031e-02	4.160673534082743458e-02	3.284520012991769267e-02
9.485111863605837079e-02	1.075597798220023632e-01	8.844910212925502502e-02
6.416451048778101796e-02	5.146947910525648956e-02	4.645141124725341714e-02
4.905870638856100335e-02	4.232870708412838495e-02	3.960841042654855010e-02
1.267970180074009301e+00	1.243740028316890456e+00	1.213700116021292574e+00
4.420814280845338645e-02	4.445819151566324928e-02	5.380787713187081683e-02
1.986409688943752139e-01	1.854097337766726361e-01	1.808622700827462459e-01
4.309196931506515393e-01	4.142191212298134140e-01	4.232467106410435220e-01
9.173239145074779666e-02	8.208602181594309988e-02	1.157250567844935879e-01
2.226116372904646257e-02	2.082874551529891732e-02	2.690393856593540842e-02
3.385170811177758143e-02	2.591566592683806902e-02	2.178462573460170082e-02
2.400589237154806058e-02	2.892896619993054474e-02	2.376504625592913006e-02
1.399012661855155229e-02	1.490639102074407807e-02	1.188252312796456503e-02
1.458701652853496289e-01	1.618460180572650342e-01	1.680379390716552623e-01
5.543264948993648078e-02	5.191138702603528832e-02	5.661024638584681579e-02
1.093787710965591076e-01	8.660770597912016699e-02	8.004199436732700734e-02
4.433928031804729164e-02	4.982917100053778359e-02	3.564756938389369162e-02
1.507637201828329609e-02	1.384164880497664417e-02	1.106057439531598838e-02
2.695641444728279559e-02	2.277730357262396088e-02	1.419946670532226500e-02
4.543396427726162368e-02	4.943312001850930920e-02	5.182745661054338759e-02
2.033964311675558884e-02	1.552922531573270627e-02	1.700183595929826916e-02
4.137524406479768657e-02	3.638216171030258378e-02	3.564756938389369162e-02
4.575399375472229135e-02	6.708175685548561917e-02	4.868856430053711271e-02
2.685250069387826871e-02	1.703587545227894587e-02	1.782378469194684581e-02
1.017018143773443573e+00	9.750454656539424558e-01	1.043306050981794186e+00
2.527946215521669621e-02	1.490639102074407807e-02	3.366714886256626932e-02
2.764716921231797839e-02	3.013136163468368295e-02	2.690393856593540842e-02
3.610840660351861270e-02	2.999370841569798038e-02	3.434019497462681425e-02
3.334812840919611221e-02	3.638216171030258378e-02	3.482562065124511497e-02
1.141017015556312075e-01	1.095301830274168775e-01	9.778529099055699447e-02
8.497691271137389202e-02	7.792792415472402090e-02	8.385070800781249667e-02
3.557935621395752479e-02	5.181224957772297135e-02	5.298592839922224018e-02
2.276593785767161426e-02	1.721680182648877011e-02	1.782378469194684581e-02
1.948323704197501449e+00	1.939875936727919248e+00	1.951368284225463823e+00
1.144646723336036065e-02	2.127065343607772302e-02	1.584336417061942004e-02
3.156188445718281083e-02	3.575932741531395731e-02	4.076688221522740269e-02
4.197558394265830939e-02	4.019922265259351368e-02	5.157885278974260607e-02
2.730900942367880252e-02	3.916419303179153460e-02	3.878646169389997345e-02
3.817955944516243094e-01	3.738161250376664801e-01	3.731805501665387825e-01
2.030980200577948633e-02	2.129484431534868147e-02	2.574546677725655583e-02
1.812741406466982785e-01	1.839521055763584378e-01	1.873223795209612297e-01
1.830159750188891515e-02	2.398178727579190067e-02	7.921682085309710020e-03
2.811491232764101178e-01	3.091377160882436970e-01	3.010933971405029275e-01
2.595550919162388503e-02	3.051740526237429335e-02	1.502141543797084339e-02
3.707250571761291913e-02	3.594025378952377808e-02	2.806241035461425753e-02
2.851331430837648895e-02	2.986005044752551574e-02	2.178462573460170082e-02
3.963592861770490194e-02	3.505643794796616669e-02	4.820313862391880505e-02
6.972952395039596629e-01	6.634792647969703916e-01	6.327491460527692180e-01
2.209022475309692715e-02	2.937087412070935044e-02	2.970630781991141084e-02
3.575530854204743425e-02	3.212319284723284818e-02	5.694676944187709172e-02
3.962560633271476618e-02	3.939546198339505950e-02	4.076688221522740269e-02
6.995294764865793713e-01	6.663405902557841820e-01	6.977184077671595430e-01
7.678030683359968744e-01	7.167053706085626530e-01	6.906179319109235770e-01
5.200301120769722230e-02	5.510734742687594528e-02	4.763722487858363525e-02
5.666599579907338757e-01	5.095995637128979405e-01	4.998524938310895394e-01
1.239501953854108773e+00	1.145713246912450911e+00	1.167370144299098467e+00
1.597087428912474794e+00	1.559663425759053368e+00	1.493551910264151461e+00
8.966679368908617165e-02	8.746559718786846294e-02	7.906791823250906848e-02
2.402589109694921315e-02	2.661855539418585270e-02	1.782378469194684581e-02
4.398618225657612013e-02	4.924212073400822953e-02	5.149093355451311166e-02
2.697113508842771790e+00	2.720647892827445791e+00	2.698673982620239276e+00
1.641843967846045096e-02	2.332519129857123230e-02	5.941261563982282515e-03
1.125738612008750916e-01	1.060340474095029517e-01	1.162104824611118886e-01
4.879363494546406360e-02	4.547966057620656671e-02	6.965124130249022993e-02
2.126920011794530482e-02	2.617664747340704701e-02	3.307389327457972705e-02
4.697329582424338706e-02	5.635301601685320516e-02	5.612482070922851507e-02
2.321296394418138898e-02	2.270235700358260583e-02	1.584336417061942004e-02
3.250500171556384987e-02	2.661855539418585270e-02	1.980420521327427505e-02
3.904294063556449507e-02	4.256549775142640102e-02	4.076688221522740269e-02
4.516238641301426049e-02	4.508102581065188269e-02	2.888435908726283419e-02
2.231869682988624551e-02	3.526903773599322778e-02	1.980420521327427505e-02
1.176518422747970666e-01	9.430453451364637085e-02	1.007036413465227376e-01
1.465242878741809633e-02	1.934628625802363791e-02	1.980420521327427505e-02
3.242123236349963439e-02	2.984966806918611451e-02	1.502141543797084339e-02
2.992470738355537327e-02	2.866798465336156676e-02	2.212114879063197675e-02
3.720309056273294473e-02	3.566018996700164034e-02	4.670814377920968347e-02
3.006809421270994695e-02	2.874803982572072050e-02	3.564756938389369162e-02
4.295271150198187032e-02	4.658767594719812055e-02	4.670814377920968347e-02
3.864124061864450399e-02	2.617664747340704701e-02	2.888435908726283419e-02
2.685250069387826871e-02	1.597113323651151023e-02	1.584336417061942004e-02
5.915357457023877608e-01	5.473331635998140987e-01	5.403929131371634220e-01
7.498270787230325307e-02	7.375074421755180298e-02	5.197958401271274981e-02
2.532871056769601670e-01	2.270888201835151721e-01	2.644606440407889503e-01
1.989345667194518039e-02	2.871160902735275106e-02	3.004283087594168677e-02
3.311721804674247482e-02	3.859343506773495885e-02	3.482562065124511497e-02
2.134123869263068740e-02	1.145118282687279491e-02	1.700183595929826916e-02
2.364299921449900532e-01	2.421384835572835958e-01	2.204706805092947752e-01
4.824923841960568338e-02	4.461492701060211508e-02	4.192535400390624833e-02
3.009102774687134191e-02	2.103386276877970348e-02	2.096267700195312417e-02
1.550994721392243668e-02	1.171216437344177463e-02	1.584336417061942004e-02
2.038635434725233689e-02	1.703587545227894587e-02	2.376504625592913006e-02
4.582603232940767046e-02	4.623889337120700577e-02	4.951051303318568936e-02
2.254102981054090238e-02	3.262780741795599793e-02	3.086477960859026343e-02
9.159660251862411506e-02	1.084435956635599746e-01	9.274646622794015249e-02
4.709786202200326455e-02	5.303883589174707147e-02	4.786661556788852911e-02
1.690009688747767524e-01	1.428573783458469415e-01	1.624009323120117199e-01
2.801078466829539163e-02	2.864890237740840354e-02	2.129920005798340010e-02
8.456054156708790737e-02	9.771136094897572844e-02	9.999510220118931758e-02
2.813700245790160537e-01	2.602831694753854896e-01	2.494139521462576670e-01
4.826269383095090765e-02	5.598942951489520314e-02	4.786661556788852911e-02
5.567100842793782506e-02	5.126436185177569993e-02	5.974913869585309761e-02
7.095088492110598888e-02	6.336256985290808497e-02	8.756294522966658056e-02
1.466206075219203889e-02	1.277690658920920853e-02	5.941261563982282515e-03
7.625370098545646014e-02	6.321156336232081063e-02	5.651376996721540341e-02
1.869366555403496541e-02	2.298242082610474704e-02	2.869996343340192393e-02
1.466206075219203889e-02	1.765870974726757581e-02	2.608198983328683176e-02
6.122243367932987679e-02	5.723509810487246302e-02	5.974913869585309761e-02
1.756945531302635949e-02	1.171216437344177463e-02	1.700183595929826916e-02
8.610892747884861531e-02	8.603040633663054659e-02	9.805017471313476340e-02
3.043675655983274497e-02	2.768329760995328834e-02	1.898225648062569840e-02
4.914673300693523511e-02	4.952092104793144600e-02	4.274730273655482499e-02
4.605094037653838235e-02	4.250963345833820572e-02	4.356925146920340164e-02
3.001487626941926057e-02	2.023010209958124930e-02	2.574546677725655583e-02
2.126920011794530482e-02	1.872345196303500797e-02	7.921682085309710020e-03
9.455660723764962305e-02	1.074797246496431991e-01	9.954516955784388499e-02
4.403880262229056125e-02	3.788881184684882164e-02	3.168672834123884008e-02
4.261043881057599569e-02	5.297612924180272742e-02	2.690393856593540842e-02
4.905423709741061483e-02	5.341803716258153312e-02	5.380787713187081683e-02
4.434329099975959504e-02	3.744690392607001594e-02	4.158883094787597934e-02
3.973489879468165564e-01	3.944594878388623105e-01	4.042667627334594616e-01
1.954739684358649393e-02	1.277690658920920853e-02	1.898225648062569840e-02
7.451774352187411077e-02	7.985739993609590470e-02	9.835120473589216428e-02
4.252534568856615460e-02	4.126396486836095279e-02	5.859066690717424503e-02
4.577281438611698755e-02	4.702958386797692625e-02	4.390577452523367757e-02
6.025995158274239510e-02	5.874174824141870088e-02	6.255150794982909657e-02
1.115381001697038632e-01	1.079347027428505384e-01	1.061239842006138356e-01
6.951363531456809797e-02	6.775919193496351967e-02	9.259433882577078334e-02
1.057395986096210105e-01	9.634538766242758956e-02	7.790944644383021589e-02
1.754799282878910863e-02	1.233499866843040457e-02	1.782378469194684581e-02
2.358368923175590062e-02	1.339974088419783847e-02	1.782378469194684581e-02
2.799733377742475576e-02	2.448907096265098490e-02	5.941261563982282515e-03
4.264300430951133147e-02	3.186221130066387019e-02	2.376504625592913006e-02
9.786901969793010414e-02	8.722880652057043993e-02	7.988986696515763819e-02
2.679928275058757886e-02	2.661855539418585270e-02	3.796451296125139679e-02
2.272000433399771868e+00	2.295277539119925603e+00	2.281811016627720345e+00
2.160184084457724210e-02	1.765870974726757581e-02	1.386294364929199253e-02
1.865350215806873407e-02	2.497824728946715020e-02	2.376504625592913006e-02
3.345964005963153465e-02	4.170587278913975154e-02	2.574546677725655583e-02
1.326256442872026931e-01	1.289381468167868916e-01	1.795871639251709062e-01
5.626748140434241485e-02	6.468829361524450206e-02	6.602692331586565433e-02
6.116656236327751989e-02	6.362355139947706295e-02	5.298592839922224018e-02
3.626837088791966951e-02	2.892896619993054474e-02	2.014072826930454752e-02
4.436102044691733054e-02	3.043561633647678608e-02	4.554967199053083088e-02
2.599701633511697710e-02	2.768329760995328834e-02	1.980420521327427505e-02
5.536130123546728621e-02	5.536659521990657667e-02	6.057108742850167427e-02
7.036360061132215793e-02	7.782705295287335734e-02	6.998776435852051281e-02
1.988902570275356274e-01	2.106834831325689328e-01	2.006664752960204967e-01
1.953269325629651276e-01	1.710859275267054558e-01	1.765971742357526630e-01
2.979814169239196064e-01	2.672608114790440137e-01	2.456841107777186783e-01
2.102120921517001625e-02	2.085293639456987577e-02	2.574546677725655583e-02
1.052432525413116576e-01	1.061349186113536291e-01	9.162348747253418191e-02
1.366312791083566236e-01	1.474272443035963553e-01	8.329752104622976938e-02
7.892686015604467864e-02	7.515652315224737035e-02	6.206608227321079585e-02
1.889458548402932203e-02	1.677489390570996441e-02	2.096267700195312417e-02
1.026046210472736919e-01	1.330737873522733483e-01	1.049655124119349831e-01
2.145845846298637671e-01	2.504162557663456301e-01	2.544655036926269376e-01
6.024722790499346253e-02	6.149406696794219862e-02	6.172955921718052685e-02
5.582471754208252757e-02	6.517746994206066735e-02	5.642585073198590900e-02
1.181635239802369258e-01	1.482585084420012245e-01	1.059718567984444804e-01
5.063348501829561393e-02	4.256549775142640102e-02	5.182745661054338759e-02
1.169445813613564922e-02	1.223586122011808761e-02	1.782378469194684581e-02
7.830649676308354401e-02	7.661109695786155749e-02	5.960023607526506589e-02
3.417173758923824911e-02	2.653850022182669549e-02	1.782378469194684581e-02
2.286856385910547573e-02	1.703587545227894587e-02	1.386294364929199253e-02
3.925145846258974031e-02	3.674401445872223226e-02	3.680604117257254421e-02
9.613933854875943152e-02	1.065509018993231194e-01	1.021599183763776536e-01
4.660708430345634340e-02	5.500647622502527478e-02	5.100550787789481094e-02
7.601512083584380242e-02	8.158614082453620464e-02	7.361208234514508841e-02
1.062446608820457328e-01	1.032452978846114949e-01	1.044768619537353449e-01
1.399012661855155229e-02	1.703587545227894587e-02	1.980420521327427505e-02
8.755830026912397868e-02	7.400999201058242050e-02	1.016744926997593529e-01
5.221014839429009846e-02	4.960097622029059627e-02	3.762798990522112086e-02
3.426045554858099529e-02	3.851164614183745505e-02	4.024596350533621997e-02
2.254102981054090238e-02	3.105845063146541254e-02	3.012111323220389297e-02
2.880748725447815003e-02	3.184312902471070350e-02	2.014072826930454752e-02
3.246767644853038037e-02	2.937087412070935044e-02	3.482562065124511497e-02
1.981247645270204846e-02	2.561141122504496589e-02	8.258205141339982486e-03
3.625198066781420286e-02	3.123937700567523679e-02	3.202325139726911601e-02
2.098933403645086848e-02	2.191767861033731141e-02	2.574546677725655583e-02
1.236639226977613755e-02	1.685794634020639990e-02	1.584336417061942004e-02
7.643975438692518498e-02	7.276432342060516756e-02	7.821047646658761676e-02
2.233011817348841757e-02	2.529283163184943908e-02	1.782378469194684581e-02
1.505412880433808741e-02	1.020551423689553677e-02	9.080153873988560873e-03
1.588067250149694659e-02	1.597113323651151023e-02	1.386294364929199253e-02
5.722680923041947171e-02	5.178805869845201637e-02	4.704466683523995246e-02
7.017572735427717034e-02	7.712416348552557366e-02	7.066081047058105080e-02
1.339023105959644307e-02	1.800148021973406454e-02	2.294309752328055341e-02
2.246899123585552327e-02	3.609246702238162047e-02	2.888435908726283419e-02
9.491283492575362801e-02	1.029102450691609938e-01	9.722822598048619369e-02
2.430884130868707707e-02	2.316334720031457128e-02	1.386294364929199253e-02
1.575793811669772698e-02	2.301409423992198042e-02	2.376504625592913006e-02
4.797831398266900332e-02	6.074790434537029327e-02	3.598409243992396755e-02
1.261438317255142612e-02	1.358066725840766271e-02	1.106057439531598838e-02
6.974158155808754533e-02	7.001200469408166982e-02	6.008566175188337355e-02
3.996286567198027023e-02	6.835414077829106427e-02	6.453192847115653275e-02
1.610984277287754590e-02	2.714225224086216567e-02	2.178462573460170082e-02
2.702845302196817817e-02	2.023010209958124930e-02	4.017362662724086736e-02
4.971221623435297804e-02	4.694952869561776904e-02	4.984703608921595835e-02
1.961943541827187304e-02	2.830613190494191481e-02	2.690393856593540842e-02
2.381285950313649646e-02	3.591154064817179276e-02	3.960841042654855010e-02
1.441406984941675032e-02	2.097588969815162088e-02	2.574546677725655583e-02
3.659356303900389296e-02	3.318793506300028034e-02	3.168672834123884008e-02
5.858449265132986000e-02	5.711176977728918414e-02	6.486845152718680174e-02
5.924951920815563905e-02	6.034926957981560924e-02	6.486845152718680174e-02
1.898485045768434576e+00	1.898415570251769546e+00	1.932536076136997849e+00
1.444663534835208783e-02	1.490639102074407807e-02	1.188252312796456503e-02
4.804966223713819096e-02	5.291075347572244542e-02	5.974913869585309761e-02
1.280709319158431642e-02	1.233499866843040457e-02	1.386294364929199253e-02
1.558198578860781579e-02	2.254051290532594135e-02	2.959246226719447481e-02
3.670710875718236066e-02	3.903534298851376455e-02	4.158883094787597934e-02
2.102120921517001625e-02	3.440126369259507294e-02	2.294309752328055341e-02
9.582774661002903260e-02	8.649720391187067092e-02	9.128696441650391291e-02
2.625260513492315775e-02	1.339974088419783847e-02	1.188252312796456503e-02
3.137179908402468881e-02	2.023010209958124930e-02	2.806241035461425753e-02
1.412660587089142016e-02	1.277690658920920853e-02	7.921682085309710020e-03
5.171126900827484052e-01	4.985320410603935048e-01	4.158100925173078277e-01
2.490873686764218456e-02	1.765870974726757581e-02	2.806241035461425753e-02
2.508468919573209402e-02	2.360525512109337351e-02	4.017362662724086042e-02
5.084131252510467464e-02	4.679988825925484458e-02	4.472772325788225423e-02
4.109537798330324676e-02	4.471917306223223421e-02	2.970630781991141084e-02
1.102252400249516262e-02	1.893256446732903553e-02	1.782378469194684581e-02
6.251218369976825617e-02	6.736055716940883564e-02	3.994493348257881910e-02
9.843584667287470780e-02	8.972014370052495968e-02	1.147952781404767697e-01
1.271829692595595647e-02	1.539556734756024337e-02	7.921682085309710020e-03
3.199462817714119472e-02	3.682406963108138948e-02	2.970630781991141084e-02
4.437825030872216692e-02	3.588228071889569548e-02	3.168672834123884008e-02
3.640467088156884023e-01	3.436325398458313640e-01	3.436003787176949431e-01
1.423811752132684086e-02	1.339974088419783847e-02	1.106057439531598838e-02
3.330250836293631445e-02	3.256510076801165388e-02	3.714256422860282014e-02
6.713608616353539116e-02	6.141401179558304141e-02	5.892718996320452096e-02
1.244404609050225735e-01	1.347399622247698880e-01	9.535171304430280215e-02
2.982010330993465838e-02	2.724138968917448264e-02	1.980420521327427505e-02
1.678177690651803250e-02	1.597113323651151023e-02	7.921682085309710020e-03
5.402503086521720510e-02	5.816181207765265537e-02	4.753009251185826012e-02
6.686798673157298700e-02	4.206772553755940697e-02	7.477055413382394100e-02
1.745371104015851910e-02	8.517937726139472934e-03	1.386294364929199253e-02
5.237462542472629684e-02	7.489554160567839236e-02	5.298592839922224018e-02
2.169314334881050632e-02	1.765870974726757581e-02	2.556107112339564905e-02
1.466206075219203889e-02	2.085293639456987577e-02	1.386294364929199253e-02
6.193656542250140090e-02	8.614671578238819460e-02	1.047683899743216407e-01
3.225225104469042758e-02	3.336886143721010806e-02	4.308382579258510092e-02
3.115637368018473949e-02	3.150035855224422171e-02	1.898225648062569840e-02
1.905802717996299758e-02	1.064742215767434073e-02	7.921682085309710020e-03
3.478216556234096923e-02	2.768329760995328834e-02	1.304099491664341588e-02
1.336793241879991045e-01	1.234317756102015495e-01	1.326969746180943210e-01
5.900843588219505803e-02	7.826896087365216303e-02	6.339569159916469410e-02
2.147771794497055353e-02	3.354978781141992883e-02	3.086477960859026343e-02
1.154463505526201472e-01	9.556755162603844389e-02	1.212493072237287306e-01
8.693198618174328984e-02	8.463322328898580105e-02	8.104833875383649078e-02
4.099853498126388579e-02	3.292695351643130236e-02	4.424229758126395351e-02
1.321427873150653361e-02	1.783963612147740005e-02	9.080153873988560873e-03
4.676820057976865952e-02	4.329431185158350015e-02	4.588619504656110681e-02
3.886698830747458561e-02	4.214778070991855724e-02	3.632061549595424349e-02
1.913084209512133094e-01	1.819142760585896190e-01	1.808945383344377766e-01
3.503015646511626474e-02	2.724138968917448264e-02	2.492351804460797918e-02
6.147921705100149736e-02	5.936458253640732735e-02	5.530287197657993842e-02
1.448610842410212943e-02	2.310537412968648868e-02	1.106057439531598838e-02
3.527814736789155331e-02	2.555381317841841707e-02	2.410156931195940253e-02
1.466206075219203889e-02	1.171216437344177463e-02	1.386294364929199253e-02
3.853732686523997364e-02	4.780915365790441851e-02	4.868856430053711271e-02
1.321427873150653361e-02	1.374251135666432720e-02	1.898225648062569840e-02
1.296628782873124504e-02	1.597113323651151023e-02	1.700183595929826916e-02
1.868606765700407332e-02	2.768329760995328834e-02	2.574546677725655583e-02
2.169314334881050632e-02	2.959388778323219019e-02	2.888435908726283419e-02
3.719021391795680753e-02	4.702958386797692625e-02	3.284520012991769267e-02
8.623729524991563533e-02	6.850708831107378549e-02	7.625670024326869356e-02
5.920866549197322665e-02	5.820070287232757822e-02	4.588619504656110681e-02
1.588067250149694659e-02	2.235958653111611710e-02	1.386294364929199253e-02
6.684724154457769019e-02	6.681777804677936639e-02	7.923645905085972829e-02
6.635245314431846564e-02	7.294524979481499527e-02	6.684887204851422404e-02
1.514065442099848391e-01	1.678191282415902874e-01	1.690120152064732151e-01
3.485420413702635528e-02	3.738152815998974088e-02	3.762798990522112086e-02
6.306500828594242825e-02	4.783334453717538043e-02	5.414440018790108583e-02
2.625260513492315775e-02	1.721680182648877011e-02	3.004283087594168677e-02
1.454267055616466353e-01	1.446339846023582953e-01	1.387886667251586881e-01
3.430752652136193070e-02	4.087792124067034238e-02	4.076688221522740269e-02
2.326191966322219487e-02	1.597113323651151023e-02	2.376504625592913006e-02
2.083562492230616597e-02	2.342432874688354927e-02	1.584336417061942004e-02
3.792398041541423376e-02	3.575932741531395731e-02	4.472772325788225423e-02
2.140331645843085884e+00	2.162814944204280554e+00	2.125152666228158349e+00
7.370102806557937702e-02	8.624585323070051157e-02	8.863349778311593874e-02
5.370500138775653742e-02	5.128855273104666185e-02	4.946551799774170227e-02
2.109324778985539536e-02	1.703587545227894587e-02	2.665533474513462689e-02
1.467333873842105174e-01	1.287456207011701825e-01	1.389014230455671017e-01
7.167155035409723818e-02	8.328841725069623114e-02	8.994409697396414660e-02
4.732277006913398337e-02	4.383535722067462281e-02	4.554967199053083088e-02
2.439302173229532592e-02	2.581652847852575206e-02	4.460934911455426838e-02
8.776884516444774520e-02	7.702937250679356418e-02	6.169199534824916509e-02
2.172773241632210833e-02	2.949117845104586716e-02	1.898225648062569840e-02
3.966536390672036061e-02	3.915725765140375125e-02	2.888435908726283419e-02
1.695082165779323788e-02	1.677489390570996441e-02	1.023862566266740999e-02
1.445423324538297992e-02	1.374251135666432720e-02	1.106057439531598838e-02
3.822692935255325025e-02	2.023010209958124930e-02	1.782378469194684581e-02
1.515500708822081211e-01	1.405130091900100298e-01	1.340210090364728768e-01
4.181150806788640206e-02	5.829984032063989519e-02	3.680604117257254421e-02
3.663626358778834108e-02	3.610209788778044604e-02	1.782378469194684581e-02
2.144515244603521428e-02	2.342432874688354927e-02	3.034386089869908071e-02
3.594309138960065375e-02	3.682406963108138948e-02	3.564756938389369162e-02
2.482706632818286116e-02	2.023010209958124930e-02	2.690393856593540842e-02
4.669692087610927134e-01	4.231201023916311699e-01	4.636511407579694266e-01
2.600461423214786919e-02	2.342432874688354927e-02	1.584336417061942004e-02
2.533268009850738259e-02	2.381436762538740107e-02	2.608198983328683176e-02
5.377395583219848896e-02	4.871716037873299182e-02	6.038669177464076748e-02
3.464979921276780533e-02	2.786422398416311258e-02	4.472772325788225423e-02
7.817667019112030380e-02	7.660220039238761769e-02	8.698960031781877156e-02
2.356486860036120790e-02	2.181854116202499444e-02	2.178462573460170082e-02
6.660753885904947824e-02	7.403817814066662728e-02	6.008566175188337355e-02
3.275394002231982876e-02	1.703587545227894587e-02	3.546317373003278484e-02
1.804294599743064387e+00	1.807307186580839664e+00	1.813344954081943960e+00
3.364681512208524128e-02	3.937127110412410452e-02	2.806241035461425753e-02
2.880602531841406355e-01	2.733339853184197366e-01	2.601500770023890685e-01
3.119584675593478282e-02	3.531741949453515161e-02	3.284520012991769267e-02
1.271829692595595647e-02	2.577682684094125681e-02	3.960841042654855010e-03
2.972741229089392867e-02	2.147577068955850571e-02	1.980420521327427505e-02
3.999474085069942147e-02	3.939546198339505950e-02	5.355927331107003531e-02
2.204573832520651325e-02	2.661855539418585270e-02	1.782378469194684581e-02
1.939747486639460325e-02	1.277690658920920853e-02	1.386294364929199253e-02
2.358881495122880256e+00	2.411655554573656879e+00	2.376480074610028748e+00
3.572343336332828301e-02	2.591566592683806902e-02	2.294309752328055341e-02
4.442425853250952378e-02	4.747149178875573194e-02	3.086477960859026343e-02
3.388358329049673268e-02	2.448907096265098490e-02	4.378417560032436123e-02
2.498077544232756367e-02	2.103386276877970348e-02	1.584336417061942004e-02
1.770170194293380767e-02	1.996912055301226785e-02	1.898225648062569840e-02
4.372701989036816839e-01	4.199815924449633586e-01	4.124999598094395425e-01
2.423680273400169796e-02	2.186890937582505398e-02	2.772588729858398507e-02
2.058214849652864956e-02	1.384164880497664417e-02	1.386294364929199253e-02
7.928686579433055770e-02	8.279190854542815836e-02	6.486845152718680174e-02
3.193981946426065199e-02	1.807642678877541959e-02	1.980420521327427505e-02
1.451651764207659012e-01	1.291770224563903446e-01	1.305177348000662596e-01
2.518023377164788079e-01	2.162062436937370324e-01	2.425734785624912848e-01
5.550588146991321248e-02	4.001829627838369291e-02	4.984703608921595835e-02
4.047349279444516917e-02	4.546496066080260579e-02	4.472772325788225423e-02
8.152950356859679781e-02	6.627673267768824372e-02	7.626554897853306259e-02
3.628836961332081862e-02	3.105845063146541254e-02	2.574546677725655583e-02
3.519647682843222991e-02	2.981278204148815614e-02	2.096267700195312417e-02
4.725439614112224296e-02	3.726597755186019517e-02	4.786661556788852911e-02
3.959304083377943040e-02	4.182882609272149665e-02	2.772588729858398507e-02
1.423811752132684086e-02	1.446448309996527237e-02	2.096267700195312417e-02
1.770170194293380767e-02	1.828154404225620575e-02	9.902102606637137525e-03
3.024404654079985641e-02	2.661855539418585270e-02	3.086477960859026343e-02
9.933733925542335974e-02	9.460194685858332175e-02	8.534570285252161825e-02
1.659619261365417875e-02	1.508731739495390231e-02	1.980420521327427505e-02
4.242688858545519415e-02	4.295154137911701142e-02	4.390577452523367757e-02
2.788169844799450181e-01	2.386100625479093129e-01	2.671788242885044795e-01
8.826880702914083332e-02	8.369354315434000824e-02	8.568222590855190113e-02
1.872554073275411665e-02	2.483184143511747363e-02	1.386294364929199253e-02
2.946819865375483946e-02	2.446488008338002298e-02	2.690393856593540842e-02
1.958876283161501558e-02	2.848705827915173905e-02	2.927330834524972253e-02
1.500433344359791525e-02	9.582679941906906834e-03	7.921682085309710020e-03
1.686409537580764173e-01	1.443706086154357693e-01	1.272260618209838934e-01
2.992877683143732245e-02	2.794727641865954459e-02	3.168672834123884008e-02
6.721244777014495630e-02	4.960097622029059627e-02	7.443403107779367200e-02
6.989438730642336117e-02	5.528654004754741946e-02	6.931471824645996094e-02
2.033964311675558884e-02	2.768329760995328834e-02	1.584336417061942004e-02
4.329913063515945792e-02	4.658767594719812055e-02	3.284520012991769267e-02
5.639342824253467529e-02	6.575476958455028775e-02	5.855839865548270046e-02
1.501644225660085041e+00	1.479293554792389553e+00	1.612615370750427157e+00
1.271138934914125239e-02	1.924714880971132094e-02	5.119312831333704995e-03
8.802150644658172929e-02	1.001065843116303172e-01	7.906791823250906848e-02
3.995323370720633288e-02	3.736684875371086567e-02	2.178462573460170082e-02
2.017332275343962020e-02	1.420350155339629265e-02	2.014072826930454752e-02
2.931448953961013695e-02	4.224090605470624815e-02	1.386294364929199253e-02
2.448479363677698653e-02	2.191767861033731141e-02	3.598409243992396755e-02
1.501234362978454140e+00	1.416862146462529948e+00	1.484197790963309060e+00
2.295534107663215959e-02	2.635757384761687125e-02	1.584336417061942004e-02
2.914816917629416831e-02	3.682406963108138948e-02	2.583338601248605024e-02
4.823504767286668216e-01	4.374641332025718254e-01	4.422101899555751503e-01
2.546915935084724872e-02	1.277690658920920853e-02	2.724046162196568088e-02
4.719214381063385755e-02	4.843709655621084714e-02	3.202325139726911601e-02
1.616304635272478030e-01	1.628743294746645143e-01	1.283940356118338511e-01
4.073871355902528718e-02	3.825066459526847013e-02	3.942401477268763638e-02
1.279033550064133558e-02	1.659396753150014017e-02	2.212114879063197675e-02
9.927067858728064187e-02	9.460194685858332175e-02	1.048133850097656278e-01
1.737696493072976300e-01	1.641755111389628929e-01	1.797708620343889396e-01
2.889054630874493892e-02	2.235958653111611710e-02	2.376504625592913006e-02
3.748161289670051688e-02	4.036106675085018164e-02	2.608198983328683176e-02
2.941840329301466730e-02	1.384164880497664417e-02	2.574546677725655583e-02
1.292681475298120344e-02	2.491363036101498091e-02	1.980420521327427505e-02
1.869366555403496541e-02	2.147577068955850571e-02	1.782378469194684581e-02
2.225356583201557048e-02	1.446448309996527237e-02	2.574546677725655583e-02
1.406216519323693140e-02	1.257178933572842411e-02	1.386294364929199253e-02
3.448868293645549615e-02	3.042337971348916398e-02	2.492351804460797918e-02
3.964283619451960256e-02	5.520015048541231789e-02	4.192535400390624833e-02
8.834679294434527597e-02	9.225919609245616937e-02	7.443403107779367200e-02
6.324096061403233771e-02	5.783374152059012757e-02	5.810524123055594431e-02
5.406267212800659056e-02	4.357437567410564483e-02	4.984703608921595835e-02
1.849496902384160091e+00	1.826016414366925744e+00	1.841680476324898841e+00
2.565270957596805027e-02	1.978819417880244361e-02	3.150233268737792636e-02
2.865218737074359118e-02	2.545467573010610010e-02	1.980420521327427505e-02
1.128147489798542846e+00	1.120993647890339950e+00	1.141346397399902290e+00
6.026734496475359970e-01	5.114646961428969130e-01	5.555194534574235954e-01
8.369439647102938640e-02	6.955274825088805790e-02	8.762715339660644143e-02
6.208621103829200516e-01	5.838805823465279543e-01	5.712091452734811003e-01
5.239166455166784780e-02	5.777787722750193228e-02	5.264940534319196425e-02
2.524552403604583134e-02	2.191767861033731141e-02	2.574546677725655583e-02
1.060638288620415093e+00	1.023342907154065617e+00	1.179075957706996469e+00
4.356389271739061209e-01	4.168056709242672908e-01	4.783984681538173134e-01
7.100089410029419845e-01	6.861134381155081785e-01	7.987183836528233272e-01
2.625683478259165371e-01	2.644159478892195714e-01	3.210086665834699371e-01
2.640034789339117949e-01	2.580833859890470650e-01	3.131994492667061758e-01
1.124606002725957038e-01	1.154709418980939817e-01	1.631941659109933107e-01
3.173199195745159129e-02	4.250963345833820572e-02	5.018355914524623429e-02
1.585618816749036208e-01	1.674469260759250955e-01	1.673358494894845172e-01
2.690016415505598890e-01	2.703910815184750183e-01	2.936810057503836391e-01
7.281542687605645492e-01	7.077640066132201424e-01	7.824133028302874271e-01
7.686317526966059965e-01	7.763141560298140176e-01	8.561333411080496170e-01
3.079687112697402848e-02	2.448907096265098490e-02	2.178462573460170082e-02
6.651758010234307128e-02	5.128855273104666185e-02	5.176730428423200608e-02
7.081803050609904171e-02	5.767700602565126872e-02	4.868856430053711271e-02
6.070112467541242257e-02	6.509741476970151708e-02	7.342768669128417469e-02
2.572474815065342937e-02	1.934628625802363791e-02	9.902102606637137525e-03
1.356618338768635253e-02	1.958307692532165745e-02	1.782378469194684581e-02
2.635128764639571575e+00	2.630195396470218050e+00	2.623465249197823645e+00
3.265545929608359293e-02	2.617664747340704701e-02	4.274730273655482499e-02
5.178005819291514600e-02	4.365443084646480204e-02	4.274730273655482499e-02
2.608249763465438076e-02	2.023010209958124930e-02	2.096267700195312417e-02
5.839334452917816637e-02	7.400999201058242050e-02	8.531020981924875013e-02
1.607036969712750257e-02	1.020551423689553677e-02	1.782378469194684581e-02
2.148244640513662096e-01	2.121706997743949275e-01	2.107079785210745626e-01
1.616465148575808863e-02	1.171216437344177463e-02	1.584336417061942004e-02
1.914948396361931468e-02	1.765870974726757581e-02	2.376504625592913006e-02
8.527841072199177086e-02	7.001200469408166982e-02	8.269223621913364408e-02
9.164312301425758811e-02	8.717846394317674275e-02	9.655517986842564182e-02
2.737222651968673315e+00	2.754106888207056070e+00	2.727732002394540167e+00
4.766279827199580016e-02	6.087123267295357215e-02	4.820313862391880505e-02
3.672124180225057322e-02	2.191767861033731141e-02	3.680604117257254421e-02
1.955759029505085012e-01	1.777738781385524436e-01	2.218135479518345554e-01
4.416213458466602959e-02	3.656308808451241149e-02	3.932715279715402051e-02
1.141360686824226950e-01	9.831987035256194163e-02	1.160615798405238569e-01
6.639211345520952545e-02	6.326343240459576800e-02	8.360210418701172208e-02
2.490873686764218456e-02	2.836883855488626233e-02	2.178462573460170082e-02
4.431044435646920576e-02	4.321252292568599634e-02	3.680604117257254421e-02
5.710405180578202733e-02	5.846168441889655620e-02	4.274730273655482499e-02
3.165235548573532010e-02	3.425267727876771945e-02	3.680604117257254421e-02
1.698074076882925276e-01	1.724934402149393697e-01	1.816487257821219337e-01
1.851771322594505595e-02	2.679948176839567694e-02	1.898225648062569840e-02
2.077321831239472769e-02	2.235958653111611710e-02	1.700183595929826916e-02
2.589924295524574038e+00	2.563807368095386341e+00	2.527655557904924688e+00
4.537741481711011216e-01	4.239510116489252356e-01	4.281099884850638193e-01
3.773214095229402570e-02	3.469458519954651821e-02	4.753009251185826012e-02
7.970961561990440314e-02	8.629208665838988823e-02	6.569040025983538533e-02
3.721137877998002136e-02	3.700499600529121025e-02	3.830103601728166579e-02
1.017463754076476483e-02	1.277690658920920853e-02	2.454199995313371963e-02
4.692190969391335509e-02	5.144528822598552764e-02	3.878646169389997345e-02
1.819008585145349619e-02	1.171216437344177463e-02	1.980420521327427505e-02
1.098124861352669651e-01	1.088651314309115742e-01	1.110349920817783886e-01
6.713231171307577905e-02	8.640085497210102383e-02	5.661024638584681579e-02
1.608213598210512796e-01	1.510350180477956772e-01	1.682617058072771454e-01
1.732671443110941553e-02	2.342432874688354927e-02	1.188252312796456503e-02
1.908220515703207276e-02	1.765870974726757581e-02	1.782378469194684581e-02
3.955792097505808624e-02	3.150035855224422171e-02	3.482562065124511497e-02
3.828933596246468507e-02	2.830613190494191481e-02	3.573548861912318603e-02
3.372438865334980579e-02	2.892896619993054474e-02	3.960841042654855010e-02
6.893790752515879805e-02	7.001200469408166982e-02	5.810524123055594431e-02
2.533268009850738259e-02	3.336886143721010806e-02	3.598409243992396755e-02
7.174966634231240425e-02	7.569756852133849301e-02	6.486845152718680174e-02
1.416496326434867337e-01	1.258239753418437523e-01	1.509911080769130165e-01
1.101178702958133249e-01	9.682963337583293251e-02	1.153435386930193179e-01
1.732488261814875766e-02	2.397969900737709562e-02	1.221904618399483750e-02
2.865218737074359118e-02	3.490369770384054576e-02	3.598409243992396755e-02
1.956049755808045854e-01	1.934752574164746441e-01	1.657242202758789085e-01
9.166493342921638865e-01	9.019057589558778787e-01	8.946483700616019163e-01
1.610984277287754590e-02	1.171216437344177463e-02	2.096267700195312417e-02
1.095137193662310965e-01	9.148950913717852906e-02	1.129461070469447576e-01
5.045753269020570447e-02	4.383535722067462281e-02	6.206608227321079585e-02
6.857557996697381808e-02	5.811891394643007441e-02	6.337345668247768016e-02
5.295259011994808002e-02	5.592822222848824881e-02	6.255150794982909657e-02
1.261438317255142612e-02	1.765870974726757581e-02	9.902102606637137525e-03
2.561730594809995959e-02	2.404716304187217921e-02	1.980420521327427505e-02
2.403776755026721182e-02	2.838792083083942208e-02	1.386294364929199253e-02
9.981784426837886359e-02	8.492012946836409448e-02	7.742402076721191517e-02
7.863667164373835949e-02	7.320623134138397325e-02	5.661024638584681579e-02
1.172091486986259479e-01	1.155925364721389070e-01	1.209932722364153168e-01
2.921380325924001486e-02	2.422808941608200345e-02	1.980420521327427505e-02
2.521837184917671837e-01	2.440990544683922236e-01	1.948741163526262477e-01
6.113901532024418328e-02	5.809645682069745909e-02	4.771771294730050433e-02
1.794969284570909623e-02	2.191767861033731141e-02	2.641851288931710423e-02
1.526195631114714811e-02	1.384164880497664417e-02	2.952191216605050059e-02
1.794969284570909623e-02	2.360525512109337351e-02	1.711847032819475284e-02
3.666763568143232427e-02	3.925743374040782663e-02	3.878646169389997345e-02
2.865218737074359118e-02	2.768329760995328834e-02	2.772588729858398507e-02
2.139019441167148983e-02	2.342432874688354927e-02	1.782378469194684581e-02
3.271566735130566894e-02	2.758416016164097137e-02	2.178462573460170082e-02
3.599570154779183073e-02	3.256510076801165388e-02	2.376504625592913006e-02
6.194848635145647903e-02	5.235329494681409401e-02	6.203058923993792079e-02
3.151996089048706429e-01	3.010350932723366291e-01	3.177294288362775276e-01
1.221517651817485145e-01	1.326716850796419711e-01	1.295880004337855718e-01
8.273006061530623345e-01	8.080302636194888199e-01	7.944450855255127397e-01
8.721378338081756110e-02	8.288978248514154712e-02	9.472688674926757479e-02
9.981918801590572432e-02	9.114673866471204033e-02	1.036226449693952306e-01
2.545541448330660567e-02	2.129484431534868147e-02	2.970630781991141084e-02
2.207761350392566102e-02	1.916535988381381367e-02	2.096267700195312417e-02
3.556291580200195424e-01	3.534863383356144362e-01	3.394906827381679038e-01
2.200103702895138125e-01	2.271998316827823772e-01	1.931529556001935766e-01
2.071301025717265862e-02	2.661855539418585270e-02	1.980420521327427505e-02
3.854695883001391793e-02	4.971652682842014198e-02	4.786661556788852911e-02
3.329119230264553086e-02	4.028227508708994570e-02	1.386294364929199253e-02
2.999605563802456784e-02	4.204864326160624027e-02	4.753009251185826012e-02
4.218649557971079073e-02	3.280873379216582564e-02	5.149093355451311166e-02
1.381417429046164283e-02	1.872345196303500797e-02	2.178462573460170082e-02
3.719618298591823718e-02	4.116482742004863582e-02	2.096267700195312417e-02
3.429789455658798641e-02	3.425267727876771945e-02	3.168672834123884008e-02
9.576115812365797175e-02	1.120814639851794303e-01	8.927105086190359473e-02
6.151738195973434353e-02	6.185591971636184710e-02	8.269223621913364408e-02
8.500545221731203860e-02	9.016504888344104018e-02	9.128696441650391291e-02
7.221197236204000836e-02	6.965188569920037487e-02	5.974913869585309761e-02
4.024273175347471004e-02	2.937087412070935044e-02	3.366714886256626932e-02
1.905802717996299758e-02	2.254051290532594135e-02	2.713263171059744627e-02
1.293441265001209553e-02	2.378618149530319775e-02	7.921682085309710020e-03
3.182830781382522956e-02	3.075419592967231289e-02	2.376504625592913006e-02
2.497185845622958145e-01	2.422847128866638111e-01	2.151992402757917089e-01
9.433220329634639523e-02	8.935829095210530426e-02	8.071181569780622178e-02
4.795050825183180127e-02	5.572844796832622516e-02	3.680604117257254421e-02
1.712404959792390713e-02	2.235958653111611710e-02	1.782378469194684581e-02
2.229303890776561381e-02	2.483184143511747363e-02	3.365596635001046055e-02
5.550026018685157159e-02	4.801427091138520120e-02	4.506424631391253016e-02
3.363559238772144411e-02	3.150035855224422171e-02	2.178462573460170082e-02
8.855387719763892218e-02	7.764612657866352963e-02	1.016744926997593529e-01
3.713174230826375016e-02	4.375530204831546560e-02	4.308382579258510092e-02
1.810668609922449768e-01	1.820328470016221722e-01	1.439041015080043118e-01
2.313926164527916329e-01	2.182617407240625973e-01	1.894449247632707944e-01
2.085474997120895235e-01	2.009368741200999453e-01	1.839529425757271963e-01
1.943004036532993903e-02	2.205533182932301398e-02	1.403615679059709749e-02
5.116134200256534231e-02	5.892267461562852859e-02	6.998776435852051281e-02
2.416545447953250339e-02	3.123937700567523679e-02	3.714256422860282014e-02
3.423548794667655160e-02	4.503775265542776102e-02	3.598409243992396755e-02
2.254102981054090238e-02	2.822607673258276106e-02	1.898225648062569840e-02
9.879603954630160334e-02	9.044384919736425665e-02	1.003671182904924686e-01
2.729320161568644584e-02	1.916535988381381367e-02	2.376504625592913006e-02
2.819636896115924191e-02	2.611127170732676847e-02	1.980420521327427505e-02
2.354297147978336446e-01	2.084830473828059305e-01	1.890982464381626704e-01
1.310055795430407899e-01	1.301629993772726590e-01	1.336654758453369174e-01
2.500301865627277062e-02	1.597113323651151023e-02	1.980420521327427505e-02
1.941423255733758235e-02	1.978819417880244361e-02	1.188252312796456503e-02
4.879482835075541619e-02	3.575932741531395731e-02	4.753009251185826012e-02
2.042892050670192194e+00	2.101002199492330025e+00	2.051023941040039045e+00
1.932543629170922414e-02	3.173714921954223778e-02	1.980420521327427505e-02
1.441406984941675032e-02	1.171216437344177463e-02	1.386294364929199253e-02
2.843676196690363839e-02	2.573473955262824478e-02	2.096267700195312417e-02
1.702286023247861699e-02	2.020591122031028739e-02	1.106057439531598838e-02
4.049072265624999861e-02	3.150035855224422171e-02	4.149812017168317407e-02
1.802757624821560781e-02	1.295783296341903451e-02	1.584336417061942004e-02
1.762966336824842856e-02	1.810061766804638150e-02	2.515221118927002050e-02
4.522361463727572056e-02	3.638216171030258378e-02	4.390577452523367757e-02
4.965274414155825683e-02	4.427726514145342851e-02	6.849276951381137735e-02
3.200222607417208681e-02	3.043561633647678608e-02	2.608198983328683176e-02
1.646294083434872088e-02	1.916535988381381367e-02	1.782378469194684581e-02
7.854790643814506257e-02	7.790710812523252149e-02	7.510707718985421000e-02
9.490181444617222517e-02	8.891638303132649856e-02	1.021599183763776536e-01
1.321427873150653361e-02	1.452718974990961989e-02	1.502141543797084339e-02
9.295267271339346937e-02	1.000057131097796537e-01	1.201358304704938651e-01
1.865350215806873407e-02	2.304512747604909109e-02	1.386294364929199253e-02
1.154496254177268533e-01	1.369514699722032269e-01	1.099326978410993250e-01
6.801515748376875392e-02	7.151264272710328163e-02	9.347155298505510634e-02
1.489282179316249455e-02	1.064742215767434073e-02	1.782378469194684581e-02
1.702976780929332107e-02	2.321921149340276658e-02	7.921682085309710020e-03
2.317349086843134912e-02	2.129484431534868147e-02	1.700183595929826916e-02
1.002832946427371502e-01	9.306250995571528628e-02	9.872322082519531528e-02
1.678177690651803250e-02	1.703587545227894587e-02	1.106057439531598838e-02
3.003774631278595120e+00	2.997382703830935746e+00	2.979625372886657519e+00
1.466843179241962003e-01	1.292740749323972316e-01	1.612658800397600567e-01
9.401737790588939048e-02	9.761524713167579748e-02	1.087742260524204863e-01
3.267688459577181015e-02	4.313246775332683913e-02	4.506424631391253016e-02
4.091466588711519664e-02	4.325979133172335594e-02	5.974913869585309761e-02
1.271829692595595647e-02	1.836459647675263776e-02	1.782378469194684581e-02
2.612734861694709226e-02	2.404716304187217921e-02	2.574546677725655583e-02
4.724262949159021424e-02	4.250963345833820572e-02	3.632061549595424349e-02
1.271829692595595647e-02	1.958307692532165745e-02	9.902102606637137525e-03
1.224260391445334967e-01	1.311476864206809201e-01	1.354937689644949705e-01
3.013253489036443397e-02	2.999370841569798038e-02	2.970630781991141084e-02
5.116203232278153379e-02	4.970184742214126677e-02	3.464122499738420818e-02
8.983932343462555647e-02	8.915317369862452157e-02	7.129513876778738324e-02
3.907481581428364631e-02	4.142580896661761380e-02	3.284520012991769267e-02
1.673202427155380881e-02	1.171216437344177463e-02	2.014072826930454752e-02
1.086353488653807042e-01	9.707420176258467481e-02	9.902425084795270227e-02
2.734848249942884585e-02	3.318793506300028034e-02	2.888435908726283419e-02
7.853413867658795566e-02	6.141401179558304141e-02	7.230470793587820411e-02
3.597142426610357852e-02	4.542379628311837142e-02	4.308382579258510092e-02
1.399012661855155229e-02	6.388453294604604267e-03	2.658965042659214642e-02
7.927604042426526776e-02	9.681148646247735023e-02	8.351418495178222767e-02
3.958755531077720602e-02	4.425307426218246659e-02	4.588619504656110681e-02
1.970990644682437884e-02	1.810061766804638150e-02	1.386294364929199253e-02
1.227467589422103489e-01	1.199332942611061464e-01	1.193043797356741764e-01
1.575793811669772698e-02	1.508731739495390231e-02	5.941261563982282515e-03
2.653247121641759756e-02	2.475304977135724116e-02	1.980420521327427505e-02
3.747604906741267700e-02	2.874803982572072050e-02	3.564756938389369162e-02
1.950614838789727079e-02	2.053398177737281866e-02	1.188252312796456503e-02
4.817862189873278050e-02	3.804554734178768743e-02	4.390577452523367757e-02
4.797984289466787899e-01	4.415209883002824687e-01	4.153506619589669158e-01
1.830159750188891515e-02	2.129484431534868147e-02	1.584336417061942004e-02
3.529189223543219289e-02	3.274068414890271561e-02	2.492351804460797918e-02
6.100079116471316537e-02	5.285964327107559729e-02	5.646134376525879101e-02
3.063611459294590320e-02	3.381076935798891375e-02	1.898225648062569840e-02
2.629276853088938909e-02	2.466999733686080915e-02	1.584336417061942004e-02
1.254234459786604701e-02	1.064742215767434073e-02	1.763938903808593903e-02
1.544973915870036588e-02	9.140772021128102873e-03	9.902102606637137525e-03
3.983753886791543963e-02	2.485092371107063339e-02	3.714256422860282014e-02
8.545581397660281797e-02	9.078488591629239879e-02	1.000305952344621996e-01
3.483538350563165908e-02	4.140161808734665189e-02	5.100550787789481094e-02
4.716990059668864366e-02	4.127591912464428914e-02	3.564756938389369162e-02
1.415239442014548377e-01	1.311408436975904090e-01	1.325392723083496094e-01
1.112655059277829067e-01	1.122606566058508976e-01	1.095961747850690560e-01
3.550851104456350521e-02	2.786422398416311258e-02	2.863575526646205266e-02
8.770290660566511243e-02	6.611488857943158270e-02	8.781154905046735515e-02
2.814929798837830996e-02	2.573473955262824478e-02	1.502141543797084339e-02
8.014184706801667779e-02	9.512564370525963819e-02	7.443403107779367200e-02
1.964546576916989182e-02	1.934628625802363791e-02	2.376504625592913006e-02
7.545514064462177650e-01	7.315936033626855295e-01	6.663059289114815487e-01
1.952952885117370529e-01	1.500259983924127349e-01	1.896541779381888115e-01
6.335236962053024667e-01	6.224868660148936694e-01	6.157747404915946410e-01
1.874979081868396180e-01	1.623628725470852019e-01	2.064556094578334222e-01
2.850880054158902097e-02	1.810061766804638150e-02	2.294309752328055341e-02
5.098538967447543285e-02	2.909081029818720923e-02	2.888435908726283419e-02
2.374082092845111736e-02	1.978819417880244361e-02	2.574546677725655583e-02
1.996549524663055949e-02	1.127025645266297067e-02	9.902102606637137525e-03
4.847429578821958046e-02	4.105884761488016316e-02	4.167675018310546681e-02
8.686823582430498736e-02	9.322262030043360070e-02	7.708749771118164618e-02
7.050522649689187904e-02	5.803885877407091720e-02	6.700099945068359319e-02
2.808485731072381947e-02	2.661855539418585270e-02	3.168672834123884008e-02
2.147771794497055353e-02	1.490639102074407807e-02	1.782378469194684581e-02
4.629013895623909636e-02	5.609030071674587364e-02	5.100550787789481094e-02
2.862031219202443993e-02	3.610209788778044604e-02	3.400367191859653831e-02
2.076631073558002361e-02	1.490639102074407807e-02	1.188252312796456503e-02
7.033495290563740454e-02	7.892835891008743998e-02	7.062531743730816880e-02
2.545643678134369980e-01	2.693376995268322305e-01	2.364382880074637205e-01
3.745108146550823330e-02	5.078867173963977355e-02	2.178462573460170082e-02
3.161978998679998432e-02	3.588228071889569548e-02	4.028145653860909503e-02
2.522876634510285224e-02	2.165669706376832995e-02	3.202325139726911601e-02
6.913396838243583697e-02	5.297612924180272742e-02	6.434753281729561902e-02
1.033660337465618778e-01	1.049693051937355265e-01	1.035060106004987435e-01
4.472255706787109375e-02	3.620123533609276301e-02	2.970630781991141084e-02
3.225225104469042758e-02	3.194226647302302047e-02	3.878646169389997345e-02
1.779049820856216935e-02	1.934628625802363791e-02	1.584336417061942004e-02
2.081338170836095902e-02	1.872345196303500797e-02	1.584336417061942004e-02
3.154465643273216546e-01	2.743565973964521287e-01	2.651848758969987951e-01
1.369339474844276372e-01	1.276924782268096525e-01	1.190128517150878945e-01
3.764585442499283202e-02	4.339344929989581712e-02	2.178462573460170082e-02
3.654900943102821764e-01	3.581350783598588050e-01	2.854589911869593877e-01
2.590070047874333883e-02	2.698040814260550119e-02	2.014072826930454752e-02
2.130357530868016991e-01	2.200675369590841257e-01	1.652033015659877258e-01
1.706233330822866032e-02	2.254051290532594135e-02	2.641851288931710423e-02
2.406561017400992222e-02	2.466999733686080915e-02	2.376504625592913006e-02
3.564448721182820329e-02	2.953445197250436499e-02	4.289943013872419414e-02
4.522613677045256297e-02	4.933999467372161829e-02	5.659906387329101396e-02
2.066930455899019733e-02	2.085293639456987577e-02	3.068038395472935317e-02
3.328368773154162519e-02	3.682406963108138948e-02	4.102291652134486266e-02
6.978772875001305886e-02	8.564509847380231966e-02	8.385070800781249667e-02
2.388489807782187904e-02	1.631390370897799896e-02	1.584336417061942004e-02
3.691359251646456063e-02	4.463911788987307699e-02	4.506424631391253016e-02
1.847754982997882461e-02	1.490639102074407807e-02	2.410156931195940253e-02
1.870861645648967952e+00	1.859849808585991582e+00	1.881301860128130166e+00
2.033964311675558884e-02	1.171216437344177463e-02	2.690393856593540842e-02
1.162204949498541195e-01	1.049693051937355265e-01	1.021276501246861090e-01
4.692190969391335509e-02	6.278700396395682504e-02	6.090761048453195020e-02
9.638260657634209472e-02	7.756607140630437935e-02	9.009299959455217832e-02
3.201185803894603110e-02	2.555381317841841707e-02	2.772588729858398507e-02
1.957342719448451271e-02	2.009207385659401296e-02	2.574546677725655583e-02
2.385422597237683295e-01	2.167888489736390090e-01	2.468265008926391613e-01
6.747218301172284993e-02	5.191138702603528832e-02	5.066898482186453501e-02
5.091335109979005374e-02	5.341803716258153312e-02	6.998776435852051281e-02
7.728695052843939650e-02	7.911711354409495245e-02	6.139303616115025092e-02
8.954132704195261194e-02	8.005740858625889911e-02	8.930654389517647673e-02
1.765807721957518839e-01	1.646646636605445801e-01	1.244021170479910759e-01
2.946129107694013538e-02	2.679948176839567694e-02	2.492351804460797918e-02
1.300197064694279259e-01	1.121066264842512372e-01	1.219584996359688867e-01
1.553463482346374436e-01	1.551854914417647724e-01	2.013962282453264641e-01
2.006181110300419776e-02	1.171216437344177463e-02	7.921682085309710020e-03
2.392808071043148743e+00	2.331440839166831758e+00	2.308110318865094879e+00
3.225984894172131967e-02	3.443360365297754022e-02	2.888435908726283419e-02
1.381417429046164283e-02	8.517937726139472934e-03	1.782378469194684581e-02
2.617093459546383782e-02	1.783963612147740005e-02	2.376504625592913006e-02
1.486219413419017643e-01	1.445842093220137958e-01	1.352710212979997828e-01
1.102263681020940883e-01	9.831813659902358116e-02	1.048133850097656278e-01
1.395825143983240105e-02	1.765870974726757581e-02	2.014072826930454752e-02
8.448519313007320231e-02	9.176182710263769415e-02	8.996518271309988934e-02
2.400763246262109865e-02	1.916535988381381367e-02	1.386294364929199253e-02
3.925077656066381149e+00	3.930811338160993706e+00	3.936629422051566074e+00
3.219013443051492729e-01	3.523428073859617426e-01	2.814081600734165689e-01
4.316173241408228362e-02	2.529283163184943908e-02	3.564756938389369162e-02
4.398618225657612013e-02	4.552293373143068839e-02	6.090761048453195020e-02
7.359845805970172128e-02	8.907822712958317346e-02	7.144726616995675239e-02
3.356424413325224954e-02	3.071741391253727735e-02	4.058248656136648896e-02
1.334370382699762159e-01	1.388008905812159466e-01	1.416226509639195164e-01
1.589441736903759311e-02	1.384164880497664417e-02	9.902102606637137525e-03
5.544401294229956978e-01	5.126650011118289996e-01	4.766667481831141640e-01
5.390457757022402985e-02	4.259142238423571647e-02	4.529293945857456455e-02
3.722191119412763399e-02	3.638216171030258378e-02	4.076688221522740269e-02
3.961096101580045131e-02	3.679987875181042756e-02	3.680604117257254421e-02
1.548929476956708781e-02	9.582679941906906834e-03	7.921682085309710020e-03
3.939484529174431399e-02	2.147577068955850571e-02	2.574546677725655583e-02
3.180403053213697040e-02	2.866798465336156676e-02	2.178462573460170082e-02
2.426833903753064792e-01	2.288730210422920130e-01	2.200891624178205330e-01
9.084219378433461278e-02	7.081576536328013094e-02	7.824596949986048489e-02
1.059858077162996286e-02	1.916535988381381367e-02	2.574546677725655583e-02
1.036429653109395971e-01	1.028589030381538150e-01	1.003671182904924686e-01
2.370108648177680633e-01	2.396557224877235992e-01	2.346414320809500631e-01
2.505299772326735064e-01	2.499014862488308508e-01	2.569831228256225786e-01
2.116528636454077794e-02	1.402257517918646841e-02	2.410156931195940253e-02
5.355129212779007053e-02	4.915906829951179058e-02	3.284520012991769267e-02
7.295908942499657046e-02	8.980019887288410996e-02	1.043933425630841905e-01
2.787633948369857423e-02	2.360525512109337351e-02	3.004283087594168677e-02
2.342893728787016905e-01	2.188150260122507240e-01	1.751021793910435276e-01
6.346648057301839119e-01	6.552541413431709483e-01	6.293855564934867086e-01
1.526195631114714811e-02	1.765870974726757581e-02	7.921682085309710020e-03
3.182950121911658214e-02	2.254051290532594135e-02	1.700183595929826916e-02
1.466206075219203889e-02	1.458743640354701401e-02	2.294309752328055341e-02
2.253139784576696156e-02	1.810061766804638150e-02	2.294309752328055341e-02
1.063571138119478870e-01	8.785164081555907334e-02	9.259433882577078334e-02
1.780561569633833802e-02	1.384164880497664417e-02	5.941261563982282515e-03
2.454232673761676947e-02	3.834504465903005449e-02	1.617988722664969251e-02
7.220483584506066921e-02	6.894726247831423072e-02	6.882929256984166022e-02
1.625391992224830412e-02	1.978819417880244361e-02	1.188252312796456503e-02
1.990815449927560432e-01	2.045571595293036171e-01	2.065265955243791862e-01
1.264663123063720418e+00	1.250239264214277002e+00	1.238501924106052865e+00
2.817328610551466522e-02	1.916535988381381367e-02	2.212114879063197675e-02
1.169445813613564922e-02	1.659396753150014017e-02	2.212114879063197675e-02
2.226116372904646257e-02	2.272143927953576559e-02	1.188252312796456503e-02
2.762903890113947367e-02	2.103386276877970348e-02	1.898225648062569840e-02
2.526064152382200348e-02	3.560811363606958269e-02	3.284520012991769267e-02
2.098214785257975223e-01	2.300104014518257189e-01	1.932302188873291082e-01
1.090380603020344313e-01	7.081576536328013094e-02	8.414223602839879246e-02
5.054665180521274170e-02	3.274602714222147465e-02	3.945950780596051838e-02
3.445972827596401888e-01	3.292337870268228217e-01	3.350094127655029452e-01
1.505412880433808741e-02	2.334427357452439553e-02	2.178462573460170082e-02
7.492167388262734040e-02	7.082883553570866464e-02	6.955476488385881062e-02
3.275583074727189681e-02	2.209860498454713565e-02	2.178462573460170082e-02
5.321730779945303691e-02	5.564839279596706795e-02	5.264940534319196425e-02
5.387542677946411535e-02	4.845617883216400690e-02	3.945950780596051838e-02
1.904557021021478433e-02	9.763606316116731076e-03	1.106057439531598838e-02
2.858843701330529216e-02	3.921626936272359226e-02	2.985843522208077652e-02
8.547176964786074027e-02	6.642122825353009852e-02	6.090761048453195020e-02
1.957342719448451271e-02	2.635757384761687125e-02	2.014072826930454752e-02
3.617925177291263228e-02	2.597153021992626432e-02	4.024596350533621997e-02
4.321033436953110318e-02	6.079117750059441494e-02	5.840627125331333824e-02
5.462184229392888501e-02	5.128855273104666185e-02	6.939794131687709866e-02
4.073779298624861100e-01	3.984505210970220590e-01	3.770012930461338341e-01
1.091861024909063227e-02	1.924714880971132094e-02	1.337751797267368835e-02
3.179574231488989378e-02	2.235958653111611710e-02	4.584120001111711973e-02
2.540591207848411776e-02	2.165669706376832995e-02	1.386294364929199253e-02
3.370648741357552547e-01	3.098067391303278018e-01	3.074096618379865142e-01
3.036504083452603794e-02	3.425267727876771945e-02	4.192535400390624833e-02
3.353167863431691376e-02	3.422848639949675753e-02	4.110340527125767168e-02
5.906527866281865297e-02	4.737235434044341498e-02	4.868856430053711271e-02
1.817460089283981159e-02	1.703587545227894587e-02	2.096267700195312417e-02
2.374082092845111736e-02	3.706086029837940554e-02	1.980420521327427505e-02
3.507374244363300336e-02	3.336886143721010806e-02	3.120130266462053589e-02
1.889458548402932203e-02	2.485092371107063339e-02	7.921682085309710020e-03
1.170338475521915944e+00	1.078269030458183675e+00	1.066547137669154655e+00
3.158791480808083307e-02	2.768329760995328834e-02	2.754149164472307482e-02
2.335395696330872656e-02	1.277690658920920853e-02	1.386294364929199253e-02
2.599701633511697710e-02	2.511190525763961484e-02	1.386294364929199253e-02
2.805229181178848369e-02	3.264688969390915768e-02	3.202325139726911601e-02
7.723937544983096315e-02	6.734147489345568283e-02	7.361208234514508841e-02
2.520241320315486644e-01	2.444826527491509582e-01	2.212926292419433727e-01
3.303569682876633662e-02	4.625553579374392515e-02	3.284520012991769267e-02
1.363822196237173337e-02	1.872345196303500797e-02	1.106057439531598838e-02
2.406085040591178850e-02	2.342432874688354927e-02	3.168672834123884008e-02
3.013253489036443397e-02	3.184312902471070350e-02	1.898225648062569840e-02
1.146911472355553879e-01	1.182089357332150453e-01	9.506340980529785767e-02
4.781875187468456051e-02	4.445819151566324928e-02	4.588619504656110681e-02
3.702713823464303527e-02	3.913448043682608152e-02	3.598409243992396755e-02
9.704867065499682421e-02	9.725512813679450252e-02	1.046289893559047141e-01
1.100313262472823461e-01	8.058110543293520167e-02	9.883985519409180243e-02
1.987037381630060370e-02	1.597113323651151023e-02	2.178462573460170082e-02
1.600129464350709130e-01	1.547147769898679637e-01	1.863454096657889136e-01
6.073677430459118592e-02	6.904813368016490815e-02	7.578012330191476187e-02
3.021217136208070517e-02	3.043561633647678608e-02	2.574546677725655583e-02
1.610984277287754590e-02	2.085293639456987577e-02	2.440259933471679646e-02
5.384907853712729564e-02	3.256510076801165388e-02	2.574546677725655583e-02
3.161978998679998432e-02	4.054199312506000241e-02	4.110340527125767168e-02
6.577018481146669482e-02	8.237671595747753095e-02	5.974913869585309761e-02
1.550994721392243668e-02	1.388891721101400550e-02	2.294309752328055341e-02
1.328631730619191445e-02	1.064742215767434073e-02	2.358065060206821981e-02
2.982010330993465838e-02	4.188679916334957926e-02	5.035469668252127301e-02
5.939221571709402819e-02	7.734997774232550694e-02	6.453192847115653275e-02
2.031739990281037841e-02	2.679948176839567694e-02	3.266080447605677894e-02
3.241271841416665245e-02	2.617664747340704701e-02	2.970630781991141084e-02
8.645120017025448300e-02	9.132326216924757656e-02	7.790944644383021589e-02
1.968920382520109869e-01	1.806495251926591994e-01	2.211759948730468717e-01
1.954273629261448486e-01	1.890891414999778808e-01	2.049993324279785201e-01
1.479402848339955723e-01	1.536064104001093611e-01	1.409496048518589506e-01
1.124104883328125720e-01	1.168077310658819645e-01	9.689170292445591082e-02
1.842844478945484046e-02	1.498817994664158534e-02	1.648091724940708644e-02
2.200792092431211433e+00	2.183946196750928159e+00	2.148830372265407185e+00
2.098173613941997639e-02	1.828154404225620575e-02	2.294309752328055341e-02
6.172804759547615566e-02	6.911084033010925221e-02	6.057108742850167427e-02
9.753751142309345645e-02	9.387997511528237138e-02	1.138935388837541834e-01
1.158294648570022851e-02	1.295783296341903451e-02	2.294309752328055341e-02
1.574571007253197652e-01	1.432043550201275439e-01	1.264491081237792969e-01
2.291175509811541403e-02	2.617664747340704701e-02	2.294309752328055341e-02
8.007049881354749710e-02	8.670684342743248396e-02	8.187028748648507437e-02
4.545962219938225884e-02	4.224865191176922774e-02	3.796451296125139679e-02
2.906162512776319304e-02	2.023010209958124930e-02	2.492351804460797918e-02
1.294233444633833829e-01	1.110985106953095020e-01	1.345590639114379872e-01
1.388621286514702194e-02	2.129484431534868147e-02	2.987952096121651926e-02
1.653378600374274393e-02	2.036775531856695187e-02	1.188252312796456503e-02
9.703672639455999949e-02	8.837533766223538978e-02	9.853560038975306412e-02
2.374082092845111736e-02	3.545507271352085071e-02	1.782378469194684581e-02
2.125956815317136400e-02	1.916535988381381367e-02	1.782378469194684581e-02
3.597142426610357852e-02	2.466999733686080915e-02	7.921682085309710020e-03
1.422823363487873694e-01	1.302067709774831772e-01	1.016046605791364466e-01
1.987199414396140229e-01	1.794090538347188624e-01	1.690022706985473688e-01
4.728329699338394004e-02	5.554752159411639745e-02	5.018355914524623429e-02
4.927918367065056149e-01	4.717260267694241560e-01	4.095588874816894487e-01
1.807242723050831931e-02	2.485092371107063339e-02	1.782378469194684581e-02
8.707195042834733889e-02	6.105215904716339292e-02	9.293086188180106622e-02
4.268247738526137480e-02	5.759695085329211151e-02	4.704466683523995246e-02
9.058875279324499208e-02	7.320623134138397325e-02	9.853560038975306412e-02
3.754020058051526360e-02	3.318793506300028034e-02	3.318172318594796166e-02
3.323046978825093534e-02	2.874803982572072050e-02	2.970630781991141084e-02
2.776631802958450801e-01	2.638435953406877421e-01	2.348811871664864548e-01
3.431874925572573481e-02	1.810061766804638150e-02	9.080153873988560873e-03
3.517765619703753371e-02	3.867349024009411607e-02	3.762798990522112086e-02
2.342198485628180574e-02	1.659396753150014017e-02	2.772588729858398507e-02
2.260547048819538940e-02	2.617664747340704701e-02	2.754149164472307482e-02
4.886676689171280952e-01	4.630291575477236687e-01	4.476460484095982073e-01
6.713231171307577905e-02	7.604033899380498174e-02	7.839487212044851661e-02
2.875729452943947759e-02	3.150035855224422171e-02	1.386294364929199253e-02
1.640535982231116741e+00	1.617633446753482751e+00	1.619380508831569143e+00
7.265020014678301441e-02	7.728727109238116288e-02	6.767082078116280763e-02
2.441275506209160742e-02	1.938837354633665341e-02	1.980420521327427505e-02
3.999474085069942147e-02	4.001829627838369291e-02	3.606237479618617375e-02
3.601932540216942064e-02	3.993348372147379616e-02	2.275870186941964315e-02
2.902068864314927832e-01	2.552946243784211533e-01	2.719414840425763980e-01
2.685250069387826871e-02	2.679948176839567694e-02	1.386294364929199253e-02
1.107120346220990537e-01	1.382072140361123858e-01	1.404984324319022149e-01
1.162454180761214734e-01	1.175267432691864122e-01	1.351122508730207283e-01
5.253777576878165823e-02	5.884261944326937138e-02	3.318172318594796166e-02
2.102189953538620426e-02	2.330100041930027385e-02	4.028145653860909503e-02
1.525232434637320555e-02	1.064742215767434073e-02	1.106057439531598838e-02
2.236507748245099292e-02	1.597113323651151023e-02	3.086477960859026343e-02
3.331625323047696097e-02	4.685039124730545207e-02	4.704466683523995246e-02
5.099367789172250948e-02	5.195865543207265486e-02	2.410156931195940253e-02
1.720572013738323053e-02	1.916535988381381367e-02	1.386294364929199253e-02
2.719749777324338355e-02	2.485092371107063339e-02	3.318172318594796166e-02
3.865087258341844828e-02	4.534200735722086067e-02	2.744462966918945201e-02
1.618188134756292501e-02	2.417011634545392085e-02	9.902102606637137525e-03
2.451735913571232231e-02	1.721680182648877011e-02	2.574546677725655583e-02
5.656869025040839327e-02	6.478916481709516562e-02	6.486845152718680174e-02
1.661843582759938917e-02	2.802606808241977360e-02	2.178462573460170082e-02
3.353167863431691376e-02	2.848705827915173905e-02	1.584336417061942004e-02
5.458545334842226926e-02	4.658767594719812055e-02	6.453192847115653275e-02
5.352904905966662796e-02	6.598982649830995029e-02	5.347135407584054090e-02
1.381417429046164283e-02	1.872345196303500797e-02	1.279239109584263435e-02
3.942791387575481782e-02	4.108303849415112508e-02	4.390577452523367757e-02
7.202073193471365820e-02	7.232241549982636186e-02	5.100550787789481094e-02
7.625583989904560767e-02	6.884985878354027422e-02	1.036131429672241255e-01
4.685570436880129308e-01	4.588917305209486708e-01	4.428171764101300756e-01
2.991438509856524444e-02	2.129484431534868147e-02	3.168672834123884008e-02
3.649928125037330690e-02	3.513649312032532390e-02	2.970630781991141084e-02
2.447028816293139036e-02	1.721680182648877011e-02	1.648091724940708644e-02
6.161464522008866518e-02	7.595855006790747099e-02	5.182745661054338759e-02
7.587104368647304420e-02	7.608150337148920916e-02	8.336528233119419595e-02
1.343627740119210934e-01	1.370315251445623772e-01	1.216308253152029867e-01
2.077321831239472769e-02	2.431114185057843546e-02	2.096267700195312417e-02
2.950007383247398723e-02	1.765870974726757581e-02	2.358065060206821981e-02
2.133364079559979531e-02	2.629960077698878865e-02	1.782378469194684581e-02
2.423680273400169796e-02	2.023010209958124930e-02	2.905757222856793914e-02
1.560714402330031225e-01	1.545737489211028159e-01	1.487578773498535178e-01
2.660450979110297667e-02	3.841250869352513808e-02	3.805243219648088426e-02
8.385759114490007327e-02	9.468200203094248590e-02	7.997778620038713260e-02
4.131552626233581799e-02	3.575932741531395731e-02	6.057108742850167427e-02
2.498077544232756367e-02	2.360525512109337351e-02	2.806241035461425753e-02
1.474014964672403505e-01	1.353057840818999991e-01	1.521590818677629742e-01
2.331687769758591933e-02	3.656308808451241149e-02	4.563759122576032529e-02
2.515672777041747313e-02	3.503735567201300694e-02	2.608198983328683176e-02
3.229172412044047091e-02	2.448907096265098490e-02	4.935277802603585395e-02
1.346279004298218951e-01	1.352430774319556550e-01	1.506592001233782174e-01
8.589669280095930948e-02	8.403457987326813650e-02	1.010567120143345404e-01
4.933410317890505464e-02	4.321252292568599634e-02	4.670814377920968347e-02
7.757680744206140178e-01	7.703297508110831249e-01	7.422817461831229258e-01
2.610852798555239954e-02	2.981278204148815614e-02	4.128283636910574927e-02
4.608152780328686471e-02	5.341803716258153312e-02	4.274730273655482499e-02
3.820453681712485811e-02	3.105845063146541254e-02	2.178462573460170082e-02
9.108305983587142163e-02	9.184962813205982401e-02	9.307976450238908406e-02
2.134123869263068740e-02	2.992833264961770184e-02	1.584336417061942004e-02
5.908047445688043714e-02	5.988827938308364379e-02	3.680604117257254421e-02
3.780298612168805222e-02	4.211544074953609690e-02	4.390577452523367757e-02
4.505018444236265351e-02	6.531112791023313546e-02	5.758432252066476159e-02
8.221518256977793093e-02	8.767244819488759222e-02	8.336528233119419595e-02
1.805360659911362659e-02	2.316334720031457128e-02	1.188252312796456503e-02
3.652152446431851385e-02	4.640674957298829284e-02	4.554967199053083088e-02
9.599064439079448008e-02	8.569796550475324015e-02	9.274646622794015249e-02
9.539947086882517857e-02	9.594848665041125213e-02	8.564673287527901913e-02
2.296497304140610041e-02	1.978819417880244361e-02	1.782378469194684581e-02
4.197107017587084488e-02	4.596484165220949408e-02	4.158883094787597934e-02
1.071004600699888426e-01	1.210419413863971644e-01	1.054509380885532976e-01
3.518848156710283753e-02	5.146947910525648956e-02	7.592902592250279359e-02
2.208212727071312900e-02	1.703587545227894587e-02	1.782378469194684581e-02
1.939747486639460325e-02	3.887349889025710353e-02	3.516214370727539090e-02
2.628517063385849700e-02	2.209860498454713565e-02	3.400367191859653831e-02
5.149382844977422324e-02	6.267435979183917649e-02	5.264940534319196425e-02
4.996155088465512734e-02	5.731688703076996683e-02	4.390577452523367757e-02
9.451491387976783398e-02	1.070170006993728801e-01	7.757292338779994689e-02
3.910448304739202463e-01	3.514796156670823568e-01	3.784380286080496480e-01
8.370174734599729327e-02	7.612039416616413201e-02	1.021701887675694059e-01
1.717968978648521175e-02	1.171216437344177463e-02	1.188252312796456503e-02
4.416213458466602959e-02	5.408295874588317509e-02	2.574546677725655583e-02
3.184496835831108208e-01	3.082348666799050174e-01	3.150075476510184047e-01
2.290122268396780139e-02	9.582679941906906834e-03	1.700183595929826916e-02
4.797762366245281185e-02	5.060034266997775337e-02	4.820313862391880505e-02
2.755700032645409109e-02	3.674401445872223226e-02	1.502141543797084339e-02
4.536261602279242910e-02	4.295154137911701142e-02	6.767082078116280763e-02
2.059726598430481823e-02	3.336886143721010806e-02	2.574546677725655583e-02
1.369094150146577815e-01	1.476425165038687537e-01	1.403120517730712946e-01
1.010737878466964890e-01	7.746520020445371579e-02	1.044768619537353449e-01
3.539649630905291472e-02	3.708678493118872099e-02	4.028145653860909503e-02
1.568589954201234440e-02	2.929081894835019323e-02	7.099733352661132500e-03
2.857051683128426778e-02	3.656308808451241149e-02	3.878646169389997345e-02
4.620018019953269633e-02	6.102796816789243101e-02	7.592902592250279359e-02
7.769450353919912788e-02	6.105215904716339292e-02	6.796234880174908954e-02
2.388489807782187904e-02	2.736434299275622428e-02	2.178462573460170082e-02
2.211708657967570435e-02	1.659396753150014017e-02	4.192535400390624833e-02
1.857455600656865088e-02	1.597113323651151023e-02	1.188252312796456503e-02
1.256098973277147424e-01	1.436874273185905770e-01	1.554855946132114863e-01
8.930669471029112350e-01	8.515537253905733905e-01	8.368367276872907823e-01
5.663313092806288029e-02	7.206143395325738388e-02	7.335534981318882208e-02
3.971487476920498166e-02	3.304990682001304053e-02	2.888435908726283419e-02
8.524653554327261962e-02	9.101308069653957222e-02	1.107539490291050560e-01
1.847754982997882461e-02	1.703587545227894587e-02	1.304099491664341588e-02
1.266589336803564558e+00	1.221494876843993049e+00	1.266390151977539125e+00
3.881991733469365019e-02	3.957638835760488721e-02	2.772588729858398507e-02
3.964283619451960256e-02	3.256510076801165388e-02	5.487563814435686416e-02
3.233587995581670427e+00	3.217972373815908504e+00	3.217685749871390222e+00
1.057602380758396327e-01	1.075597798220023632e-01	1.245566068376813551e-01
3.974435613789689681e-02	4.019922265259351368e-02	3.246368203844342964e-02
6.235981833315041439e-02	7.703822072932979548e-02	7.950834887368338211e-02
3.708954484455447009e-02	4.907901312715264031e-02	4.540076936994279916e-02
2.271684363712229149e-01	2.179230610895816211e-01	2.044784137180873373e-01
4.009243734750543575e-02	3.638216171030258378e-02	5.810524123055594431e-02
1.009921173072371586e-01	9.530483632593110543e-02	8.269223621913364408e-02
6.491176593558868613e-02	6.097210387480423571e-02	6.438302585056850103e-02
2.718945657805929908e-02	2.109656941872404753e-02	1.651641028267996497e-02
6.831645907247467508e-02	5.769782205514278201e-02	6.782294818333217679e-02
1.271829692595595647e-02	2.448907096265098490e-02	1.386294364929199253e-02
2.589162335118751490e-01	2.526371588904736676e-01	2.094279016767229273e-01
2.872422594542897029e-02	4.299880978515437796e-02	3.482562065124511497e-02
3.545235960490841776e-02	2.661855539418585270e-02	2.888435908726283419e-02
1.647882796937901601e-02	2.147577068955850571e-02	1.386294364929199253e-02
2.423680273400169796e-02	1.844338814051286676e-02	3.284520012991769267e-02
1.446894839633859897e-01	1.346410591664585210e-01	1.677046407972063446e-01
4.031477032816008915e-02	5.279520286759289971e-02	3.994493348257881910e-02
3.278770592599104805e-02	2.830613190494191481e-02	3.482562065124511497e-02
2.849299273359666082e-02	2.404716304187217921e-02	1.980420521327427505e-02
3.454791952710632719e-02	4.747149178875573194e-02	6.048037665230887594e-02
6.373625209936673031e-02	6.611488857943158270e-02	8.071181569780622178e-02
5.345072324851966039e-01	4.791936694934804120e-01	4.706443602698189843e-01
1.725050393959068618e-01	1.603972930146435605e-01	1.572454289027622742e-01
1.225528491017286170e-01	1.260369032758721641e-01	1.409528296334403019e-01
1.894165645681025398e-02	1.464540947417509661e-02	5.941261563982282515e-03
9.463894636988275100e-02	1.096892642535372275e-01	9.375281061444963593e-02
2.848806556211699176e-02	3.469458519954651821e-02	1.980420521327427505e-02
1.435911181505302413e-02	1.446448309996527237e-02	1.304099491664341588e-02
1.665030103211009305e-01	1.509376143530217207e-01	1.758107185363769476e-01
3.501133583372156854e-02	2.191767861033731141e-02	4.274730273655482499e-02
6.028905789786522668e-02	5.090935146021220020e-02	5.182745661054338759e-02
1.653378600374274393e-02	1.212988141494961841e-02	1.980420521327427505e-02
1.496475250349132424e-01	1.296393025305963287e-01	1.578836795261928105e-01
3.889886348619373685e-02	4.622882046091574687e-02	6.057108742850167427e-02
1.836603817954340565e-02	1.295783296341903451e-02	3.960841042654855010e-03
3.027577239803582593e-02	2.768329760995328834e-02	4.588619504656110681e-02
2.460302498727034437e-01	2.778792967261623503e-01	2.166403913497924882e-01
3.128670596201485465e-02	2.573473955262824478e-02	4.984703608921595835e-02
1.589724158657435660e-01	1.540327035520117072e-01	1.435675784519740428e-01
2.514529519853971051e-02	2.023010209958124930e-02	2.178462573460170082e-02
4.702582344731788544e-02	3.513649312032532390e-02	6.543366772787911900e-02
1.637665430704752720e-02	1.906622243550149670e-02	1.648091724940708644e-02
1.180121054343127307e-01	1.073876822599068165e-01	9.816680908203125056e-02
1.554702647964524218e-02	1.916535988381381367e-02	2.294309752328055341e-02
1.966770898311509877e-02	1.490639102074407807e-02	9.902102606637137525e-03
2.621726655814261009e-01	2.744402738943261255e-01	3.209126186370849787e-01
3.525932673649685711e-02	4.560598616592712040e-02	2.772588729858398507e-02
1.899577484947461217e-02	1.384164880497664417e-02	1.188252312796456503e-02
9.984484593802635255e-02	9.647044974354920810e-02	1.117642157418387294e-01
3.437956509604730981e-02	3.762783030027984366e-02	4.390577452523367757e-02
2.918073467522950756e-02	1.828154404225620575e-02	2.526004110063825164e-02
5.133798465087144325e-02	4.694952869561776904e-02	3.830103601728166579e-02
4.586619572537389833e-02	4.224865191176922774e-02	5.578829765319823913e-02
5.405203384726054577e-02	4.801427091138520120e-02	3.400367191859653831e-02
2.068812519038489006e-02	1.872345196303500797e-02	1.980420521327427505e-02
9.061310838121885980e-02	1.202566312388524128e-01	8.467265674046108026e-02
1.059858077162996286e-02	1.171216437344177463e-02	3.526605129241943554e-02
3.677914733186773977e-02	4.485682628121793331e-02	3.878646169389997345e-02
1.438621101029422256e-01	1.565972535474692284e-01	1.308953748430524422e-01
3.096667648455418698e-02	2.661855539418585270e-02	2.178462573460170082e-02
4.872228669099486903e-02	6.084875503809587804e-02	3.994493348257881910e-02
1.289633494123406443e+00	1.241696389589441507e+00	1.240274357114519388e+00
6.707800258554814932e-02	7.746520020445371579e-02	5.728329249790736766e-02
1.102252400249516262e-02	1.673162075048584274e-02	1.782378469194684581e-02
4.342645009358724051e-02	3.855891454787481465e-02	4.588619504656110681e-02
5.703348719745601064e-02	5.215502005018946008e-02	7.394860540117535741e-02
3.570588235825938317e-01	3.536935585068850529e-01	3.829692431858607859e-01
1.177540732450806094e-01	1.245765729983281389e-01	1.112400722503662093e-01
4.078766927806608961e-02	4.330564827047368726e-02	4.472772325788225423e-02
1.589441736903759311e-02	1.597113323651151023e-02	1.188252312796456503e-02
4.741789149946393916e-02	4.721051024218674702e-02	3.284520012991769267e-02
4.130673393926124343e-02	3.869257251604727582e-02	3.714256422860282014e-02
4.842450042747940830e-02	4.570386010564050916e-02	4.951051303318568936e-02
3.660319500377783031e-02	3.230411922144266895e-02	3.202325139726911601e-02
4.911366442292473128e-02	5.658807293061287463e-02	4.670814377920968347e-02
5.045753269020570447e-02	3.986708249913931829e-02	3.430470194135393225e-02
3.863799593864231108e-02	2.724138968917448264e-02	2.376504625592913006e-02
1.093877127411168604e-01	1.132453436492591725e-01	1.007205745152064680e-01
2.033964311675558884e-02	2.191767861033731141e-02	2.772588729858398507e-02
2.677083015441894531e-02	2.404716304187217921e-02	3.482562065124511497e-02
6.410621678063628537e-02	6.824437301096644704e-02	4.853966167994908099e-02
4.514235610261969622e-01	4.520680230517175047e-01	4.635947377341134157e-01
4.838677225492051676e-02	3.957638835760488721e-02	3.366714886256626932e-02
9.267590344863564644e-02	9.611392131049512066e-02	8.549460547310964997e-02
1.042997036505182995e-01	1.021110062958091869e-01	8.616765158517020184e-02
4.295543588994110706e-02	4.978190259450042399e-02	4.588619504656110681e-02
4.739847329049300118e-02	4.170587278913975154e-02	4.753009251185826012e-02
2.102120921517001625e-02	1.916535988381381367e-02	1.782378469194684581e-02
1.007327085605819600e-01	1.024728594104632046e-01	1.207606567655290924e-01
1.042262844354005340e-02	1.810061766804638150e-02	1.450049672807965893e-02
8.102979184655239031e-01	7.548829161443285640e-01	7.286608954838343921e-01
2.457558803966650440e-01	2.185268061501639270e-01	2.285622855595179914e-01
9.387468139695100133e-02	1.141529753460862051e-01	1.050010054452078651e-01
2.473278453955227510e-02	2.191767861033731141e-02	2.376504625592913006e-02
5.780605234501923206e-02	5.219318460209578653e-02	5.115763528006417316e-02
1.384792406624610339e-01	1.315286214450537283e-01	1.653560822350638171e-01
1.913006575464837669e-02	1.615205961072133448e-02	1.304099491664341588e-02
1.897353163552940522e-02	2.147577068955850571e-02	5.941261563982282515e-03
2.011311469821755113e-02	1.384164880497664417e-02	1.188252312796456503e-02
1.734219938972309666e-02	1.384164880497664417e-02	2.178462573460170082e-02
9.030266945515204313e-02	8.190682919527161876e-02	6.782294818333217679e-02
4.363427760039630121e-02	6.114528439195108384e-02	4.984703608921595835e-02
3.088410549572119176e-02	3.399169573219873453e-02	4.820313862391880505e-02
8.550972224010969236e-02	9.193141705795733476e-02	1.014900970458984392e-01
5.397523535865526856e-02	3.975731473181470799e-02	6.255150794982909657e-02
2.438087988337245618e-02	3.674401445872223226e-02	3.284520012991769267e-02
3.691562658420761284e-02	2.235958653111611710e-02	4.472772325788225423e-02
3.281313359555119158e-01	3.392376474887361382e-01	3.248992415836879366e-01
1.190273518226926813e-01	9.968584363911009438e-02	1.211815459387643040e-01
2.918833257226039965e-02	3.887349889025710353e-02	2.806241035461425753e-02
2.183973213219132098e-02	2.023010209958124930e-02	2.574546677725655583e-02
4.436102044691733054e-02	4.740402775426064835e-02	3.960841042654855010e-02
9.357936724974839915e-02	8.704961389989897269e-02	8.964306695120674573e-02
1.824369197227174860e-02	2.351011292359429794e-02	1.546184607914515875e-02
2.338891627227129844e-02	4.214778070991855724e-02	1.980420521327427505e-02
2.235725385333419968e-01	1.868134277390627873e-01	1.965889998844691788e-01
3.003585297762436102e-01	2.625960164722026535e-01	2.732821716581071980e-01
2.130627938366811205e-02	2.404716304187217921e-02	1.188252312796456503e-02
1.440475120894405769e+00	1.415870235812279443e+00	1.392947615214756629e+00
3.968299959048583042e-02	3.479545640139718871e-02	5.926371301923479690e-02
4.936165532570001985e-02	3.092479266329295137e-02	6.733429772513253864e-02
2.610852798555239954e-02	2.874803982572072050e-02	4.065303666251045972e-02
1.399012661855155229e-02	1.127025645266297067e-02	1.782378469194684581e-02
3.725789927561348747e-02	2.573473955262824478e-02	3.482562065124511497e-02
1.762966336824842856e-02	2.364734240940638901e-02	1.782378469194684581e-02
5.271303777665537621e-02	4.658767594719812055e-02	6.255150794982909657e-02
2.496781530001112581e-01	2.015011717097550392e-01	2.300856706074305980e-01
4.020394899794085819e-02	2.394802559355986224e-02	4.308382579258510092e-02
1.772666954483825483e-02	1.765870974726757581e-02	1.106057439531598838e-02
4.479597628298884887e-02	5.383748795762772349e-02	6.666447639465332420e-02
3.674727215314859546e-02	3.150035855224422171e-02	4.102291720254080953e-02
4.391483400210692556e-02	3.806973822105864935e-02	3.680604117257254421e-02
5.314526922476765780e-02	5.040473688948905046e-02	5.844176428658621331e-02
1.475634254082262668e-02	1.810061766804638150e-02	1.188252312796456503e-02
3.671539697442944422e-02	2.635757384761687125e-02	3.714256422860282014e-02
8.706279865463209533e-02	8.262880093857256913e-02	8.601874896458217012e-02
2.506527098676115603e-02	3.043561633647678608e-02	3.366714886256626932e-02
4.049072265624999861e-02	3.150035855224422171e-02	2.376504625592913006e-02
9.122454952391645389e-02	7.356808408980362868e-02	8.500917979649134926e-02
1.121573299442956140e-01	9.908955730783958193e-02	9.637078421456472810e-02
2.387730018079098696e-02	1.783963612147740005e-02	1.898225648062569840e-02
3.514578101831838941e-02	3.575932741531395731e-02	1.386294364929199253e-02
1.749520582671559188e+00	1.699468789562102344e+00	1.784123089654105154e+00
9.009346130791059948e-02	9.532565235542261872e-02	9.408933367047990493e-02
9.552722808417923872e-02	6.159493816979286912e-02	9.254934379032679626e-02
2.766091407985862144e-02	3.575932741531395731e-02	2.690393856593540842e-02
3.038812369017061463e-02	3.123937700567523679e-02	2.888435908726283419e-02
2.928464842863403791e-02	2.448907096265098490e-02	1.188252312796456503e-02
9.399221169474657189e-02	1.094892556033742470e-01	1.190128517150878945e-01
1.085949992550257898e-01	1.105850343513781753e-01	1.082533073425293035e-01
2.787633948369857423e-02	2.254051290532594135e-02	2.724046162196568088e-02
1.282566403030255542e-01	1.183227525878062514e-01	1.196504047938755644e-01
5.561380590503004623e-02	5.635128226331485163e-02	3.598409243992396755e-02
3.738424697782650324e-02	3.575932741531395731e-02	5.496634892054966248e-02
1.663715718353924733e-01	1.708956830512543545e-01	1.622754492078508637e-01
1.192042986551920536e-01	1.364645551426619530e-01	9.920864650181361599e-02
9.572535334012559349e-02	7.517560542820052316e-02	1.012379401070730989e-01
1.522248323539710478e-02	2.555381317841841707e-02	1.584336417061942004e-02
2.210420993489956715e-02	1.446448309996527237e-02	1.106057439531598838e-02
1.904557021021478433e-02	1.064742215767434073e-02	2.178462573460170082e-02
4.187475431949720661e-02	2.848705827915173905e-02	2.690393856593540842e-02
1.280709319158431642e-02	1.490639102074407807e-02	1.188252312796456503e-02
2.068606224993317991e-02	1.508731739495390231e-02	1.584336417061942004e-02
8.075026151966246957e-01	7.228821290802845967e-01	7.041239207131522182e-01
1.853995643989026290e-02	1.384164880497664417e-02	1.386294364929199253e-02
1.922221285852088180e-02	1.615205961072133448e-02	2.772588729858398507e-02
2.503147125244140764e-02	2.023010209958124930e-02	2.574546677725655583e-02
1.946951344107998236e-02	2.466999733686080915e-02	1.386294364929199253e-02
4.537021391982332119e-02	4.126396486836095279e-02	5.380787713187081683e-02
2.201317282627117400e-02	3.082875502274333088e-02	2.376504625592913006e-02
1.473487679017793095e-01	1.233534541913807459e-01	1.389691843305315422e-01
2.303701161609147952e-02	2.692243507197741859e-02	1.584336417061942004e-02
4.257096573482595236e-02	3.362984298377908604e-02	4.816764559064592305e-02
2.654096436427638483e+00	2.669171000772174285e+00	2.676392900603158154e+00
1.987741773646176657e-01	2.198909270232357327e-01	2.660335234233311419e-01
1.379513219955864345e-01	1.269077998335643442e-01	1.160615798405238569e-01
1.306056961736183283e-02	1.872345196303500797e-02	3.960841042654855010e-03
1.096336695761491037e-01	8.385538725259666926e-02	7.776054382324218417e-02
3.765959929253347854e-02	2.981278204148815614e-02	2.970630781991141084e-02
2.320333197940744815e-02	1.934628625802363791e-02	2.096267700195312417e-02
3.958262813929753349e-02	4.339344929989581712e-02	3.482562065124511497e-02
3.337445709683479755e-01	3.175247587183470110e-01	3.253589296340942405e-01
3.893142898512907263e-02	3.797060077274633239e-02	3.482562065124511497e-02
8.707333106877972184e-02	6.858887723697129624e-02	8.930654389517647673e-02
4.321033436953110318e-02	3.939546198339505950e-02	4.917956488473074900e-02
2.495141115246927388e+00	2.439135634221605731e+00	2.418360007831028557e+00
9.422963070942356190e-01	9.099616495328748389e-01	9.690182215826852463e-01
2.243457779607277158e-01	2.152323554371542158e-01	1.819402538027082294e-01
4.187948034443986778e-01	3.980979084419215552e-01	4.059934820447649306e-01
2.922089807119573543e-02	4.180674399099042204e-02	4.028145653860909503e-02
1.395825143983240105e-02	1.890437833724483221e-02	5.941261563982282515e-03
6.496021754880199062e-02	5.546746642175724024e-02	4.996367045811244550e-02
5.264285837109300425e-01	5.007213751475015906e-01	5.158621467862810617e-01
4.501830926364350227e-02	4.534374111075921421e-02	6.332846164703369307e-02
1.001535975604976036e-01	7.748601623394522908e-02	8.964306695120674573e-02
1.890149306084402611e-02	1.384164880497664417e-02	4.696417876652309031e-02
1.953846788552193736e-02	2.041102847379107355e-02	1.584336417061942004e-02
1.594795256215133517e-01	1.313459613173055540e-01	1.976751347950526649e-01
5.184156435345291247e-02	4.622755695231682560e-02	3.598409243992396755e-02
4.098670446180057575e-02	4.144489124257077356e-02	5.654926300048827847e-02
4.098670446180057575e-02	3.957638835760488721e-02	4.390577452523367757e-02
3.130045082955550118e-02	3.212319284723284818e-02	3.598409243992396755e-02
8.520775278773876082e-02	8.944181363154117548e-02	7.158666678837367903e-02
5.146483193843736509e-02	5.518740259923510250e-02	7.242134230477469126e-02
1.127308438677306623e-01	9.448546088785619856e-02	1.082210390908377451e-01
5.332122155285756726e-02	3.869257251604727582e-02	5.448092324393136177e-02
4.265060220654222356e-02	4.308919459810271746e-02	4.110340527125767168e-02
1.413420376792231051e-02	1.384164880497664417e-02	3.960841042654855010e-03
4.912314706621549038e-02	3.851164614183745505e-02	5.892718996320452096e-02
4.331493844315181807e-02	4.658767594719812055e-02	3.994493348257881910e-02
2.089141053307676188e+00	2.116432140133531092e+00	2.065237885883876245e+00
3.765959929253347854e-02	3.638216171030258378e-02	3.482562065124511497e-02
1.902877946147860377e-01	1.655138260391633698e-01	1.643458598000662740e-01
1.211840136700084898e-02	2.523485856122135648e-02	1.188252312796456503e-02
2.090006559996065300e-02	3.342472573029830335e-02	1.782378469194684581e-02
4.727035808271588813e-02	6.471693497465869083e-02	7.676489148821150077e-02
6.172942823590853167e-02	5.715504293251330581e-02	8.433935846601213482e-02
3.624165838282407404e-02	2.981278204148815614e-02	4.158883094787597934e-02
3.334881872941230369e-02	1.615205961072133448e-02	3.318172318594796166e-02
3.405953561858664214e-02	4.508102581065188269e-02	4.588619504656110681e-02
6.116140785567257543e-02	5.893699950703094881e-02	6.685630321502684936e-02
5.505715787228458724e-02	4.144489124257077356e-02	5.100550787789481094e-02
3.215249946722561480e-01	2.856896106731690033e-01	2.581287867682320880e-01
8.820556077753002877e-02	6.175504851451117660e-02	9.192686762128557398e-02
8.153962577154877378e-01	7.472028735962148449e-01	7.747821671622140416e-01
1.618188134756292501e-02	1.810061766804638150e-02	9.902102606637137525e-03
1.984638569916424844e-02	1.828154404225620575e-02	2.888435908726283419e-02
2.621764582596058588e-02	2.768329760995328834e-02	2.376504625592913006e-02
1.431015609601221997e-02	1.064742215767434073e-02	9.902102606637137525e-03
1.443067060698063064e-01	1.266082787110875130e-01	1.184146697180611801e-01
4.250854862574772464e-02	3.496129575046709459e-02	3.725919859749930035e-02
1.782799442244596688e-01	1.754076030397195285e-01	1.730356529780796571e-01
7.857545858494002777e-02	8.419642397152479751e-02	7.129513876778738324e-02
2.066930455899019733e-02	1.721680182648877011e-02	1.502141543797084339e-02
3.745177178572441784e-02	2.874803982572072050e-02	4.868856430053711271e-02
3.066798977166505444e-02	4.214778070991855724e-02	3.564756938389369162e-02
4.873629390646558313e-01	4.814764962584558439e-01	4.830148165566580665e-01
4.143561529457022441e-02	4.437813634330409901e-02	2.690393856593540842e-02
5.178005819291514600e-02	2.999370841569798038e-02	4.704466683523995246e-02
2.976688536664396853e-02	2.191767861033731141e-02	3.168672834123884008e-02
3.794775359127499498e-02	4.757236299060639551e-02	2.869996343340192393e-02
6.885613636868444243e-02	6.591487992926860218e-02	5.380787713187081683e-02
4.151456144607030413e-02	3.194226647302302047e-02	5.321462154388427457e-02
1.022596239679085667e-01	1.090490814361337879e-01	1.166636398860386448e-01
4.571100160616253238e-01	4.435375787878549358e-01	4.587283999579293559e-01
1.065368258624995457e-01	8.839441993818854260e-02	7.592902592250279359e-02
6.451969788344263934e-02	6.967096797515354156e-02	7.125014305114746316e-02
1.533399488583252722e-02	1.127025645266297067e-02	1.502141543797084339e-02
1.194244903891093952e-02	1.425936584648448795e-02	1.502141543797084339e-02
1.568589954201234440e-02	1.968905673049012664e-02	2.178462573460170082e-02
1.298619421979338440e-01	1.248268473166657677e-01	1.152041380746024052e-01
1.376435688147122083e-01	1.183003273244643966e-01	1.067938055310930501e-01
5.002121867025299817e-02	4.315131563927904201e-02	4.274730273655482499e-02
8.388529757111809482e-02	9.389905739123553807e-02	9.341951234000070436e-02
1.764391385816288238e-01	1.791823031166182023e-01	1.863148811885288747e-01
3.925552791047168949e-02	2.617664747340704701e-02	4.158883094787597934e-02
7.740431517271456618e-02	9.160749447144304891e-02	7.047319003513881353e-02
4.038134277413744228e-02	2.995727761733000746e-02	2.922088214329310665e-02
1.716263475622241241e+00	1.702196836837791993e+00	1.724992749350411581e+00
9.239674097171981515e-01	9.361381087618123598e-01	9.123216812951223664e-01
