2636
-0.47691667079925537 25.707168579101562
-2.001889705657959 -68.50843811035156
-48.217979431152344 -6.2055792808532715
4.002484321594238 -9.181201934814453
-17.23339080810547 9.556224822998047
-16.206886291503906 14.681599617004395
-20.010440826416016 0.3690856099128723
-17.012924194335938 -44.83750915527344
-3.222402811050415 59.67904281616211
16.105762481689453 -2.343378782272339
9.087995529174805 10.70808219909668
8.895524024963379 -58.805137634277344
-15.889004707336426 -3.579751968383789
-11.659735679626465 -11.772558212280273
0.7550390362739563 -80.49758911132812
17.197235107421875 23.949195861816406
2.0057108402252197 56.77473449707031
-11.450523376464844 77.8219223022461
0.9306417107582092 60.01948928833008
-11.743179321289062 -13.294198989868164
8.120598793029785 -43.63609313964844
-3.519482374191284 63.09171676635742
38.402587890625 -11.161828994750977
29.516752243041992 5.716068267822266
-18.483556747436523 -83.75566864013672
38.558685302734375 18.766822814941406
34.09630584716797 7.063186168670654
-17.081443786621094 -80.27748107910156
-18.19853973388672 -9.321194648742676
-16.335796356201172 80.19751739501953
4.535129070281982 -62.374420166015625
-1.468551516532898 2.4099221229553223
3.4133102893829346 -63.91246032714844
31.06800079345703 10.29955005645752
5.554257392883301 -45.5093994140625
-9.715394973754883 -76.12162017822266
29.656984329223633 28.53571891784668
-52.097286224365234 2.007526159286499
-21.952146530151367 21.4907283782959
1.5597845315933228 27.090776443481445
16.26531410217285 -8.113616943359375
25.569271087646484 -0.4612853527069092
25.03418731689453 11.126304626464844
-0.9313021898269653 -2.2920498847961426
20.57416343688965 -9.84546947479248
5.327983379364014 -56.4024543762207
42.15030288696289 9.223518371582031
-11.141374588012695 -76.23197937011719
-18.087488174438477 -39.67828369140625
-9.115046501159668 -84.72206115722656
-15.149001121520996 -81.04461669921875
26.298776626586914 -10.120489120483398
27.294578552246094 20.243440628051758
-6.650115489959717 61.33253860473633
4.508624076843262 -54.825889587402344
23.54738426208496 28.862268447875977
4.320027828216553 -77.43334197998047
3.3325035572052 -80.85995483398438
40.700740814208984 10.270096778869629
47.21503829956055 4.677614212036133
-54.535552978515625 -6.613405704498291
-13.477224349975586 -68.37972259521484
20.688459396362305 1.8088657855987549
-7.291477680206299 -81.22888946533203
16.588953018188477 13.58643913269043
22.095151901245117 25.13045310974121
26.954458236694336 3.4524381160736084
19.734901428222656 27.159881591796875
6.6482954025268555 13.520532608032227
-61.50996780395508 -1.783953309059143
-3.146667718887329 -0.9653795957565308
-60.75028610229492 0.7392967343330383
25.026397705078125 2.7259039878845215
-2.728624105453491 72.83509063720703
5.9550909996032715 -8.52014446258545
-4.7629499435424805 1.501530647277832
37.679664611816406 12.148285865783691
8.071510314941406 -49.62537384033203
-2.3936238288879395 -52.896217346191406
-13.593551635742188 16.802392959594727
-12.444899559020996 -45.63139724731445
2.3712573051452637 2.127171754837036
8.27008056640625 -46.10771179199219
-1.2400779724121094 58.17163848876953
36.953102111816406 -9.038473129272461
-18.082624435424805 -10.339612007141113
-6.330949306488037 74.10951232910156
-16.840166091918945 78.11221313476562
42.64191436767578 -0.8286864161491394
5.962057590484619 -48.825443267822266
-6.364084243774414 81.20777130126953
-15.806779861450195 80.20719909667969
7.935518264770508 -70.5779800415039
7.578646183013916 -77.10015869140625
22.43067741394043 -15.638078689575195
7.407339096069336 -74.30722045898438
8.569432258605957 -70.26346588134766
-2.0643558502197266 -62.24790954589844
-60.37019348144531 -0.11506844311952591
-18.699542999267578 -40.240055084228516
-6.819794654846191 23.565139770507812
-31.987451553344727 7.942759037017822
-49.70798110961914 -3.2579190731048584
-0.3956027328968048 57.7861442565918
-19.90161895751953 -8.929110527038574
2.4221787452697754 57.811729431152344
16.770675659179688 -4.004507064819336
11.517602920532227 -82.84700775146484
-7.314988136291504 -49.39837646484375
8.287675857543945 4.558091163635254
-18.75679588317871 -8.671609878540039
-4.7615065574646 0.1686743050813675
-15.262214660644531 -43.51225662231445
-11.203876495361328 -69.58380889892578
46.65520477294922 9.933489799499512
-1.5075546503067017 79.73609161376953
-9.302373886108398 -77.15108489990234
42.6070556640625 -4.7902984619140625
-32.61042785644531 10.716838836669922
-4.376055717468262 -46.19009017944336
0.9700299501419067 74.43603515625
-15.104159355163574 21.87271499633789
48.241092681884766 9.378968238830566
-13.514756202697754 -12.774495124816895
-2.6789979934692383 -51.279930114746094
-18.66039276123047 79.04930114746094
-59.35011291503906 -3.3617770671844482
22.228788375854492 33.76320266723633
37.96357727050781 -12.939842224121094
32.46981430053711 14.288352012634277
39.46247100830078 18.377593994140625
-28.871570587158203 9.818639755249023
-2.429009437561035 76.72500610351562
-8.068483352661133 -68.54674530029297
-7.823554515838623 27.909666061401367
32.615909576416016 19.44154167175293
29.333595275878906 -15.38651180267334
-2.729912042617798 81.29722595214844
18.132417678833008 0.19406013190746307
-48.76790237426758 -0.9764463305473328
-56.990264892578125 -4.346668720245361
-4.729283809661865 65.98712921142578
-27.70109748840332 12.487885475158691
-16.690025329589844 -1.9614797830581665
-5.601625442504883 58.74614334106445
25.75657844543457 -10.689398765563965
-2.328436851501465 -59.139347076416016
-57.64107131958008 -3.778352737426758
-36.75775909423828 9.178930282592773
19.380252838134766 5.2215471267700195
11.845736503601074 20.052234649658203
34.72065734863281 10.85000991821289
8.772868156433105 -68.78288269042969
11.886002540588379 2.8962481021881104
43.749229431152344 6.647548198699951
-58.082096099853516 -7.217668533325195
-33.71104049682617 3.7079243659973145
7.379048824310303 -63.70021057128906
-2.4959006309509277 62.12234115600586
10.13400650024414 -77.5030746459961
2.8669068813323975 63.214176177978516
8.685903549194336 -45.37118911743164
-16.977327346801758 17.586456298828125
-1.589843511581421 61.00469207763672
15.119501113891602 12.02387523651123
-14.647768020629883 -2.465216636657715
-20.137569427490234 0.3342753052711487
17.538061141967773 -8.090681076049805
15.648545265197754 -4.245595455169678
5.971721172332764 27.0918025970459
7.060829162597656 13.85767936706543
9.812190055847168 -55.97345733642578
19.00769805908203 23.66721534729004
8.967544555664062 -78.91702270507812
44.13896179199219 -1.845120906829834
9.387567520141602 21.53633689880371
-0.12362528592348099 72.09637451171875
-11.162631034851074 68.64236450195312
-16.163299560546875 -81.37971496582031
-2.336906909942627 64.737060546875
26.893529891967773 -16.158767700195312
-10.313542366027832 -78.65474700927734
-13.620399475097656 -38.82529067993164
-56.3844108581543 3.071143627166748
-53.39610290527344 1.1686642169952393
22.130544662475586 15.071285247802734
5.3548173904418945 -77.89191436767578
-11.656388282775879 -11.202071189880371
0.8713700771331787 72.37979125976562
9.466444969177246 10.703489303588867
2.425297737121582 72.77723693847656
-28.69825553894043 9.792726516723633
-58.033809661865234 -4.796964168548584
-31.66392707824707 13.724127769470215
-24.41710662841797 10.382439613342285
-59.45589828491211 -2.359286308288574
-11.901067733764648 -6.254880905151367
-20.235300064086914 16.653379440307617
8.748575210571289 -48.64900207519531
-14.51276969909668 27.64558982849121
-25.61237907409668 15.304161071777344
-13.052823066711426 19.804210662841797
6.827774524688721 -7.1125712394714355
-14.8753023147583 -44.394466400146484
-14.997872352600098 -83.62694549560547
16.48368263244629 1.191408634185791
-16.3503360748291 12.64761734008789
-62.36396026611328 -2.876960277557373
-14.391215324401855 -7.209409713745117
-25.211984634399414 16.45823860168457
-7.978217601776123 22.911401748657227
-14.254202842712402 19.45464515686035
-10.65157699584961 -11.953822135925293
1.1653351783752441 -50.09123611450195
6.7928690910339355 -52.82680892944336
21.56559181213379 2.9850690364837646
2.1484997272491455 67.8658676147461
11.994888305664062 -0.36290937662124634
16.407470703125 -0.8698939681053162
15.124124526977539 -54.40361022949219
26.82086944580078 -8.806408882141113
-5.362071990966797 -4.7263875007629395
43.0345573425293 16.35588836669922
-4.997161388397217 -8.272546768188477
17.515064239501953 -0.4038376212120056
-27.19159507751465 6.5612874031066895
-7.962541103363037 13.509843826293945
-8.477867126464844 13.011786460876465
22.599021911621094 16.956268310546875
-6.3779754638671875 69.70194244384766
-11.406550407409668 -81.38648223876953
28.741857528686523 -11.607611656188965
-8.085334777832031 -42.195526123046875
31.06460189819336 30.01488494873047
0.2537338137626648 13.858916282653809
9.471427917480469 -0.6068688631057739
-32.85061264038086 9.755093574523926
-10.62973690032959 -75.38675689697266
11.212408065795898 25.478540420532227
-4.509443283081055 68.78604125976562
-14.766040802001953 -44.121315002441406
-9.138191223144531 -10.139730453491211
-23.499582290649414 -29.3419246673584
10.436758041381836 -66.95533752441406
18.0338134765625 18.733163833618164
13.701570510864258 -62.998714447021484
20.28122329711914 -9.708593368530273
-3.4326531887054443 78.3965835571289
19.495054244995117 -2.379140853881836
2.446572780609131 55.73773193359375
-0.3486523926258087 3.614863395690918
-12.820585250854492 79.94499969482422
-2.8300845623016357 -68.13331604003906
-13.264113426208496 -66.29203796386719
5.754184246063232 -10.076942443847656
-6.693363189697266 70.11356353759766
-19.78993797302246 75.48176574707031
-15.270984649658203 -79.8684310913086
7.672097682952881 9.607348442077637
5.0767412185668945 -8.0193510055542
13.292618751525879 -6.213799476623535
-14.467528343200684 17.91555404663086
-14.585376739501953 -45.4802131652832
-60.23904800415039 -2.029911518096924
6.382579803466797 -64.17113494873047
11.630790710449219 -70.96710968017578
0.0907207801938057 -75.25729370117188
-37.7056999206543 1.063576579093933
-13.732413291931152 -88.34110260009766
-14.07994556427002 -11.845987319946289
4.1207685470581055 57.65130615234375
0.6433940529823303 -76.61333465576172
-16.201448440551758 8.549549102783203
-1.8696215152740479 61.28657150268555
46.09627914428711 7.476534843444824
11.210741996765137 -83.20601654052734
44.4694709777832 13.764226913452148
22.367244720458984 28.183652877807617
-17.70250701904297 73.35881042480469
-3.991316318511963 55.66824722290039
-46.63681411743164 3.84348726272583
11.337434768676758 -59.64326477050781
18.178401947021484 9.744224548339844
12.96642017364502 24.803028106689453
-25.57491683959961 5.73868989944458
-55.02200698852539 -6.9460320472717285
-0.35126587748527527 72.52703857421875
-18.40595245361328 -41.76852798461914
6.409521579742432 -53.00115203857422
23.53339195251465 -7.917293071746826
-11.011638641357422 -8.370813369750977
-14.967859268188477 -75.24435424804688
14.317577362060547 6.615219593048096
-7.855065822601318 62.9761848449707
-29.998144149780273 8.165977478027344
44.708797454833984 -1.5869865417480469
26.583101272583008 8.127507209777832
-51.12657165527344 -7.6330647468566895
-55.550926208496094 -0.11890871822834015
-12.164490699768066 -67.58625793457031
10.634818077087402 -51.704246520996094
1.4139657020568848 71.96280670166016
25.37462615966797 30.756580352783203
-3.034430980682373 21.550140380859375
28.62101936340332 -8.93607234954834
-13.614645004272461 13.481855392456055
-25.63260269165039 17.038555145263672
-14.058581352233887 -9.26992416381836
-17.412616729736328 -1.3705964088439941
-3.4775710105895996 -49.74293899536133
2.269402503967285 62.049476623535156
-4.254903793334961 68.88548278808594
2.710782527923584 10.864104270935059
19.657472610473633 17.454008102416992
22.014598846435547 10.805316925048828
2.892446994781494 76.97744750976562
15.939285278320312 9.437586784362793
-4.431519985198975 -55.50517654418945
-1.8526160717010498 -5.352861404418945
4.14168119430542 -54.584468841552734
4.155407905578613 -68.7083969116211
-62.99668502807617 2.8600471019744873
-9.844827651977539 -52.909812927246094
-0.23335449397563934 76.98390197753906
8.749629974365234 -79.77278900146484
42.7744140625 10.480352401733398
-10.689593315124512 -73.96898651123047
-57.89796447753906 1.5456607341766357
1.8440190553665161 17.07962417602539
-19.164945602416992 -2.74389386177063
20.96108055114746 7.2237229347229
31.67844009399414 -16.477705001831055
-27.655805587768555 12.785826683044434
-11.488518714904785 -43.89777374267578
-58.7743034362793 -5.375812530517578
-16.282928466796875 75.6466293334961
3.14388370513916 -64.51507568359375
33.17254638671875 -4.6643548011779785
-19.483640670776367 -5.778541088104248
10.737247467041016 -54.32791519165039
10.515867233276367 16.93130111694336
21.613597869873047 7.300849437713623
9.960005760192871 5.257664203643799
42.94812774658203 2.0500388145446777
-19.20281219482422 18.707149505615234
11.374842643737793 30.48426628112793
-25.95379066467285 14.412498474121094
39.43663024902344 5.486506462097168
15.85399341583252 -6.547715187072754
-13.332447052001953 66.95328521728516
-13.9025239944458 -39.28266525268555
15.255096435546875 34.744998931884766
-4.92910623550415 -53.023563385009766
-3.5282368659973145 -53.841182708740234
38.93429946899414 -11.183582305908203
2.501192569732666 53.6800651550293
40.013710021972656 12.335155487060547
-13.051010131835938 18.88675308227539
-10.683414459228516 -77.44701385498047
2.149507999420166 59.452117919921875
-24.353717803955078 18.464557647705078
-57.56840133666992 -5.621361255645752
-58.623050689697266 -5.581338882446289
-32.156227111816406 17.555187225341797
1.6952401399612427 57.90082931518555
-8.488536834716797 -38.73036193847656
36.74518585205078 -9.099479675292969
42.814064025878906 10.878410339355469
-3.0374832153320312 -61.517024993896484
-10.092340469360352 -74.88178253173828
4.339163303375244 6.854168891906738
3.914541244506836 39.04944610595703
-50.222496032714844 -4.309436321258545
39.39652633666992 2.3605170249938965
-6.445366382598877 78.35319519042969
-7.919427394866943 65.16714477539062
10.890473365783691 -69.1169662475586
-1.4964239597320557 2.7532126903533936
-18.50963592529297 -42.420528411865234
8.198785781860352 -70.29486083984375
-8.580795288085938 -10.759950637817383
32.76292419433594 -1.1931124925613403
4.282868385314941 -63.9105224609375
-7.427488803863525 78.015380859375
30.7425594329834 28.569992065429688
-1.2414965629577637 -47.61347198486328
-60.01388168334961 -5.282796859741211
-16.21925163269043 79.99442291259766
18.228940963745117 31.09536361694336
29.90768051147461 -17.154054641723633
5.597536087036133 26.30975914001465
-25.701557159423828 15.117204666137695
11.529102325439453 26.496273040771484
29.063385009765625 -17.860641479492188
20.93959617614746 -0.12002305686473846
1.137317180633545 -46.13380813598633
4.499168395996094 -56.20305252075195
20.515588760375977 32.590110778808594
-12.52400016784668 26.576324462890625
18.13703727722168 10.13621997833252
1.1347438097000122 77.91964721679688
6.453087329864502 -61.56877899169922
-14.104327201843262 -72.13761901855469
-24.050779342651367 14.115142822265625
40.129364013671875 14.99535083770752
-11.482874870300293 76.85530090332031
-11.711607933044434 75.78732299804688
39.31721115112305 -4.235629081726074
8.647035598754883 -50.28217315673828
2.038273572921753 60.754180908203125
28.359113693237305 -3.127978563308716
4.180886745452881 -79.9983901977539
-12.860790252685547 -84.04459381103516
-9.902995109558105 -2.199960231781006
39.71775436401367 11.220794677734375
18.544843673706055 35.39802169799805
-20.316940307617188 20.60616111755371
-2.327169418334961 79.48912811279297
-60.71548080444336 3.318186044692993
23.823009490966797 -12.505541801452637
-9.654204368591309 62.808860778808594
-23.480165481567383 19.466522216796875
7.001918315887451 -67.75492858886719
2.4322264194488525 -68.34607696533203
-14.738444328308105 68.02033233642578
-4.709946632385254 79.52976989746094
-9.164549827575684 -77.68321228027344
10.40263843536377 3.358287811279297
6.050965309143066 -51.88928985595703
5.666414737701416 -58.171180725097656
-64.4715805053711 -1.568363070487976
40.565521240234375 -0.4299646317958832
3.6084351539611816 -0.8045783042907715
32.18949508666992 8.685811042785645
2.607001543045044 8.309344291687012
11.677724838256836 -80.69398498535156
36.8228645324707 -0.6643151044845581
-1.2744683027267456 5.790756702423096
-1.8598803281784058 68.17338562011719
10.07762622833252 -53.59691619873047
15.27121353149414 32.0562858581543
7.060657501220703 -58.211700439453125
-25.154037475585938 8.735158920288086
-13.665117263793945 -68.46282958984375
40.958736419677734 12.837409973144531
-26.542327880859375 14.8443021774292
7.743700981140137 29.738269805908203
22.506484985351562 -11.67585277557373
40.47441101074219 18.457429885864258
25.551536560058594 27.543909072875977
42.70989227294922 0.8639617562294006
-1.7049263715744019 -81.67608642578125
-10.574740409851074 79.22235107421875
-49.928070068359375 -2.1677143573760986
45.69841384887695 14.30876350402832
17.402225494384766 8.770580291748047
15.28957748413086 -10.180742263793945
-57.3849983215332 -0.723105788230896
-6.537355899810791 -6.075100421905518
21.916027069091797 22.893278121948242
-6.075326919555664 -6.693015098571777
20.146846771240234 -4.086407661437988
28.21501350402832 11.969396591186523
18.795724868774414 11.984040260314941
4.906296253204346 10.325684547424316
3.2416317462921143 -68.93427276611328
41.04117202758789 7.205063819885254
24.19338035583496 -5.415277004241943
-15.196934700012207 -76.77825164794922
31.223390579223633 0.6529338955879211
-14.373494148254395 -44.578025817871094
5.637265682220459 29.70962142944336
19.514896392822266 17.902986526489258
-5.547186374664307 7.244774341583252
21.830707550048828 -0.8159656524658203
-18.87824821472168 20.374521255493164
-1.6065068244934082 62.37554931640625
1.3396340608596802 2.7755565643310547
-11.9056396484375 -79.69999694824219
-24.341411590576172 17.554210662841797
-15.432016372680664 7.644452095031738
4.983462333679199 11.977413177490234
37.943763732910156 7.225513458251953
20.018381118774414 -4.660700798034668
8.681957244873047 32.14376449584961
-35.7709846496582 4.545720100402832
-8.753219604492188 66.51327514648438
-55.63207244873047 -6.673851013183594
25.560474395751953 28.995765686035156
-15.276665687561035 18.745668411254883
10.802857398986816 3.3013124465942383
14.417618751525879 -4.2360944747924805
-6.991752624511719 -8.925597190856934
39.30940628051758 -6.470125198364258
-52.940547943115234 -1.6680498123168945
45.93385696411133 10.287078857421875
-14.920114517211914 13.98440933227539
-26.529193878173828 12.559962272644043
-17.37413215637207 -10.500969886779785
37.565242767333984 -7.14390754699707
10.807791709899902 -44.57135772705078
-9.50352668762207 -1.2569992542266846
1.1312147378921509 67.03934478759766
-3.971148729324341 -56.83265686035156
-27.086809158325195 10.72917366027832
-9.80496597290039 -54.44327926635742
-14.985023498535156 79.9363784790039
-22.56975746154785 8.822565078735352
-9.922751426696777 -71.76171112060547
2.8490161895751953 1.1884715557098389
26.99575424194336 4.760236740112305
-7.580223083496094 66.77521514892578
-8.84041976928711 -39.299564361572266
-6.1512250900268555 -48.99598693847656
-7.8419365882873535 -10.218562126159668
-2.723799467086792 1.6060937643051147
4.564599514007568 24.78448486328125
-49.8839225769043 2.4656641483306885
-7.230118274688721 80.15708923339844
-3.692251682281494 5.955437183380127
42.81293869018555 8.835326194763184
25.658254623413086 26.870437622070312
9.004897117614746 28.281356811523438
-3.3917787075042725 78.85966491699219
-28.26743507385254 6.658918857574463
-8.822297096252441 21.922378540039062
-10.052592277526855 -76.91395568847656
-12.327153205871582 -86.68836212158203
18.168926239013672 -12.93498420715332
-55.18392562866211 5.147939205169678
8.456001281738281 24.966196060180664
-21.018638610839844 -7.845641613006592
-20.106733322143555 18.4002742767334
9.011591911315918 13.10384464263916
31.477184295654297 -13.888626098632812
16.96734619140625 7.577737808227539
39.7861442565918 -10.379585266113281
3.4466707706451416 -4.773026466369629
-12.223244667053223 -44.91572952270508
-9.947381019592285 -86.28401184082031
33.163997650146484 -4.958500862121582
-18.20682716369629 14.185001373291016
-23.738862991333008 -29.298477172851562
-11.1031494140625 -84.15232849121094
20.977882385253906 30.466083526611328
-11.47750186920166 -10.922826766967773
10.19926929473877 -57.49938201904297
23.274700164794922 31.837770462036133
9.834518432617188 -59.77828598022461
0.10734255611896515 11.700092315673828
27.490890502929688 26.4407958984375
-5.864043235778809 -43.43936538696289
-24.014116287231445 -1.5197004079818726
41.39162826538086 4.48546028137207
-11.347591400146484 -2.978463649749756
-36.36620330810547 12.655563354492188
24.437461853027344 -11.181249618530273
-48.22704315185547 3.347771644592285
24.62177085876465 -7.666768550872803
-5.430503845214844 67.78858947753906
32.17745590209961 22.651020050048828
0.5600656270980835 -51.00236892700195
7.2991943359375 -9.681295394897461
48.14708709716797 10.406798362731934
17.401653289794922 24.45689582824707
-15.43675708770752 7.114774227142334
26.408594131469727 23.803997039794922
-17.43524742126465 68.6325454711914
-13.288942337036133 -65.72765350341797
-5.972181797027588 20.469717025756836
-11.72618293762207 76.30866241455078
32.50398635864258 -3.095083236694336
20.303037643432617 4.169430732727051
-5.774199485778809 -55.17112350463867
22.608760833740234 14.136116981506348
12.229065895080566 -57.72212600708008
11.65095043182373 -80.46928405761719
-47.82423400878906 2.1723811626434326
10.636757850646973 -82.3656234741211
0.4448746144771576 -63.18316650390625
20.900060653686523 27.489532470703125
2.335867166519165 -48.69728469848633
6.758544445037842 -5.6809611320495605
24.69524574279785 26.444921493530273
18.213687896728516 1.235254168510437
-13.677629470825195 -41.42338562011719
-9.323566436767578 -39.16400909423828
-3.2896618843078613 82.06510162353516
-8.381590843200684 74.70637512207031
-4.992054462432861 -44.401512145996094
6.114990711212158 -43.75052261352539
0.9415518045425415 -79.89987182617188
-56.052425384521484 -2.5588533878326416
20.131750106811523 20.432525634765625
39.64178466796875 7.096889019012451
0.619287371635437 64.9683609008789
45.638893127441406 0.12022609263658524
10.193711280822754 8.537188529968262
8.666699409484863 -63.75184631347656
-12.374902725219727 -39.13446044921875
11.018278121948242 3.791215658187866
40.25882339477539 -10.095622062683105
39.98448181152344 -6.5556488037109375
1.8047233819961548 -70.9379653930664
23.882434844970703 1.3379580974578857
1.0439797639846802 -52.08909225463867
-7.324289321899414 4.159949779510498
41.049591064453125 12.320453643798828
33.91239547729492 2.142127275466919
-9.719619750976562 -78.61475372314453
8.355547904968262 -11.38489818572998
26.632638931274414 -16.700685501098633
19.0205020904541 -4.712362289428711
8.492386817932129 29.931119918823242
-11.225167274475098 -39.34002685546875
4.654087543487549 -46.95953369140625
27.23251724243164 34.46647644042969
-16.094999313354492 -10.40711784362793
38.58303451538086 -7.476280689239502
10.489727973937988 -49.905616760253906
-14.233309745788574 -82.91968536376953
11.546414375305176 25.299213409423828
44.98374938964844 2.767974615097046
-13.421825408935547 26.03360939025879
-15.609471321105957 20.533309936523438
25.26523208618164 13.346427917480469
-0.9883038997650146 70.24871063232422
-24.1190185546875 -29.649394989013672
-19.389972686767578 -2.8487584590911865
1.2887917757034302 59.80060577392578
-9.523735046386719 -74.96688079833984
-3.528326988220215 1.1200923919677734
-6.144397258758545 -46.36088562011719
-15.506117820739746 -82.3731918334961
-57.12472915649414 -2.0305330753326416
-17.093965530395508 79.92793273925781
0.7106639742851257 65.5770034790039
-4.689414978027344 68.09074401855469
2.102263927459717 69.92671966552734
-19.731430053710938 15.044069290161133
5.451396942138672 -66.22457885742188
25.479751586914062 4.671135425567627
-27.257343292236328 15.217735290527344
-14.812383651733398 -84.70339965820312
-3.475006341934204 63.97807312011719
-25.086462020874023 6.106551170349121
26.24905776977539 26.58364486694336
-19.014385223388672 81.13542175292969
-3.0964577198028564 -49.67100524902344
12.254898071289062 24.80992889404297
-7.160636901855469 72.68156433105469
-17.377979278564453 -10.772242546081543
15.972254753112793 -8.808067321777344
25.771493911743164 25.597518920898438
10.075417518615723 -69.56713104248047
1.8771557807922363 -48.75845718383789
-18.15060043334961 -40.5263786315918
-14.760562896728516 -37.49995803833008
8.791963577270508 17.276281356811523
0.6576205492019653 70.30590057373047
-14.580021858215332 -12.890724182128906
3.819262981414795 -42.684791564941406
1.7670199871063232 -62.12445831298828
1.3237613439559937 -71.88524627685547
-15.357787132263184 22.442453384399414
14.619763374328613 10.861357688903809
26.114835739135742 23.106645584106445
-2.1613988876342773 -81.3258056640625
9.361153602600098 20.696382522583008
23.77760887145996 25.39075469970703
-9.231210708618164 -48.2191276550293
-16.345979690551758 -3.2597174644470215
-21.908021926879883 21.829484939575195
-61.867557525634766 -3.892806053161621
0.7514718174934387 26.772268295288086
39.793128967285156 -1.4066040515899658
-23.518699645996094 10.951912879943848
-1.9032912254333496 69.48384094238281
-18.824365615844727 78.84325408935547
-18.134775161743164 80.62092590332031
-57.03549575805664 -1.6109849214553833
-1.3462345600128174 72.11700439453125
-10.013508796691895 -82.45757293701172
5.084835529327393 25.49212646484375
13.96738052368164 3.9417693614959717
1.5393333435058594 78.50411224365234
38.84442901611328 19.655296325683594
33.469688415527344 1.0232383012771606
-50.112483978271484 -3.542635679244995
8.603949546813965 31.461868286132812
44.05155944824219 3.1311585903167725
22.267423629760742 0.6294483542442322
18.029150009155273 -11.315364837646484
-56.91046142578125 1.5373767614364624
-1.6196461915969849 -69.29326629638672
-7.637939929962158 79.2139663696289
-1.2441562414169312 -2.2509446144104004
-2.8752706050872803 67.43426513671875
36.94435119628906 5.673435211181641
0.2087242305278778 -80.43862915039062
-9.882196426391602 77.04364776611328
34.603309631347656 6.0451340675354
22.95306396484375 15.09658432006836
-6.925869941711426 -45.21477127075195
-1.0651795864105225 -66.09161376953125
5.839852333068848 -73.17182159423828
13.086758613586426 5.239352226257324
-9.14022445678711 62.51308822631836
45.06840896606445 12.417925834655762
21.80314826965332 16.47047996520996
-16.95083999633789 -3.2199084758758545
4.660394191741943 74.31294250488281
16.942424774169922 34.313026428222656
-48.43703079223633 -6.1064372062683105
-16.99623680114746 70.42166137695312
-56.60477066040039 -1.3549031019210815
3.7671961784362793 7.985902309417725
4.659002780914307 12.517455101013184
25.765487670898438 -7.807798862457275
13.57776927947998 26.104578018188477
8.876198768615723 -78.8896484375
10.867048263549805 36.50796127319336
3.0091474056243896 -65.20246887207031
8.423675537109375 -11.252997398376465
8.563611030578613 9.704341888427734
-4.944333553314209 -43.50505065917969
-36.71009826660156 10.43016242980957
13.328580856323242 -60.986019134521484
-10.9630765914917 -8.824939727783203
5.382358551025391 8.619267463684082
-4.338650703430176 -55.311805725097656
4.238557815551758 17.930164337158203
0.775550365447998 1.4735440015792847
-55.25617599487305 -8.128265380859375
-34.72795867919922 8.510388374328613
7.2903032302856445 28.625627517700195
11.857802391052246 -59.96088409423828
-9.312193870544434 -76.64383697509766
24.047161102294922 -9.380738258361816
9.059401512145996 13.123542785644531
26.865861892700195 3.4562644958496094
14.132205963134766 10.46237564086914
-23.689533233642578 -30.346691131591797
12.558433532714844 -58.77275466918945
-52.036556243896484 1.7207258939743042
-3.4242022037506104 3.502919912338257
1.2148768901824951 -52.094608306884766
-15.101632118225098 -73.89093780517578
7.212819576263428 -55.643157958984375
11.986519813537598 28.741296768188477
-4.8918867111206055 6.654752731323242
6.549705505371094 -7.20939302444458
46.434078216552734 6.8634867668151855
27.83664894104004 23.74394416809082
14.870758056640625 14.105616569519043
15.13021469116211 -0.3776514530181885
42.814998626708984 12.722912788391113
-10.214365005493164 -72.08094024658203
-2.6919124126434326 -48.444698333740234
5.1691670417785645 13.491106033325195
-14.45425033569336 -84.9832763671875
-3.2489490509033203 62.98506546020508
7.169240951538086 66.09939575195312
-17.669479370117188 80.28419494628906
9.560309410095215 -81.30335998535156
-6.560000419616699 26.09622573852539
21.584165573120117 19.123146057128906
-9.068575859069824 -85.9461669921875
8.654007911682129 10.519054412841797
33.71628189086914 5.971049785614014
14.803877830505371 14.349021911621094
-36.99075698852539 8.573553085327148
-12.995796203613281 -83.79571533203125
15.415390014648438 17.240650177001953
-1.653365969657898 -74.27059173583984
17.46061897277832 -12.145445823669434
-8.113519668579102 -42.71460723876953
24.65644645690918 5.605885982513428
-0.5745869874954224 64.52417755126953
-36.12247848510742 2.769794225692749
-14.43384838104248 -4.190983772277832
3.1287622451782227 -54.78447723388672
43.529388427734375 -1.7756967544555664
13.987314224243164 12.325788497924805
-16.127519607543945 -37.409664154052734
36.059661865234375 -1.8313608169555664
16.8675479888916 32.46254348754883
8.17930793762207 -73.74988555908203
-16.321203231811523 -39.37828063964844
33.00394821166992 -12.696605682373047
10.714231491088867 17.118656158447266
-1.15630304813385 -81.19142150878906
6.290173530578613 -72.10426330566406
-35.22233200073242 3.8539645671844482
-4.675337314605713 -57.74916076660156
-12.004424095153809 19.870370864868164
7.408801078796387 -76.19568634033203
39.89801788330078 10.309159278869629
-9.166998863220215 73.89100646972656
-3.023581027984619 61.20085906982422
-15.948954582214355 -79.8208999633789
-35.53860092163086 3.677708387374878
32.33024215698242 10.452009201049805
-13.556571960449219 17.73585319519043
3.8669137954711914 -9.282079696655273
-9.73507308959961 73.53862762451172
-52.81060028076172 -1.4016344547271729
0.10248541086912155 63.5328369140625
-4.116663455963135 -45.65907287597656
-17.1483154296875 -41.19234848022461
8.751072883605957 -46.278106689453125
32.45773696899414 19.64784049987793
-35.494388580322266 6.206143856048584
38.30600357055664 -7.797244071960449
9.292264938354492 18.930400848388672
7.925422191619873 14.615399360656738
-60.46961975097656 2.595761299133301
-29.53256607055664 9.129295349121094
8.819558143615723 14.683333396911621
-11.024975776672363 -12.171995162963867
6.613068103790283 -71.538330078125
-11.956750869750977 -67.23910522460938
42.961448669433594 9.492036819458008
-0.4472542107105255 7.2912373542785645
-9.79348087310791 28.236751556396484
36.203643798828125 -9.551100730895996
32.54033279418945 -13.059622764587402
-10.018150329589844 10.19571590423584
18.797975540161133 25.501787185668945
-7.469510555267334 27.531158447265625
1.5599511861801147 -50.736202239990234
-0.7876096963882446 27.368566513061523
-13.582039833068848 -69.8675537109375
24.02790641784668 24.547693252563477
12.098892211914062 -58.393798828125
-27.22391700744629 7.874543190002441
41.64112091064453 14.998517990112305
46.37435531616211 3.8393056392669678
33.64342498779297 -0.6877175569534302
-48.11899948120117 2.9426660537719727
-20.42789649963379 -11.229286193847656
8.109382629394531 23.13558578491211
-29.826377868652344 7.844179630279541
40.51661682128906 13.947407722473145
5.3117218017578125 38.27582550048828
-30.01963233947754 11.79915714263916
-34.21866989135742 9.557025909423828
-0.487934410572052 74.89463806152344
43.684326171875 13.530264854431152
-27.858423233032227 13.96544075012207
5.927140712738037 -9.509696960449219
-32.1741943359375 14.776246070861816
-2.880641222000122 76.81021118164062
43.763301849365234 4.886666297912598
-2.3989925384521484 64.45304870605469
-0.02302704192698002 75.49604797363281
-17.910171508789062 -13.380849838256836
-1.7804911136627197 79.74183654785156
42.47512435913086 14.495793342590332
33.00251388549805 8.806339263916016
8.095989227294922 7.346606731414795
-32.415870666503906 3.125483512878418
-49.31208419799805 -1.2395752668380737
-13.893854141235352 -10.090511322021484
-5.150894641876221 77.44071960449219
17.47393226623535 -6.381146430969238
-6.903674125671387 82.43074035644531
-10.683204650878906 62.55595016479492
-31.414377212524414 13.234407424926758
-16.028881072998047 -38.670658111572266
1.6301082372665405 -1.431522011756897
-13.723048210144043 -76.9212646484375
27.4979190826416 31.267349243164062
3.3142194747924805 11.790640830993652
-3.671184539794922 80.24274444580078
-23.707948684692383 2.1267287731170654
-15.42558765411377 -6.632562160491943
45.21346664428711 2.976483106613159
31.896873474121094 -2.43357515335083
12.971658706665039 19.864492416381836
-11.394878387451172 -81.56330871582031
23.595458984375 21.389972686767578
34.601539611816406 9.360871315002441
31.121505737304688 28.788227081298828
-7.36005163192749 63.279266357421875
-13.990384101867676 -2.8654701709747314
33.378944396972656 2.4307448863983154
-59.89162826538086 2.3466920852661133
39.1729621887207 13.368255615234375
-56.789669036865234 -4.900723457336426
29.38846206665039 1.106805443763733
8.591163635253906 -46.89922332763672
17.781476974487305 5.896160125732422
-13.98598861694336 -42.77859878540039
26.93914031982422 -17.337594985961914
-5.855544567108154 -7.183132648468018
11.371440887451172 -69.79586029052734
9.524681091308594 -64.8216323852539
-9.22744369506836 19.527442932128906
4.07877254486084 23.632394790649414
-2.5890398025512695 -50.47732925415039
11.1219482421875 16.465463638305664
37.44452667236328 -4.712118625640869
-58.38175582885742 1.5657144784927368
23.019441604614258 24.549747467041016
22.59122657775879 26.853687286376953
-9.212865829467773 -44.663368225097656
3.0803582668304443 11.21934986114502
-31.95257568359375 2.9039664268493652
8.478473663330078 -72.62992095947266
-63.6233024597168 -1.7724382877349854
-18.911956787109375 17.699899673461914
-2.856092691421509 -47.49156188964844
36.046119689941406 10.279780387878418
8.850570678710938 28.83232307434082
-8.638463020324707 -6.8841023445129395
-11.353963851928711 -70.57501220703125
2.536297559738159 63.1424674987793
-11.06313419342041 76.65861511230469
24.683626174926758 11.058443069458008
4.2988128662109375 9.154376983642578
-4.0272536277771 -67.46955108642578
9.666582107543945 -0.2976423501968384
3.9603075981140137 17.631807327270508
4.10983943939209 57.66971969604492
-14.473405838012695 72.2686538696289
-32.96372985839844 8.202534675598145
28.112041473388672 31.61433982849121
-8.873591423034668 64.8023681640625
-19.243366241455078 81.85214233398438
30.684661865234375 -17.336002349853516
2.4808640480041504 61.48619079589844
36.03063201904297 -1.9526097774505615
1.7362995147705078 -74.36455535888672
41.763458251953125 8.32611083984375
-13.41888427734375 30.861114501953125
36.24248504638672 -7.097671031951904
8.034507751464844 -45.63449478149414
45.76567459106445 4.1364288330078125
13.48176383972168 27.776208877563477
14.323098182678223 -9.297465324401855
15.898114204406738 -0.7871301174163818
-6.703738689422607 -48.74653244018555
-18.401060104370117 -84.8795166015625
28.2406005859375 23.285686492919922
41.27640914916992 17.24226188659668
-3.269379138946533 -61.873600006103516
1.8683862686157227 66.91533660888672
25.644556045532227 32.32139205932617
24.98235511779785 31.11812400817871
-55.44552230834961 -2.371835708618164
-52.894195556640625 -6.621381759643555
-16.533004760742188 -83.74678802490234
-1.8958221673965454 -74.12345123291016
-5.700366497039795 -40.82185363769531
3.1434614658355713 -69.37764739990234
-4.925862789154053 79.5380630493164
21.066694259643555 3.05918025970459
19.10801124572754 23.556528091430664
-12.703103065490723 70.82288360595703
33.960411071777344 13.52276611328125
26.64703369140625 21.53220558166504
2.96537446975708 72.09318542480469
-5.440659999847412 -56.99106216430664
-16.571752548217773 81.2697525024414
-52.347007751464844 -5.493804454803467
-7.217986583709717 -8.40737533569336
29.681442260742188 19.001869201660156
21.505252838134766 19.081090927124023
-15.95326042175293 -84.90734100341797
3.798205852508545 -46.641326904296875
-16.899967193603516 -81.93544006347656
-11.59341812133789 -41.550453186035156
21.69906234741211 -12.545575141906738
-28.17546844482422 7.615956783294678
-46.342185974121094 4.569362163543701
-16.54684066772461 8.57768726348877
7.7021636962890625 -47.276912689208984
-2.8191545009613037 80.06379699707031
-62.50223159790039 1.8998324871063232
27.239253997802734 34.496681213378906
26.750999450683594 5.962891578674316
8.37061595916748 -73.9057388305664
-2.3094146251678467 -50.32556915283203
-3.613936424255371 -2.3518354892730713
38.887672424316406 0.9394243359565735
-12.926803588867188 67.62247467041016
37.303768157958984 -12.796891212463379
-13.24754810333252 -81.56570434570312
23.98867416381836 0.6648692488670349
-19.942312240600586 16.13993263244629
-63.25312042236328 0.5532549619674683
-25.86846351623535 9.518988609313965
-26.5300350189209 -0.49412304162979126
-4.59804105758667 67.28458404541016
31.511991500854492 -14.799446105957031
41.37208557128906 9.386916160583496
-9.493474006652832 65.191162109375
8.942601203918457 -65.52406311035156
-14.048701286315918 -43.40688705444336
-34.445064544677734 4.434716701507568
11.781208992004395 -55.8399658203125
10.899741172790527 -44.571102142333984
-1.2755879163742065 4.505142688751221
23.43463134765625 31.726346969604492
12.865464210510254 3.668790340423584
-31.722896575927734 10.364636421203613
-18.06597137451172 79.32733917236328
10.476821899414062 -1.7298684120178223
-5.016451835632324 2.1369214057922363
46.13998031616211 11.266546249389648
25.2332763671875 15.901090621948242
3.864166498184204 -62.18608093261719
31.938461303710938 -17.66154670715332
37.33749008178711 6.1150641441345215
-9.157505989074707 -84.80115509033203
16.465524673461914 -11.61637020111084
-32.76959228515625 12.077438354492188
0.12001001089811325 -44.383827209472656
-12.536613464355469 -40.00860595703125
27.72643280029297 19.553192138671875
6.712369441986084 -74.87326049804688
-16.280004501342773 77.0959701538086
32.26020812988281 17.366010665893555
42.0328369140625 10.327075004577637
-19.570035934448242 -40.27322769165039
-1.9605686664581299 -5.502127170562744
-12.122880935668945 -80.65422821044922
-5.891050338745117 -44.23058319091797
6.829467296600342 -51.33293151855469
6.9273505210876465 19.811134338378906
10.682947158813477 -1.9284404516220093
-17.608009338378906 74.23493957519531
-3.922083616256714 83.198486328125
-0.47494959831237793 -51.74042510986328
23.421945571899414 26.644739151000977
14.174101829528809 -58.08523941040039
-12.20016098022461 68.57636260986328
32.35297775268555 2.821659564971924
11.930037498474121 29.033903121948242
11.838098526000977 18.93720245361328
-5.8064069747924805 20.368871688842773
-14.850720405578613 -7.545025825500488
-9.445633888244629 68.90328216552734
-8.090363502502441 -37.740726470947266
16.28328514099121 17.006858825683594
-6.182835578918457 -68.91442108154297
-5.335158348083496 65.26720428466797
20.603607177734375 -1.7142935991287231
7.787624359130859 -65.42979431152344
-15.251811027526855 -42.73160934448242
2.980464220046997 -80.84818267822266
-2.6573760509490967 62.71628952026367
-12.423510551452637 -85.17505645751953
1.5405527353286743 -73.75060272216797
-12.88132381439209 15.187753677368164
-9.256438255310059 66.55970764160156
-6.609391689300537 19.956647872924805
-11.844820976257324 -39.25037384033203
0.5539829134941101 -51.64631652832031
20.547142028808594 22.18677520751953
-2.977504014968872 70.76580810546875
41.9981575012207 11.837788581848145
37.43075942993164 -5.95678186416626
-10.031167030334473 74.24696350097656
35.138771057128906 10.728425979614258
2.0978589057922363 69.59381103515625
3.5543441772460938 -66.78997802734375
-16.155654907226562 -4.264871597290039
-6.3482441902160645 -85.05672454833984
19.555572509765625 28.887285232543945
10.916851997375488 -68.50653076171875
38.34053421020508 -8.962093353271484
-15.576826095581055 9.03945255279541
29.462007522583008 -15.844919204711914
4.075949192047119 -73.74603271484375
3.3505141735076904 -51.48106384277344
-23.522335052490234 20.766189575195312
3.8679518699645996 71.3754653930664
1.8330849409103394 -62.403785705566406
10.042957305908203 -57.913665771484375
31.855289459228516 2.779322624206543
8.872188568115234 -1.4459930658340454
-12.735551834106445 66.60392761230469
-29.729835510253906 6.899222373962402
10.893911361694336 -67.03264617919922
-15.680956840515137 15.53561019897461
17.750595092773438 -6.512311935424805
19.05550765991211 -7.205813407897949
-5.432382106781006 -44.509803771972656
-16.850252151489258 -6.8603081703186035
25.610042572021484 5.53010368347168
44.51557922363281 13.297788619995117
29.287521362304688 -13.730029106140137
0.001774942153133452 65.85259246826172
-12.28158187866211 80.41749572753906
46.401573181152344 8.176380157470703
-15.064162254333496 -67.02666473388672
27.08722496032715 5.10863733291626
-13.383077621459961 -67.32356262207031
-52.11884689331055 -4.079619407653809
-6.516973972320557 -68.43846130371094
20.076810836791992 9.890567779541016
22.042333602905273 31.678857803344727
10.64865779876709 -72.91909790039062
43.566444396972656 -1.3120596408843994
-14.570834159851074 21.554418563842773
27.31519317626953 -6.938364028930664
3.2445788383483887 72.9970932006836
2.5346946716308594 -54.37215805053711
-6.632331371307373 -0.3690600097179413
0.9119848012924194 73.26265716552734
-9.887918472290039 -81.76176452636719
23.773698806762695 -1.3000091314315796
-6.136800289154053 75.17437744140625
-8.307899475097656 -40.18252944946289
11.674549102783203 -64.74311828613281
-5.044832706451416 -67.53411865234375
3.413646936416626 17.62120819091797
-15.187138557434082 20.37681770324707
-6.443734645843506 0.4276040196418762
-26.945987701416016 14.206788063049316
-12.287827491760254 63.95487976074219
-5.186315059661865 76.68659210205078
-18.288475036621094 -38.685760498046875
22.302011489868164 19.290281295776367
30.91480255126953 10.313704490661621
-12.065637588500977 65.46400451660156
-62.23358917236328 -1.933547019958496
-59.73644256591797 -5.082394123077393
45.85179138183594 11.20589542388916
19.69548225402832 24.04186248779297
-2.5553927421569824 0.4863400459289551
-16.283206939697266 9.879868507385254
4.573802947998047 -9.53708553314209
-12.906723976135254 -10.40001106262207
32.465579986572266 4.027477264404297
-21.288381576538086 -7.552612781524658
5.103978633880615 25.67404556274414
4.072803020477295 -50.886962890625
-29.017549514770508 8.37909984588623
39.32433319091797 -2.16045880317688
1.2614396810531616 -53.39435958862305
-32.60810852050781 11.52163314819336
-22.801433563232422 -2.791757106781006
19.77713394165039 24.739530563354492
-16.23796844482422 8.034183502197266
-6.598484992980957 26.333049774169922
17.55406951904297 33.869483947753906
-8.950607299804688 -44.92475891113281
-4.95565128326416 73.98347473144531
-8.187448501586914 -9.516654968261719
-32.809059143066406 5.0436577796936035
5.864781856536865 -78.39417266845703
-18.241291046142578 18.93494415283203
-55.053321838378906 -7.320637226104736
5.883327007293701 -61.51215744018555
-1.010345220565796 74.91773223876953
-15.029979705810547 -6.877025604248047
-13.365951538085938 -70.21466064453125
4.400485992431641 -72.25505065917969
4.454818248748779 38.97873306274414
-7.2866339683532715 61.63261032104492
-9.908658027648926 -46.1634521484375
1.9454491138458252 10.32163143157959
5.481269836425781 -47.212799072265625
-2.7855567932128906 -6.091829299926758
-28.573495864868164 11.495464324951172
8.852221488952637 17.083026885986328
9.821013450622559 33.06013488769531
12.530756950378418 -82.50780487060547
-12.8604097366333 27.489097595214844
-19.560718536376953 80.12539672851562
-10.922370910644531 -11.381413459777832
23.951723098754883 17.80654525756836
32.300872802734375 7.997928619384766
-4.6541972160339355 82.32798767089844
42.457664489746094 -7.972543239593506
8.982900619506836 -1.0882673263549805
17.84347915649414 34.045902252197266
13.215372085571289 19.922422409057617
-5.002664566040039 81.9891128540039
-10.879902839660645 18.765348434448242
5.218956470489502 -58.19891357421875
-18.033676147460938 14.453522682189941
-7.9839653968811035 -10.163138389587402
-3.852191925048828 -81.15362548828125
8.517499923706055 15.334760665893555
-14.18024730682373 -81.45284271240234
-9.696821212768555 4.773834228515625
-13.81977653503418 -40.34845733642578
23.953779220581055 33.178672790527344
35.96348571777344 10.520429611206055
19.32701873779297 6.668036937713623
19.116867065429688 14.579489707946777
-3.1423990726470947 71.15204620361328
-5.99790620803833 74.13318634033203
-52.58559799194336 -0.21663013100624084
7.776159763336182 -78.32923126220703
24.058259963989258 32.52666473388672
-20.196086883544922 21.109203338623047
-3.3941128253936768 59.88450622558594
1.762681245803833 1.4993177652359009
-1.6862574815750122 -60.0258903503418
0.8971611857414246 -44.70726776123047
-3.3023507595062256 67.21668243408203
14.110783576965332 12.633302688598633
5.203442573547363 6.743588924407959
28.6607666015625 15.774666786193848
26.52020263671875 17.74633026123047
7.403259754180908 -77.4620361328125
13.345281600952148 2.2858951091766357
18.92115020751953 7.049317836761475
-24.34989356994629 4.2476396560668945
-8.03821849822998 -44.108436584472656
12.362378120422363 10.878646850585938
-2.9159133434295654 -9.052825927734375
-34.555789947509766 3.663569211959839
-14.489595413208008 -12.745147705078125
-14.818922996520996 68.66252136230469
-0.4231812059879303 0.006398600526154041
-33.196075439453125 8.885371208190918
-11.85336971282959 -8.317827224731445
27.720985412597656 -11.912904739379883
4.89284610748291 -58.34125518798828
19.91497230529785 19.478073120117188
-13.522053718566895 -40.366519927978516
-19.059978485107422 20.432716369628906
39.32966232299805 3.114041328430176
-15.493228912353516 -75.55585479736328
-0.06533309072256088 7.160947322845459
11.132421493530273 -59.294132232666016
41.314510345458984 -4.3325629234313965
-34.37061309814453 5.601624488830566
0.13121744990348816 -75.24125671386719
-54.40640640258789 -4.327060222625732
23.236434936523438 17.538007736206055
-58.584503173828125 0.5697625875473022
26.684465408325195 34.864864349365234
-28.705625534057617 12.98023796081543
-20.454069137573242 -1.98780357837677
-54.458290100097656 3.701359272003174
17.386323928833008 -6.848249435424805
-9.242639541625977 25.649003982543945
21.151010513305664 17.244491577148438
6.84800386428833 29.681699752807617
21.4046630859375 33.8603401184082
5.658180236816406 4.937026023864746
14.4576997756958 -8.328296661376953
44.289093017578125 1.9194424152374268
33.50080490112305 5.044826030731201
-56.16476821899414 3.5825719833374023
3.800175905227661 -55.29957580566406
21.470121383666992 14.664366722106934
4.163579940795898 -75.39413452148438
-12.544758796691895 -41.00192642211914
40.868072509765625 13.358593940734863
19.73900032043457 27.988182067871094
-36.12398147583008 9.537951469421387
35.76959228515625 14.904017448425293
-19.971555709838867 19.619976043701172
-12.518365859985352 -8.781893730163574
-11.906686782836914 16.73118019104004
2.4904520511627197 -69.02506256103516
3.389288902282715 6.307521820068359
-46.938133239746094 4.290247917175293
-59.53568649291992 0.30514490604400635
-1.2904129028320312 -50.24945068359375
-58.419410705566406 -4.373308181762695
31.39842414855957 -13.342658996582031
2.2551989555358887 -79.2883529663086
-31.084951400756836 7.394942760467529
8.691117286682129 16.30078125
-65.39895629882812 -0.4480474293231964
7.169138431549072 66.09904479980469
19.975399017333984 32.79209518432617
-3.2094218730926514 -65.91764831542969
-56.56596755981445 -3.7745249271392822
21.851940155029297 0.20933647453784943
-18.494415283203125 -8.5209321975708
28.184709548950195 -8.435572624206543
26.769611358642578 35.449317932128906
11.51570987701416 -58.731964111328125
-16.399005889892578 75.06497955322266
29.472681045532227 28.760908126831055
-21.174198150634766 -8.227324485778809
-14.479486465454102 -12.792868614196777
3.9015331268310547 -47.24248504638672
-35.3864631652832 5.010716915130615
-7.5104827880859375 9.200420379638672
-12.71037483215332 -76.58818817138672
22.88528823852539 21.705062866210938
-60.08587646484375 4.482219219207764
5.5822577476501465 -77.18587493896484
7.13067626953125 -70.47747802734375
-1.9623386859893799 -46.64948272705078
-19.689746856689453 24.340831756591797
-12.892633438110352 78.386474609375
-62.5365104675293 -0.2685791552066803
-16.879289627075195 -38.56559753417969
14.238061904907227 24.343732833862305
-26.45895767211914 16.825031280517578
-6.922731876373291 -85.08604431152344
18.7645206451416 9.091550827026367
23.660160064697266 14.494110107421875
2.39495849609375 55.574668884277344
-9.989219665527344 62.002803802490234
6.416626453399658 10.845619201660156
-12.26125431060791 -79.05249786376953
11.277312278747559 23.239994049072266
31.878183364868164 4.946502685546875
-61.55617904663086 0.8764895796775818
-3.1443305015563965 61.921905517578125
-15.658411026000977 -40.95992660522461
34.57994842529297 -17.108253479003906
-0.4537179470062256 -51.234825134277344
-63.54856872558594 -0.7564553618431091
-56.500057220458984 -3.582508087158203
2.0663177967071533 53.35878372192383
41.16413116455078 -3.644702196121216
9.385576248168945 -52.25794219970703
9.13334846496582 -49.0654411315918
37.000877380371094 7.619478702545166
19.637027740478516 33.078758239746094
32.48974609375 -14.059059143066406
5.051732063293457 -50.54706573486328
10.70112133026123 28.14260482788086
36.694091796875 -2.481355667114258
1.6581618785858154 57.37592315673828
28.099973678588867 29.6000919342041
-4.539999485015869 -7.610971927642822
17.165199279785156 31.76726722717285
-7.712189674377441 -44.685340881347656
-5.995377540588379 -71.18080139160156
-5.774247646331787 -80.76547241210938
27.25251007080078 -18.64930534362793
14.51464557647705 29.459932327270508
7.040977478027344 -48.11376190185547
40.81831741333008 4.200265407562256
-1.3350526094436646 23.616525650024414
-13.51750659942627 -46.032230377197266
25.712064743041992 -13.210912704467773
10.671586036682129 -44.560787200927734
-20.04645538330078 21.972055435180664
-11.37665843963623 -82.33577728271484
-17.10468101501465 -9.501228332519531
9.427084922790527 24.91682243347168
-5.6254377365112305 -70.6636734008789
10.361985206604004 -81.6413803100586
24.376811981201172 -10.722176551818848
28.720354080200195 16.73830223083496
-11.314871788024902 -72.43231201171875
-9.755355834960938 -45.91729736328125
43.32807159423828 17.564512252807617
7.126532554626465 -56.34171676635742
-6.520928859710693 -7.548071384429932
27.253557205200195 -15.980711936950684
-58.916114807128906 -3.3571503162384033
-37.84410858154297 0.5450772643089294
-13.272661209106445 15.252381324768066
33.82529830932617 4.47888708114624
30.084062576293945 -0.2565876841545105
16.572877883911133 -10.477103233337402
7.557875633239746 -50.992618560791016
8.255451202392578 7.24326753616333
-2.83199143409729 -0.5235382914543152
10.747905731201172 20.507226943969727
4.149548053741455 66.87799072265625
-9.081206321716309 -83.65989685058594
-10.907272338867188 68.7597885131836
17.01545524597168 -10.062376976013184
11.031435012817383 27.0787410736084
0.05816350504755974 12.296564102172852
-35.93878936767578 11.954299926757812
23.149520874023438 1.1209543943405151
18.05901336669922 35.5135612487793
-50.96870422363281 -5.0479207038879395
34.59975051879883 1.4486182928085327
4.3539886474609375 -65.1822738647461
41.549190521240234 4.404453277587891
25.501693725585938 -4.797446250915527
-4.375125408172607 -81.02863311767578
-10.360240936279297 28.416942596435547
-8.211100578308105 25.37525177001953
26.92593765258789 7.989650249481201
-6.022454738616943 -68.1043701171875
-23.72800636291504 12.702435493469238
45.40978240966797 7.617992877960205
-13.843230247497559 22.00245475769043
-16.682884216308594 -6.919507026672363
-30.61211585998535 7.547280788421631
14.999641418457031 4.76460599899292
-31.026533126831055 14.9141206741333
-9.118913650512695 -1.079160213470459
-17.015357971191406 80.63903045654297
7.51151704788208 -45.43284606933594
-6.859868049621582 18.191560745239258
17.6036319732666 6.241396903991699
-14.49118709564209 -8.113686561584473
4.556424617767334 -72.0975341796875
18.965923309326172 8.70682144165039
-14.776239395141602 -83.58092498779297
-30.284290313720703 13.378000259399414
10.339469909667969 -54.14404296875
11.674899101257324 -60.6407585144043
32.75690841674805 -3.2263808250427246
22.34998893737793 10.839253425598145
3.399502992630005 76.14332580566406
25.189769744873047 2.3950910568237305
-15.23729133605957 -8.642007827758789
40.00336837768555 -5.866415977478027
1.1394766569137573 61.65189743041992
14.843466758728027 7.045749664306641
-1.798913598060608 -44.27836608886719
39.7808723449707 -8.027491569519043
22.76714515686035 21.128826141357422
4.636162757873535 27.24387550354004
29.162683486938477 -15.32078742980957
23.713993072509766 -11.26393985748291
-7.669912338256836 -84.8896713256836
3.2425622940063477 74.57554626464844
-3.7240381240844727 -8.739034652709961
-16.95068359375 -4.05300760269165
23.435272216796875 -14.796487808227539
-34.494991302490234 4.839870929718018
-5.430924415588379 -55.52988815307617
2.8052890300750732 17.611547470092773
13.597431182861328 27.240888595581055
5.285187721252441 73.91991424560547
-14.432496070861816 79.45421600341797
40.09580612182617 -11.559650421142578
25.4912166595459 -17.711977005004883
36.7960205078125 6.043517112731934
15.066051483154297 0.005711408797651529
-10.952804565429688 27.074024200439453
-26.39385223388672 5.485922336578369
-60.8159065246582 1.7626030445098877
40.57111358642578 -7.922452926635742
24.866914749145508 18.836917877197266
16.982891082763672 7.623159408569336
-14.903945922851562 17.44422149658203
11.540581703186035 23.649967193603516
32.94959259033203 -1.752198338508606
0.05870790034532547 -0.06680585443973541
33.57128143310547 3.8028018474578857
14.5220308303833 -4.692977428436279
14.731618881225586 2.54158091545105
18.25790023803711 22.618370056152344
23.84618377685547 33.565162658691406
-13.03466796875 -87.31980895996094
19.41141700744629 7.047203540802002
12.451205253601074 11.401060104370117
-16.105005264282227 -83.39466857910156
-1.6727099418640137 -54.91428756713867
-20.243120193481445 -11.358077049255371
-0.21976886689662933 64.26382446289062
10.96639347076416 -81.28949737548828
4.140458583831787 -66.08366394042969
19.031166076660156 33.938655853271484
-18.347394943237305 -37.69837951660156
3.9579596519470215 64.29305267333984
-1.7397434711456299 13.000595092773438
7.000341415405273 -67.431884765625
40.991477966308594 2.6780827045440674
-1.2831939458847046 -82.03042602539062
-11.859038352966309 -82.51069641113281
-20.292428970336914 -9.13867473602295
-59.83205795288086 -4.076132774353027
11.116101264953613 36.72135925292969
19.27334976196289 -1.8666319847106934
13.871255874633789 25.594247817993164
28.51097297668457 -14.936156272888184
-7.282170295715332 -80.99588775634766
2.169771432876587 -50.26176452636719
16.53188705444336 -8.732291221618652
3.4228920936584473 -77.34265899658203
-0.29940566420555115 -66.02896118164062
-2.2747278213500977 12.965302467346191
11.062651634216309 7.465686321258545
10.75324535369873 -58.347198486328125
1.5793874263763428 8.936631202697754
27.84523582458496 3.6990602016448975
11.333600997924805 -81.52462005615234
-30.27641487121582 7.040032863616943
-13.743082046508789 -83.07960510253906
-4.061418056488037 -48.78284454345703
-0.7824088335037231 72.98345947265625
2.6540651321411133 73.13648986816406
43.386024475097656 3.9044291973114014
-55.38729476928711 -1.3993546962738037
8.926573753356934 -72.6070785522461
18.943010330200195 19.38813591003418
9.617316246032715 27.04616355895996
-60.124908447265625 -1.5180413722991943
24.522525787353516 -5.653919219970703
25.469493865966797 -12.571876525878906
23.891138076782227 10.739346504211426
-48.580875396728516 -3.4883105754852295
-0.9174342155456543 59.23882293701172
33.05016326904297 -17.681869506835938
42.982322692871094 16.371915817260742
26.667760848999023 -3.586869239807129
27.122827529907227 17.43328857421875
-9.968435287475586 76.99401092529297
7.2036051750183105 16.67551612854004
-11.311691284179688 -84.91258239746094
-12.412522315979004 -87.6953125
3.825871229171753 60.209896087646484
10.425870895385742 -82.43680572509766
9.220423698425293 -49.6540641784668
10.056756019592285 -48.9060173034668
-5.802098274230957 82.6959228515625
-14.604089736938477 -1.4724252223968506
42.35445785522461 17.19577980041504
21.916120529174805 -2.4354615211486816
6.592953205108643 -74.64659118652344
39.02315902709961 20.51441764831543
32.92621612548828 -1.0818368196487427
-18.279449462890625 75.71287536621094
3.3254733085632324 8.835984230041504
-23.5078067779541 -29.857728958129883
-50.954734802246094 -6.339679718017578
6.585726737976074 -64.37085723876953
16.277240753173828 7.034198760986328
-2.376339912414551 23.32878303527832
15.377426147460938 34.60649871826172
15.106698036193848 1.9614639282226562
13.921611785888672 0.7496729493141174
4.676982402801514 15.568395614624023
1.7885595560073853 -58.24824905395508
-7.538029193878174 63.371273040771484
-15.762443542480469 68.10501098632812
39.35116195678711 -4.430947780609131
44.076351165771484 8.779484748840332
-7.0812835693359375 -0.22337058186531067
9.407130241394043 -57.03337478637695
4.9665093421936035 -53.774593353271484
31.04585075378418 -4.827517509460449
15.149538040161133 -1.4157769680023193
-8.607294082641602 80.21614837646484
-8.842546463012695 72.45152282714844
3.3428096771240234 -68.77205657958984
-14.441673278808594 -77.52794647216797
-22.20063018798828 17.45708465576172
14.405176162719727 15.19344711303711
-23.653417587280273 20.537479400634766
-18.47126007080078 -84.81134033203125
4.489251136779785 -43.850521087646484
-14.887327194213867 -1.8873955011367798
-51.55550765991211 -3.373612880706787
-0.9855092763900757 -48.11466598510742
-6.318827152252197 71.99011993408203
-12.504014015197754 -6.130591869354248
-18.432344436645508 80.08634185791016
-34.714168548583984 5.7582902908325195
0.5095374584197998 4.311432838439941
2.003232955932617 10.41929817199707
-1.3532910346984863 -1.4892337322235107
18.08491325378418 26.98841094970703
14.934993743896484 -3.2918949127197266
33.36387634277344 -14.172290802001953
2.758573055267334 -43.121883392333984
-49.36918640136719 0.000577878556214273
-3.249528169631958 -4.9819769859313965
9.42943286895752 -71.14772033691406
38.92060089111328 -9.587109565734863
-61.03427505493164 -2.8613293170928955
5.097651481628418 -69.52954864501953
-17.340038299560547 -37.83963394165039
-12.077577590942383 -11.754979133605957
33.77039337158203 -15.20397663116455
18.970151901245117 12.303211212158203
-15.110000610351562 68.69865417480469
3.031433343887329 -11.283785820007324
-26.110395431518555 9.590147018432617
-9.276190757751465 67.2647705078125
-11.288310050964355 80.82662963867188
36.299537658691406 2.033022403717041
-8.039366722106934 74.8593521118164
32.69917678833008 -16.547128677368164
-9.108892440795898 74.05570220947266
18.402917861938477 26.095741271972656
41.215850830078125 -0.20013995468616486
-16.570146560668945 -38.671661376953125
-28.356273651123047 13.27813720703125
-9.41556167602539 -40.11408233642578
-24.180999755859375 -30.69597053527832
-15.65549087524414 -82.36210632324219
-12.472900390625 -40.52573776245117
7.562374591827393 -49.001800537109375
26.083721160888672 -8.335095405578613
40.92436981201172 16.202577590942383
5.344550132751465 -50.761444091796875
-33.66096115112305 11.755463600158691
11.439692497253418 27.30711555480957
6.411409854888916 -61.58625411987305
24.73157501220703 29.34963035583496
1.799034595489502 -75.4583969116211
33.69257736206055 9.919806480407715
5.952455520629883 27.841163635253906
32.27151107788086 -2.1236941814422607
44.474365234375 11.06643009185791
-31.752634048461914 10.041777610778809
14.774188995361328 -53.570796966552734
29.48235511779785 -9.730016708374023
-11.369389533996582 -39.937191009521484
-13.219722747802734 16.367830276489258
-8.725703239440918 -79.11783599853516
44.11534881591797 -0.4008827209472656
-61.086429595947266 -0.986926257610321
-26.566932678222656 12.721542358398438
8.29443359375 -65.13434600830078
11.043623924255371 36.599273681640625
-14.061807632446289 78.11946105957031
-1.3817869424819946 76.72150421142578
4.733262062072754 -55.911685943603516
26.11136817932129 -7.084208965301514
3.3293800354003906 8.270792961120605
-15.104212760925293 13.518624305725098
-5.43425178527832 74.03743743896484
-16.33827781677246 -79.04540252685547
17.771413803100586 25.956411361694336
-7.716924667358398 -49.94740295410156
3.185086488723755 -44.1816520690918
11.193458557128906 4.966402053833008
-0.7872835397720337 24.926040649414062
30.58318519592285 1.2319221496582031
4.905797958374023 -53.78492736816406
6.579416275024414 -7.9934282302856445
21.420677185058594 -2.4562790393829346
33.373775482177734 -17.83108901977539
3.1213552951812744 -63.105735778808594
-14.336668014526367 -80.15626525878906
4.883871555328369 -66.57697296142578
28.642343521118164 -3.635136365890503
-3.965174436569214 75.93046569824219
-0.11566942930221558 57.15363311767578
1.76529061794281 74.32515716552734
-2.309953451156616 75.50682830810547
4.600854396820068 26.170570373535156
-15.16682243347168 -80.0055160522461
-5.544695854187012 58.73855209350586
-19.22513198852539 -38.77925109863281
41.605064392089844 -0.03893894702196121
-17.389307022094727 -39.49187088012695
-16.548988342285156 -37.75008010864258
40.532474517822266 18.444496154785156
-1.1320229768753052 23.491626739501953
17.164396286010742 16.397987365722656
40.1805534362793 13.376712799072266
-17.701173782348633 20.630115509033203
1.8960705995559692 -76.43849182128906
-0.9322253465652466 -69.05683898925781
20.800312042236328 22.601415634155273
21.308664321899414 31.29522132873535
-16.183523178100586 -2.508124828338623
9.458108901977539 25.207185745239258
-2.3130550384521484 -60.486358642578125
-55.61338806152344 -7.415257453918457
15.166661262512207 -54.49036407470703
-17.537477493286133 -36.73713684082031
-55.905941009521484 -1.57151198387146
9.686115264892578 -62.81157302856445
9.325675010681152 29.443883895874023
-2.3137950897216797 -6.296117305755615
2.706716299057007 -75.29735565185547
8.10939884185791 25.914661407470703
20.976648330688477 1.0053972005844116
11.02249813079834 -68.14064025878906
21.01515007019043 24.10211944580078
-3.02143931388855 80.84284210205078
-12.512784957885742 -80.07272338867188
-18.59069061279297 79.65563201904297
-54.4209098815918 3.6372644901275635
6.4780049324035645 10.486448287963867
-8.827741622924805 27.92231559753418
-16.585147857666016 12.68223762512207
38.57615280151367 -4.010939121246338
40.294525146484375 -2.6064250469207764
32.43660354614258 23.001258850097656
16.2882137298584 -0.4299282729625702
15.39676570892334 -8.10898494720459
-0.40994396805763245 5.493132591247559
47.409698486328125 -1.8873776197433472
-8.76298999786377 -8.458273887634277
-57.77663040161133 -0.3421257436275482
-15.665185928344727 16.19962501525879
31.861156463623047 5.923768997192383
37.740509033203125 -3.5214333534240723
-17.211673736572266 18.857694625854492
46.94511032104492 11.97482967376709
13.598156929016113 28.204917907714844
-17.151243209838867 14.538236618041992
16.739463806152344 24.468503952026367
41.71518325805664 -0.8421636819839478
18.56883430480957 -10.709343910217285
-5.233802795410156 -51.02516174316406
31.62610626220703 -14.856995582580566
25.211931228637695 12.497173309326172
33.99201583862305 15.489335060119629
-31.40095329284668 3.8245041370391846
-10.584993362426758 4.7597479820251465
1.4053016901016235 -65.48357391357422
22.267732620239258 34.7674560546875
-31.32777214050293 15.976984977722168
-58.52734375 -3.7562873363494873
-56.99364471435547 -6.654932975769043
11.004158020019531 0.6019678711891174
33.06781005859375 -14.011858940124512
4.232644081115723 -46.46657943725586
-62.1741828918457 -1.0135891437530518
-7.822991847991943 -69.75419616699219
31.57388687133789 13.61700439453125
-13.55190658569336 71.63914489746094
24.087987899780273 14.542379379272461
34.37823486328125 3.7090699672698975
-15.409058570861816 -77.13031005859375
15.491667747497559 0.4043816030025482
4.1799845695495605 38.99058151245117
-7.1511311531066895 18.691574096679688
-2.2670462131500244 -49.73125076293945
-17.33399200439453 -8.983534812927246
20.53253936767578 -1.3463045358657837
1.7676429748535156 5.602903366088867
-20.3708553314209 79.6463851928711
38.390838623046875 14.817721366882324
4.940842628479004 -73.1938247680664
16.076345443725586 10.766450881958008
35.3547477722168 5.158347129821777
31.895797729492188 -16.218156814575195
-1.8675808906555176 -44.07843780517578
39.08732223510742 -11.576128005981445
-9.798206329345703 4.717231750488281
22.761276245117188 -0.6078882813453674
-57.18865203857422 0.9558569192886353
40.02320098876953 12.041458129882812
-13.602453231811523 66.89669036865234
21.352153778076172 -11.02544116973877
-56.536224365234375 4.051953315734863
21.825105667114258 -4.428231239318848
6.36289644241333 13.353303909301758
-6.259992599487305 81.53694152832031
-17.202341079711914 -37.94462966918945
11.770194053649902 -81.82830047607422
-14.810495376586914 -79.804931640625
18.69949722290039 11.849250793457031
2.4759762287139893 -63.477783203125
32.63235855102539 18.939971923828125
-18.892547607421875 80.56244659423828
13.587964057922363 -58.78910827636719
23.580577850341797 8.647886276245117
44.74663543701172 14.601192474365234
-8.019514083862305 18.145517349243164
17.267581939697266 19.9507999420166
-15.5577392578125 69.07872772216797
18.24728012084961 22.29799461364746
-12.607946395874023 -10.152491569519043
6.832953929901123 -47.37649154663086
-25.480850219726562 6.33831262588501
32.44257354736328 10.059176445007324
-30.187219619750977 12.738434791564941
38.95732498168945 7.19222354888916
8.094603538513184 24.11979866027832
-2.5031516551971436 -82.79096221923828
-0.15472042560577393 -72.26605987548828
24.336750030517578 -16.758743286132812
-33.89999771118164 10.267121315002441
27.19902801513672 -15.66395092010498
-5.488504409790039 -40.612186431884766
-3.7468273639678955 -43.89466094970703
-12.912452697753906 -39.71464538574219
-32.1614875793457 14.207555770874023
20.158843994140625 -8.71359634399414
-10.17780876159668 -42.46884536743164
24.6286678314209 3.7329373359680176
-17.311601638793945 -39.26491165161133
-23.42571449279785 -29.792226791381836
17.049083709716797 10.586286544799805
11.681903839111328 -67.35926818847656
28.895263671875 19.554094314575195
1.3484028577804565 -63.90327835083008
1.55231773853302 72.361328125
-6.770539283752441 -43.53055191040039
16.297300338745117 13.644908905029297
26.774717330932617 27.1632137298584
-19.541555404663086 23.141376495361328
-50.999366760253906 -6.455496788024902
-4.744478702545166 1.4132487773895264
21.839271545410156 22.288190841674805
-10.826481819152832 75.12578582763672
13.532195091247559 -59.92918014526367
16.278858184814453 1.673927664756775
32.788970947265625 -5.795125961303711
-16.342525482177734 14.794047355651855
-10.541637420654297 67.47930908203125
16.03208351135254 16.273038864135742
10.399778366088867 -69.51043701171875
-4.116079807281494 -50.19673156738281
9.19450855255127 -79.56700897216797
20.914867401123047 32.45063018798828
9.103680610656738 -50.1801643371582
-31.40452003479004 14.376457214355469
-13.68713665008545 -37.70771789550781
-12.503315925598145 26.275846481323242
38.91908264160156 19.5212345123291
-51.96839904785156 -3.3023788928985596
-4.314298629760742 55.23278045654297
-6.54384183883667 81.2205581665039
-0.53923499584198 58.83306884765625
1.6070207357406616 -78.56531524658203
10.695741653442383 30.27861976623535
22.666824340820312 -15.971891403198242
-3.744434118270874 -55.37977981567383
5.7579522132873535 -51.496761322021484
-49.85969161987305 -0.7541731595993042
38.118804931640625 6.445226192474365
29.918004989624023 21.209033966064453
-2.4366748332977295 4.951663494110107
7.114204406738281 16.537452697753906
10.430740356445312 24.338388442993164
19.422439575195312 28.738801956176758
-30.53493881225586 14.279244422912598
-0.19491417706012726 73.7152099609375
18.5112247467041 -14.640473365783691
-18.413108825683594 -37.94092559814453
-23.6027889251709 8.551008224487305
16.941699981689453 4.794862747192383
2.0539791584014893 -68.35186767578125
-64.50714111328125 -0.021954504773020744
42.17033767700195 7.496078014373779
9.817937850952148 -68.12421417236328
28.224363327026367 24.427326202392578
-13.969461441040039 79.72603607177734
-20.881183624267578 -3.2350172996520996
2.9300777912139893 65.91529083251953
-10.487129211425781 -76.7530517578125
6.634110927581787 23.076034545898438
-50.609920501708984 -0.9984520673751831
-23.84636688232422 -29.434001922607422
14.637247085571289 35.35252380371094
-17.71943473815918 -13.274935722351074
18.917909622192383 18.8465633392334
6.356493949890137 -57.264434814453125
37.79422378540039 3.9066145420074463
-13.317330360412598 -8.241373062133789
16.7930965423584 -13.148998260498047
-53.91839599609375 -5.413097381591797
35.48576354980469 15.156720161437988
4.562005519866943 16.40761375427246
-16.677181243896484 10.51143741607666
-13.287084579467773 30.71387481689453
7.04732608795166 11.683128356933594
-14.092185020446777 -68.62274169921875
30.430561065673828 1.26499342918396
-3.848797559738159 -6.959911346435547
0.7986791729927063 6.408664226531982
-18.12616729736328 18.13264274597168
41.72081756591797 -7.27037239074707
-29.1890869140625 14.131382942199707
46.081111907958984 5.982410430908203
16.63147735595703 11.210307121276855
-51.154457092285156 2.039849042892456
24.220685958862305 1.5659279823303223
-25.084131240844727 19.4200496673584
30.18595314025879 -11.111193656921387
11.55860424041748 -64.89486694335938
-13.58649730682373 -86.35273742675781
-1.4015462398529053 77.8382568359375
-12.622690200805664 -43.79510498046875
-5.028948783874512 -40.310997009277344
-33.412410736083984 9.244280815124512
15.142678260803223 -7.250267505645752
7.394858360290527 4.499074459075928
28.3575382232666 -12.177433013916016
-13.746222496032715 -10.810276985168457
47.71809005737305 5.129739284515381
40.25881576538086 -4.518062114715576
9.536310195922852 -64.38954162597656
46.75404357910156 4.93572998046875
0.505572497844696 72.93064880371094
-5.46383810043335 77.48210144042969
19.82168960571289 26.045793533325195
4.031169414520264 -48.190895080566406
32.647830963134766 14.214200973510742
-7.419689655303955 -39.17316436767578
-17.450117111206055 -75.06060791015625
20.362634658813477 36.602256774902344
-13.20785140991211 20.11842918395996
41.55488586425781 0.3471428155899048
12.000640869140625 -83.02029418945312
-0.7484090328216553 63.36079788208008
-11.733399391174316 -45.86591339111328
-1.6084321737289429 66.20487976074219
16.88837432861328 25.29936408996582
18.990530014038086 9.567460060119629
34.20940017700195 11.861355781555176
2.911102294921875 76.28255462646484
32.86836242675781 6.079555988311768
-58.84980392456055 -2.029533863067627
-33.1627082824707 8.575211524963379
11.140508651733398 24.397432327270508
-1.0672688484191895 75.20865631103516
-8.262970924377441 10.320595741271973
-22.141191482543945 -9.024465560913086
3.347782611846924 -0.2263190895318985
18.15388298034668 26.331289291381836
-1.9848716259002686 -51.297218322753906
-16.417667388916016 11.789231300354004
-9.432344436645508 -53.85988235473633
20.707056045532227 -3.275280714035034
-4.480989456176758 -41.36830520629883
-18.841337203979492 21.27501106262207
-19.723623275756836 -40.28327560424805
-10.40388298034668 79.23043823242188
12.131722450256348 5.24259614944458
7.661214828491211 -43.82204818725586
3.7208478450775146 -80.02412414550781
2.66137433052063 71.94454193115234
9.663226127624512 -57.0337028503418
38.777976989746094 0.9639464020729065
-48.75894546508789 -2.439225196838379
-0.6272038817405701 -0.9381802082061768
-48.288944244384766 -2.7520487308502197
6.717066764831543 5.81400728225708
3.0104925632476807 -41.897071838378906
-35.909847259521484 5.258141040802002
-22.854455947875977 18.068696975708008
1.6384793519973755 -79.83051300048828
-6.627993583679199 71.56322479248047
-10.62195873260498 65.91604614257812
-2.1476128101348877 68.14041900634766
14.372420310974121 -6.727961540222168
-16.334064483642578 77.75103759765625
-5.278757572174072 -45.06671905517578
-2.082672595977783 -51.8922119140625
23.026945114135742 -12.795846939086914
-8.47300910949707 -79.24317169189453
27.182233810424805 6.20096492767334
-30.448944091796875 11.010215759277344
28.811458587646484 16.756855010986328
-27.80135154724121 6.44606876373291
-13.544147491455078 21.321855545043945
4.58303165435791 -51.22528076171875
18.34771156311035 -7.4257683753967285
7.122509479522705 -49.934181213378906
1.545276403427124 79.41033172607422
-15.231644630432129 -37.08482360839844
-7.843077659606934 75.9572525024414
1.044644832611084 -41.621341705322266
43.19567108154297 17.637500762939453
-10.222517967224121 -85.67622375488281
28.092206954956055 26.473220825195312
11.972957611083984 -57.04936981201172
24.902217864990234 -7.7812018394470215
-55.71296310424805 2.7501964569091797
-8.529417991638184 -38.04053497314453
22.190773010253906 -13.978839874267578
8.21186351776123 -50.913394927978516
-34.41826629638672 10.085498809814453
-31.248125076293945 15.335652351379395
18.2843017578125 30.488914489746094
5.622481346130371 38.074188232421875
-11.562450408935547 -3.309570074081421
41.342769622802734 -5.277163028717041
-23.557384490966797 11.388664245605469
22.308897018432617 29.857627868652344
4.9831109046936035 -51.42369079589844
-23.410972595214844 13.600035667419434
-11.857783317565918 27.107728958129883
15.602644920349121 -5.468841552734375
14.741283416748047 -6.055974960327148
27.380727767944336 27.93902015686035
-7.562721252441406 77.47003173828125
-37.48397445678711 1.1943660974502563
-24.121509552001953 -30.09720802307129
-23.432218551635742 9.066370010375977
20.74954605102539 -1.223610758781433
35.07398223876953 -4.655858516693115
31.879064559936523 14.423622131347656
-10.980459213256836 -83.82603454589844
25.107267379760742 -0.3975662887096405
4.560154438018799 -79.55265045166016
0.9184055328369141 -62.69223403930664
-55.60047912597656 -7.053167819976807
33.111106872558594 -7.743931770324707
3.71024227142334 59.076751708984375
-13.621809959411621 -76.26766204833984
8.827107429504395 -65.1445083618164
27.75259780883789 -10.738564491271973
-5.326254844665527 -4.839864730834961
-8.275273323059082 10.996159553527832
9.630781173706055 33.873138427734375
-16.939706802368164 74.32068634033203
-17.093313217163086 18.84634780883789
5.994296073913574 22.66033363342285
8.549092292785645 -44.41386413574219
-58.14582824707031 -6.848586559295654
18.562000274658203 -12.794727325439453
-4.785031318664551 80.61388397216797
22.368284225463867 -14.843855857849121
-13.011862754821777 -86.71371459960938
25.107145309448242 22.502479553222656
47.31386947631836 -1.7877662181854248
40.438804626464844 -4.55184268951416
17.480592727661133 27.01432228088379
-9.464563369750977 77.55054473876953
-13.429032325744629 30.855798721313477
3.5367965698242188 65.88516998291016
-39.21982955932617 6.313211917877197
-59.14564514160156 -0.8793038129806519
-5.748361587524414 24.455551147460938
3.7949466705322266 60.077362060546875
25.92192840576172 21.469736099243164
11.02603816986084 -82.07234191894531
6.22287654876709 -8.67007827758789
13.711288452148438 -64.04190826416016
-11.73742961883545 -72.22443389892578
-4.244873046875 76.05864715576172
-20.234861373901367 -7.420717239379883
-8.201881408691406 13.277053833007812
39.64673614501953 6.938317775726318
-61.01327896118164 -4.859852313995361
33.15727233886719 -17.29332160949707
-34.167903900146484 6.084585189819336
-64.00228118896484 0.6218085289001465
7.433978080749512 -67.3464584350586
16.517505645751953 32.68881607055664
-15.039485931396484 -12.44149112701416
-32.53597640991211 16.19264793395996
-16.17182159423828 -80.61141967773438
5.24096155166626 -64.70137786865234
22.596263885498047 4.2697577476501465
6.720103740692139 -61.49717712402344
-23.702733993530273 7.515366077423096
24.015405654907227 28.41114044189453
-1.5884556770324707 61.41496658325195
-6.067141056060791 23.850833892822266
24.275432586669922 11.365894317626953
-17.156972885131836 73.12154388427734
3.4880435466766357 -61.8597412109375
5.595209121704102 -65.94276428222656
-24.142993927001953 -30.016246795654297
-0.2414647340774536 56.49312973022461
23.418994903564453 -16.536102294921875
-0.34655457735061646 -45.38208770751953
45.49357986450195 6.896537780761719
15.34885025024414 20.013729095458984
28.025287628173828 30.702457427978516
39.11781311035156 5.466068267822266
4.9654693603515625 -47.83253860473633
-1.1098930835723877 69.13744354248047
12.381882667541504 -62.39299011230469
-60.879913330078125 2.1966965198516846
2.27347993850708 -42.08116912841797
1.9584025144577026 68.36335754394531
-55.01419448852539 0.20894496142864227
-8.869447708129883 -48.345855712890625
41.52363967895508 14.918341636657715
12.17963695526123 12.329655647277832
11.146964073181152 -57.1956672668457
0.2752619683742523 -80.53478240966797
28.386625289916992 -2.459066152572632
-7.182301998138428 -84.84344482421875
-20.232868194580078 21.72444725036621
44.56491470336914 4.88296365737915
8.042252540588379 -67.20173645019531
-3.78444766998291 12.078068733215332
20.751907348632812 11.448853492736816
-19.623397827148438 78.61975860595703
0.7271708846092224 76.65770721435547
17.965524673461914 33.998985290527344
-15.858107566833496 8.292585372924805
16.55948829650879 -2.2564690113067627
10.2383451461792 30.07499122619629
-64.04112243652344 2.3913748264312744
-3.797633647918701 -8.301234245300293
-1.8387261629104614 -67.43223571777344
-14.774855613708496 19.943744659423828
11.906399726867676 23.180927276611328
-0.3835160732269287 -50.455135345458984
2.9864273071289062 1.7659639120101929
-13.604969024658203 22.389373779296875
34.54544448852539 9.888632774353027
-7.249549388885498 0.7092241644859314
-16.77075958251953 14.692399024963379
28.750621795654297 -16.90613555908203
-13.654509544372559 -85.63400268554688
-3.3032820224761963 74.2348861694336
-8.095454216003418 -81.34965515136719
-3.6680078506469727 -8.304618835449219
-7.529528617858887 -67.1167221069336
-7.383909225463867 -43.55299758911133
-8.681485176086426 -53.333255767822266
44.091392517089844 12.303404808044434
39.830108642578125 15.077484130859375
1.7696425914764404 -74.94950866699219
2.619424819946289 7.145179271697998
7.109762191772461 13.192306518554688
37.34334182739258 -12.759556770324707
3.3206567764282227 -76.17235565185547
-21.53119659423828 9.422767639160156
-47.40011978149414 4.060609817504883
27.623754501342773 -1.478192687034607
-16.305200576782227 -83.45286560058594
-2.4067530632019043 69.91292572021484
-8.465001106262207 75.41962432861328
-50.58616256713867 -4.933419704437256
9.405356407165527 35.062557220458984
21.524675369262695 29.3041934967041
-2.778468608856201 75.63909149169922
0.5548498034477234 0.5697126388549805
1.2807636260986328 -42.541568756103516
-18.142230987548828 73.78418731689453
-7.760861396789551 -8.3228178024292
-3.7717478275299072 -51.89495849609375
23.725095748901367 18.5561580657959
9.33448314666748 27.972923278808594
-19.066051483154297 80.82609558105469
-3.3550100326538086 -48.649539947509766
-35.363800048828125 9.95338249206543
17.256122589111328 -5.462306499481201
45.38618850708008 8.972150802612305
12.626086235046387 -60.95623016357422
3.603454828262329 64.4457015991211
0.2782086431980133 -4.300571441650391
-54.783199310302734 0.12370974570512772
18.931814193725586 20.789644241333008
-17.32660675048828 72.35359191894531
24.544675827026367 34.39206314086914
-0.9160532355308533 -4.461684226989746
-58.761207580566406 -4.220124244689941
2.604069948196411 53.81241989135742
-23.40199851989746 11.788573265075684
-11.87903881072998 74.12675476074219
-14.315868377685547 14.650710105895996
27.598880767822266 -10.397411346435547
-1.4599363803863525 -48.444034576416016
-37.731441497802734 0.8495670557022095
17.790508270263672 -12.376057624816895
33.920719146728516 13.53305721282959
8.250252723693848 -10.997589111328125
23.897539138793945 3.733351469039917
-17.20712661743164 68.60790252685547
-10.826454162597656 74.58106994628906
-20.20026397705078 -4.125861644744873
-51.09623336791992 -7.252947807312012
-12.343918800354004 -5.760944843292236
-11.321439743041992 -76.381103515625
21.253013610839844 -4.146947860717773
14.855748176574707 -9.49021053314209
15.082247734069824 31.534881591796875
-20.42987823486328 18.757793426513672
-61.26557922363281 -3.647773265838623
41.97124099731445 -1.0457156896591187
-15.524857521057129 8.79051685333252
12.792131423950195 23.865564346313477
-23.537975311279297 17.93290901184082
3.278966188430786 -74.79682922363281
0.5981343984603882 74.75360107421875
35.262351989746094 17.507287979125977
-14.9739990234375 -2.6537084579467773
-0.23908507823944092 2.208955764770508
4.000729560852051 70.82894134521484
26.931861877441406 21.04026222229004
-17.13921546936035 76.80741119384766
-4.568005561828613 69.07732391357422
-9.993447303771973 60.06938934326172
-32.16033172607422 16.1528263092041
-3.6420552730560303 -48.210350036621094
-56.855499267578125 2.4529175758361816
39.373600006103516 3.142235279083252
-6.127590179443359 82.34383392333984
15.81545352935791 15.592863082885742
-12.677206993103027 67.81288146972656
-10.469599723815918 -8.095284461975098
18.953786849975586 31.31694793701172
-11.295462608337402 -75.39976501464844
10.18503189086914 -60.467891693115234
45.10367965698242 10.822078704833984
21.67194366455078 35.91719055175781
-2.0344364643096924 -7.161543846130371
-3.045438051223755 -45.4443359375
-3.1550214290618896 72.62664031982422
13.170799255371094 31.847768783569336
-14.29057502746582 -12.011960983276367
-15.212678909301758 -8.31328010559082
-15.655531883239746 24.535547256469727
-62.92058181762695 -2.7362990379333496
-57.78317642211914 -2.3989171981811523
5.51151704788208 -11.02122974395752
-17.80108070373535 -5.764455795288086
-9.094968795776367 -79.57192993164062
-16.199756622314453 -78.37981414794922
-12.853053092956543 -38.66820526123047
-15.594006538391113 -85.42630004882812
-29.487476348876953 7.242900848388672
37.3441276550293 -11.237470626831055
23.763547897338867 15.317890167236328
2.013373613357544 70.67764282226562
4.300687789916992 -9.94861125946045
3.262035846710205 -4.6273722648620605
-10.524832725524902 -81.63973236083984
-9.171305656433105 -38.08128356933594
-14.068224906921387 16.340002059936523
-47.4743537902832 2.3625471591949463
-14.021201133728027 -75.147216796875
-22.6771240234375 13.349403381347656
1.714967131614685 -58.230751037597656
-12.468674659729004 -11.710027694702148
-28.39937973022461 14.542661666870117
-19.853139877319336 23.774961471557617
28.879343032836914 5.700211524963379
-36.06829833984375 4.200425148010254
-16.884111404418945 -78.32659912109375
-4.237631797790527 -0.5483776330947876
-64.34639739990234 1.292656421661377
-4.903717041015625 72.15922546386719
39.71622085571289 -2.5118424892425537
1.5343602895736694 59.451141357421875
1.1010860204696655 -71.94422149658203
-3.985494375228882 82.18214416503906
8.558754920959473 -57.25593185424805
15.718578338623047 -5.89264440536499
-16.680259704589844 -39.93687438964844
-11.296821594238281 81.3710708618164
45.721519470214844 -1.2729603052139282
-20.216014862060547 -3.5144686698913574
-6.672229766845703 -46.31523513793945
-60.216880798339844 3.2367098331451416
13.006399154663086 5.133998394012451
-62.675682067871094 0.08593693375587463
18.539501190185547 4.906363487243652
-23.723224639892578 -1.7048965692520142
3.495199203491211 -52.90338134765625
-31.215496063232422 13.982048034667969
-13.901327133178711 -72.73847961425781
7.9827470779418945 -0.13594961166381836
-11.27476978302002 -38.975791931152344
-8.255669593811035 25.2977237701416
37.9491081237793 -11.585295677185059
4.354033470153809 -78.25051879882812
-13.72876262664795 -84.0823974609375
-13.101187705993652 18.877498626708984
-11.2759370803833 -73.6827392578125
-16.4001407623291 68.73296356201172
-25.6425724029541 -1.6864619255065918
-14.939393043518066 80.94964599609375
16.056224822998047 20.011075973510742
-57.575462341308594 2.450885534286499
31.64679718017578 -17.208158493041992
25.62334442138672 1.9778660535812378
-24.061038970947266 20.82861328125
-11.873769760131836 74.80321502685547
-17.816402435302734 21.699960708618164
18.491037368774414 -14.50650405883789
-14.412020683288574 -77.89871978759766
-25.82947540283203 20.434925079345703
9.743595123291016 -52.07447814941406
7.093395233154297 6.059939861297607
42.905025482177734 2.09377384185791
2.317882537841797 -77.46953582763672
19.762611389160156 4.328075408935547
0.9345914125442505 26.358003616333008
-8.030821800231934 -82.49842071533203
35.765323638916016 17.283964157104492
1.5036953687667847 5.4497456550598145
8.137152671813965 -71.76695251464844
-14.833025932312012 67.70169067382812
43.93404006958008 3.4138216972351074
-4.855929851531982 60.58361053466797
20.417081832885742 23.71296501159668
38.89057159423828 12.332734107971191
-34.483455657958984 9.210501670837402
26.494508743286133 4.703012943267822
11.012595176696777 -61.9439582824707
-55.65703201293945 -1.965719223022461
-15.564184188842773 -83.01892852783203
15.504739761352539 11.429969787597656
-14.874913215637207 -39.83112335205078
-0.14745962619781494 74.1229248046875
-10.00931167602539 -37.50754165649414
25.52718734741211 26.360532760620117
4.804930210113525 10.014912605285645
-22.621992111206055 21.096567153930664
-16.427602767944336 -9.10315227508545
5.684769630432129 26.54366683959961
-54.546669006347656 -2.6856749057769775
-35.559539794921875 11.015474319458008
4.328373432159424 11.476183891296387
-30.667499542236328 2.840102195739746
-23.936721801757812 2.6074106693267822
-12.291332244873047 -70.40071868896484
3.3856201171875 -61.312225341796875
8.303706169128418 11.859025955200195
29.383575439453125 21.300792694091797
5.66290283203125 37.875850677490234
-12.630498886108398 73.89667510986328
-12.564687728881836 26.580738067626953
31.7006893157959 22.274580001831055
-19.918691635131836 22.41297149658203
1.6904942989349365 1.0262436866760254
0.8894226551055908 -44.799842834472656
33.170372009277344 9.169524192810059
-52.44581985473633 -3.736985206604004
4.57124662399292 -51.889068603515625
-5.18244743347168 65.31562042236328
-15.68570327758789 19.670997619628906
39.935577392578125 -8.260139465332031
-3.0658421516418457 79.58561706542969
23.020526885986328 4.949328422546387
-15.489619255065918 72.17198181152344
10.687588691711426 33.50321578979492
23.75259780883789 0.11896758526563644
1.1759130954742432 64.98922729492188
17.644203186035156 28.85272979736328
13.902450561523438 13.78436279296875
-54.823768615722656 -8.419227600097656
-3.2877840995788574 -61.949222564697266
18.166303634643555 24.38251304626465
33.1434211730957 6.479106426239014
-24.609771728515625 3.344576358795166
-11.256227493286133 -78.11780548095703
3.989868640899658 -42.996585845947266
-18.981639862060547 78.16658782958984
3.7962846755981445 -62.78489303588867
3.1677258014678955 -42.63702392578125
3.0952258110046387 -69.98612976074219
-15.779683113098145 -44.11537170410156
-16.088289260864258 -5.481912136077881
-11.264477729797363 80.27156066894531
15.265653610229492 22.581308364868164
41.229408264160156 2.4884963035583496
26.24834442138672 -6.387291431427002
5.4060516357421875 -48.80427551269531
1.9315054416656494 -70.54273223876953
-28.266788482666016 10.391336441040039
10.156888961791992 -66.49343872070312
24.768566131591797 -12.92673397064209
-11.07889461517334 -72.28861236572266
-12.961398124694824 -75.57807159423828
-24.996110916137695 20.82874298095703
16.685625076293945 -5.558075904846191
-11.889382362365723 68.22079467773438
41.076995849609375 1.0426578521728516
27.083642959594727 -6.472414016723633
-34.427711486816406 11.070411682128906
-13.930295944213867 73.71553039550781
0.2655092179775238 6.212839126586914
22.95887565612793 -1.9215505123138428
8.55783462524414 23.164249420166016
30.792505264282227 -17.3560848236084
-4.660710334777832 -47.61697006225586
6.743671894073486 38.15195083618164
0.7769264578819275 15.967009544372559
-4.425384521484375 -40.847328186035156
0.5765219330787659 4.433349132537842
24.87337303161621 -14.083410263061523
-12.298526763916016 64.85397338867188
18.587255477905273 36.30958938598633
5.6119279861450195 26.85247802734375
7.929446697235107 -66.42948913574219
32.97925567626953 -5.166079044342041
1.216503620147705 16.17095375061035
9.330653190612793 34.824337005615234
-13.301690101623535 18.587411880493164
-10.367827415466309 -78.75749969482422
2.4286980628967285 -43.48370361328125
-18.058473587036133 -38.926536560058594
14.276033401489258 -59.0113639831543
28.577085494995117 29.38753318786621
-11.566555976867676 -83.76763916015625
-7.906948089599609 79.0445556640625
44.0772590637207 9.335410118103027
24.51691246032715 21.610958099365234
-51.98612976074219 0.025325169786810875
15.299407958984375 -8.390965461730957
-2.6435182094573975 -43.84963607788086
20.758310317993164 12.050561904907227
33.79307556152344 0.5842002034187317
17.73213768005371 -0.0486474335193634
31.2520751953125 13.317678451538086
-17.43024253845215 -3.3899688720703125
13.710725784301758 -5.917018890380859
-7.620156288146973 77.12690734863281
-14.062097549438477 -86.58562469482422
-15.030448913574219 71.11012268066406
-13.842571258544922 -66.4022216796875
0.37785202264785767 10.421496391296387
-15.999652862548828 76.04064178466797
40.44734191894531 -4.99685001373291
27.759037017822266 -14.079978942871094
-7.0197906494140625 72.91720581054688
29.175273895263672 30.931015014648438
33.0092658996582 18.289199829101562
13.43939208984375 13.634946823120117
-5.155972003936768 -46.68499755859375
11.99962329864502 -81.29602813720703
-62.30924606323242 1.3459415435791016
-10.37304401397705 -69.97857666015625
22.58746910095215 31.913799285888672
10.914572715759277 7.402616024017334
-53.69450378417969 -3.603325128555298
6.565652370452881 5.381821632385254
23.64828872680664 30.52410316467285
-14.005180358886719 -73.2330093383789
5.188576698303223 74.75509643554688
2.126459836959839 62.03449249267578
-6.695216655731201 79.35533905029297
19.984413146972656 8.5333251953125
25.99510955810547 10.067071914672852
0.31070417165756226 60.96105194091797
2.4827098846435547 64.0711441040039
-3.404592990875244 70.840576171875
-0.2378239929676056 -52.75666046142578
-10.879365921020508 -40.8151741027832
-4.539406776428223 -41.55073165893555
1.2778669595718384 75.71504974365234
-9.973161697387695 -85.84711456298828
-18.826900482177734 19.974580764770508
26.387115478515625 30.205791473388672
-8.766866683959961 -54.40119171142578
-15.54051685333252 24.469717025756836
-65.3110580444336 -0.4544883668422699
29.743133544921875 14.969975471496582
-11.205133438110352 73.98062133789062
-0.8228912949562073 23.33512306213379
-15.408923149108887 -78.50814819335938
27.522672653198242 -17.86652183532715
-55.80693435668945 -4.148445129394531
-22.455829620361328 8.390913009643555
24.135644912719727 -16.15821075439453
-15.378132820129395 -38.98423767089844
11.957741737365723 12.50118350982666
2.4009759426116943 -76.19074249267578
17.507213592529297 28.90948486328125
9.12731647491455 -64.08342742919922
17.74639320373535 -9.311406135559082
-26.765947341918945 16.067914962768555
-3.0817272663116455 -65.4195785522461
-21.468692779541016 -7.774705410003662
16.294233322143555 -0.722244143486023
-4.731208801269531 70.00849151611328
1.8840224742889404 63.919273376464844
-12.793283462524414 26.342100143432617
1.7999078035354614 76.00696563720703
-19.62740135192871 -9.029316902160645
-3.9309885501861572 -52.81850814819336
6.741724491119385 25.663297653198242
20.845767974853516 29.85150909423828
-13.854704856872559 80.17792510986328
-4.076713562011719 -67.32444763183594
7.035622596740723 19.475988388061523
-57.844722747802734 -2.090447425842285
-6.448776721954346 0.2864874005317688
-16.844993591308594 -43.98569107055664
34.074649810791016 -2.0909392833709717
39.92512130737305 3.8279929161071777
38.44721221923828 -13.640449523925781
6.2749738693237305 -58.037757873535156
31.312870025634766 21.739439010620117
19.342506408691406 14.573156356811523
-3.1171398162841797 -66.86817932128906
-50.97465515136719 -4.433469295501709
-48.482505798339844 -2.3940727710723877
-15.143808364868164 -85.62858581542969
-16.195730209350586 77.73338317871094
19.528606414794922 35.72519302368164
11.095062255859375 -81.28670501708984
40.75334548950195 7.791236877441406
43.37218475341797 18.6754207611084
-11.315481185913086 20.049407958984375
7.528467655181885 9.315937042236328
-5.978206634521484 73.46893310546875
-12.948216438293457 -2.966278314590454
6.21933650970459 -9.895512580871582
37.43790054321289 12.949700355529785
-12.522709846496582 -83.10575103759766
31.11775779724121 -16.495807647705078
-15.171643257141113 27.471284866333008
-12.070350646972656 -70.64592742919922
26.260705947875977 22.00340461730957
39.16584777832031 -11.500008583068848
-10.560975074768066 -80.96937561035156
-22.88878059387207 -2.749509572982788
-4.444625377655029 71.74240112304688
-14.416733741760254 -5.165654182434082
4.839471340179443 74.44393920898438
-14.093781471252441 -39.4867057800293
4.384887218475342 -45.05928421020508
-11.810304641723633 -80.3388671875
-11.779659271240234 -66.84374237060547
-13.455671310424805 24.65402603149414
-29.976459503173828 12.334454536437988
26.951723098754883 19.798322677612305
-23.89589500427246 2.4095559120178223
-14.09079647064209 17.206375122070312
9.582189559936523 17.351181030273438
44.1229248046875 -0.7694465517997742
6.438222408294678 -49.07062530517578
24.4526309967041 32.28106689453125
-17.725095748901367 -2.7639007568359375
-14.86713981628418 70.38423919677734
16.554048538208008 34.48766326904297
-0.29245251417160034 -44.068328857421875
-23.58930015563965 -30.12623405456543
12.106403350830078 -66.060791015625
10.542017936706543 -80.52816009521484
28.444807052612305 24.250762939453125
-61.75985336303711 2.839155673980713
10.971532821655273 -0.0430167131125927
-19.979721069335938 -11.933603286743164
46.60631561279297 8.487860679626465
1.184057593345642 -46.63898849487305
22.300331115722656 -13.238755226135254
0.8356600999832153 -75.74327087402344
19.562387466430664 34.14141082763672
-18.82773780822754 13.675515174865723
2.7255396842956543 62.4079475402832
-3.5584418773651123 -70.07140350341797
-12.629426956176758 -40.55662536621094
18.262697219848633 20.42966079711914
-4.405929088592529 60.12724304199219
-61.250450134277344 -4.533506393432617
-5.40826940536499 1.1571629047393799
1.4020988941192627 66.4866714477539
2.400635004043579 -77.74432373046875
-3.2706403732299805 -7.746980667114258
-9.791415214538574 67.67893981933594
12.027798652648926 -81.62297821044922
4.585681438446045 -76.14737701416016
-5.972785472869873 63.255226135253906
-1.2118059396743774 66.39778137207031
20.082887649536133 32.95450973510742
-12.0866060256958 20.683372497558594
26.899681091308594 8.601786613464355
0.08167852461338043 -45.54655075073242
-14.086474418640137 -74.40373229980469
-1.027198076248169 -67.9850082397461
33.19184875488281 17.360864639282227
-3.044551134109497 23.435224533081055
34.813194274902344 5.77665901184082
39.892669677734375 18.509611129760742
1.2804609537124634 -64.07107543945312
-18.82425880432129 -42.52748107910156
-17.675718307495117 -13.207956314086914
14.16148853302002 -5.409315586090088
29.401832580566406 23.789918899536133
25.735340118408203 35.42868423461914
0.2232091873884201 -43.678707122802734
16.110637664794922 10.417019844055176
-3.1855175495147705 -60.644935607910156
-15.093716621398926 -4.07990026473999
-2.313469171524048 73.44300842285156
-0.9373366832733154 -47.75550079345703
12.34791088104248 20.250003814697266
-1.3420653343200684 -66.88599395751953
30.507511138916016 -18.399843215942383
-12.021464347839355 -43.3857307434082
-4.425214767456055 66.23670196533203
-48.19036102294922 -5.981703281402588
-31.324100494384766 10.777706146240234
-1.032187819480896 -45.23443603515625
-20.868473052978516 -8.175883293151855
-55.5389289855957 -4.658863544464111
5.425265312194824 -71.96343231201172
14.378321647644043 -10.98558235168457
-12.5034761428833 -68.96138763427734
23.639936447143555 27.537017822265625
-8.266180992126465 10.413710594177246
-15.357256889343262 -71.93415832519531
38.871421813964844 -2.520686149597168
-10.730573654174805 -37.83906555175781
27.18756866455078 7.233824729919434
-34.023799896240234 4.262139320373535
-38.59524917602539 6.261533737182617
11.47971248626709 -0.9805314540863037
3.523361921310425 -78.79525756835938
14.472305297851562 0.27781450748443604
8.862921714782715 24.139507293701172
7.253742218017578 22.63569450378418
-4.292854309082031 -48.89162063598633
-55.21562576293945 -3.2607452869415283
-0.926263153553009 -71.42890167236328
22.68822479248047 13.165637969970703
-0.714812695980072 63.156829833984375
3.9096426963806152 12.104004859924316
-63.718624114990234 -1.471239447593689
-13.975356101989746 -68.15422058105469
-12.942376136779785 72.0457534790039
-13.240342140197754 -71.41069030761719
42.433223724365234 -3.1488993167877197
-8.676589965820312 69.15007781982422
5.2203192710876465 1.0721830129623413
-15.998062133789062 70.3709487915039
13.4240140914917 -57.31608963012695
11.547950744628906 -81.97201538085938
28.925697326660156 -8.1053466796875
-25.228734970092773 9.432668685913086
13.905675888061523 -61.19920349121094
24.415687561035156 17.3928165435791
-22.98064422607422 12.997418403625488
-8.928366661071777 -68.684326171875
43.06188201904297 6.63566255569458
9.753405570983887 -68.9571304321289
-15.962494850158691 -75.79637145996094
7.7568559646606445 26.81757164001465
11.087479591369629 -54.608638763427734
-3.6659457683563232 77.04631805419922
27.238292694091797 6.365610599517822
0.0979367047548294 -74.71250915527344
31.304393768310547 14.949520111083984
-1.7636239528656006 70.75078582763672
-5.325875759124756 70.93085479736328
-15.432164192199707 70.22079467773438
5.482490539550781 11.179977416992188
-3.4887008666992188 21.90095329284668
-3.407344341278076 69.87789154052734
-61.043556213378906 -0.356886625289917
-3.0210349559783936 63.64851760864258
41.84840774536133 9.725235939025879
8.2572660446167 -51.88080596923828
10.600372314453125 -78.7810287475586
4.44203519821167 -43.803443908691406
0.09657413512468338 -72.78905487060547
20.548093795776367 -4.999569892883301
-25.692825317382812 -1.7911536693572998
-2.3569746017456055 78.87593841552734
-12.723982810974121 -43.816062927246094
-17.348297119140625 75.07809448242188
0.2180163562297821 10.672208786010742
3.560516834259033 55.68146896362305
9.986879348754883 -65.47339630126953
-10.019379615783691 61.27015686035156
3.349945545196533 76.19419860839844
-19.4790096282959 75.43412780761719
10.886876106262207 3.6347296237945557
