6
6
6
6
6
1
6
6
6
6
6
6
1
1
1
1
6
6
6
4
6
1
1
1
1
1
1
6
4
6
6
1
1
1
1
6
1
6
6
1
6
1
4
1
1
1
0
1
0
1
1
1
1
1
4
1
1
4
1
1
1
1
4
4
1
1
1
1
4
1
4
1
1
6
1
1
1
1
4
1
4
4
1
1
4
1
4
1
4
4
1
4
1
1
1
4
1
4
1
4
4
4
4
1
4
1
4
1
4
4
1
4
6
1
4
6
4
1
4
1
1
4
4
1
4
6
1
4
4
4
1
4
4
0
1
4
4
6
0
4
4
1
4
4
0
1
1
6
4
0
4
3
4
2
6
0
2
6
0
3
6
0
2
4
3
3
4
0
3
0
0
0
3
4
0
5
5
0
0
0
0
4
0
3
2
0
2
2
3
0
5
5
0
5
2
0
0
5
3
0
0
0
5
2
3
0
5
0
3
0
5
0
0
2
5
5
5
0
0
5
3
5
5
3
0
2
5
3
3
3
2
2
0
0
5
5
2
2
5
3
3
3
5
3
5
5
2
5
5
3
3
2
5
2
3
5
3
3
5
5
5
2
5
5
0
3
3
5
5
2
3
5
3
5
3
0
3
2
3
5
2
2
5
5
2
3
2
3
3
3
3
2
3
3
2
2
3
2
3
2
0
2
2
2
2
3
2
2
2
5
2
2
2
2
2
2
2
2
5
3
5
2
2
3
2
2
5
5
5
5
3
2
2
3
2
3
2
2
2
3
2
3
3
3
2
2
2
2
2
0
2
3
5
5
2
5
5
3
3
2
0
5
5
2
0
5
3
2
5
