0
0
0
0
0
3
0
0
0
0
0
0
3
3
3
3
0
0
0
4
0
3
3
3
3
3
3
0
4
0
0
3
3
3
3
0
3
0
0
3
0
3
4
3
3
3
2
3
2
3
3
3
3
3
4
3
3
4
3
3
3
3
4
4
3
3
3
3
4
3
4
3
3
0
3
3
3
3
4
3
4
4
3
3
4
3
4
3
4
4
3
4
3
3
3
4
3
4
3
4
4
4
4
3
4
3
4
3
4
4
3
4
0
3
4
0
4
3
4
3
3
4
4
3
4
0
3
4
4
4
3
4
4
2
3
4
4
0
2
4
4
3
4
4
2
3
3
0
4
2
4
6
4
1
0
2
1
0
2
1
0
2
1
4
6
6
4
2
7
2
2
2
6
4
2
5
5
2
2
2
2
4
2
1
1
2
7
1
6
2
5
5
2
5
1
2
2
5
7
2
2
2
5
1
6
2
5
2
6
2
5
2
2
7
5
5
5
2
2
5
6
5
5
6
2
7
5
1
6
6
1
1
2
2
5
5
1
1
5
6
6
6
5
6
5
5
7
5
5
1
6
1
5
1
6
5
6
6
5
5
5
7
5
5
2
6
6
5
5
7
6
5
6
5
6
2
6
1
6
5
1
7
5
5
7
6
1
6
6
6
6
1
6
6
7
1
6
1
7
7
2
7
7
1
1
7
7
7
1
5
1
7
7
1
7
1
7
7
5
6
5
1
7
6
7
7
5
5
5
5
6
1
7
6
7
6
1
7
7
6
7
6
6
6
7
7
1
5
1
2
7
6
5
5
7
5
5
6
6
7
2
5
5
1
2
5
1
1
5
