1.125686821252672998e-01
3.437410460578070592e-02
4.088193026338489133e-01
1.309576196076100985e-01
1.314913354268888203e-02
3.816466538240592676e-02
2.898038305887361971e-02
1.612640267142112505e-02
2.661746239597558364e-02
8.651020791795518972e-02
9.006159544637210024e-02
6.732961188163860689e-01
1.297423251599154163e-02
8.421334664673016390e-02
1.643102414562773173e-01
1.753051293897757990e-01
2.046836262472922774e-01
2.970536032989419192e-02
1.963205324601997870e-02
1.744214176808592254e-02
3.395635196510046055e-02
5.596094919737115703e-02
1.860957546285820635e-02
8.343438145914051918e-02
1.557982504206298080e-01
2.012614958331513867e-02
2.424491840972486933e-02
3.690889140131674018e-01
1.626655338256339789e-01
2.026729557895401990e-01
3.987722474385083093e-02
1.346832885328670161e-02
1.407305399576822859e-02
7.481018598809797693e-01
5.383964993443269426e-02
3.959169491196712354e-02
2.451593378371985654e-01
1.424795502246556898e-02
1.901655410363422283e-01
3.079211033456693766e-02
2.988026135659153232e-02
1.644559798201894463e-02
6.028828452919234027e-02
2.048802311181376068e-02
2.286056709806447498e-02
5.355412010254898686e-02
2.856348349149957500e-01
1.910367180015336633e-02
2.849591004493113797e-02
8.716179943343164982e-02
1.030747858166371628e-01
9.805467716723599569e-02
1.123143786660377869e-01
1.673112781390265202e-02
1.810746593527031434e-01
5.898089654400420073e-02
1.860957546285820635e-02
5.791574054294162249e-02
1.156445085840819703e-01
1.789718604669338353e-01
1.365280707031084617e-01
1.764606227719686948e-01
2.245409902195297236e-01
2.395938857784116194e-02
1.832404563097449895e-02
1.517187547554491728e-02
1.653851926488281998e-01
2.403092397260795099e-01
2.505821005761784889e-02
3.052744044844051263e-01
2.063751013944465640e-01
1.240822196329835342e-01
2.763994017913735599e-02
1.610158407268162395e-01
1.541911909573769612e-01
3.854794928698035972e-01
1.534677650224225594e-02
2.534373988950155629e-02
1.722522415119781200e-02
4.040413826784790552e-01
6.444133846417351985e-02
8.966171644567473564e-02
1.942286711075118591e-02
2.226289048750549129e-02
1.215502162612873693e-01
5.242163314405818425e-02
2.364019326724334236e-02
1.782994929367933898e-02
2.347845255843992174e-01
4.334859020987823219e-02
4.742468081838716043e-02
7.814817893795850123e-02
3.704424989901906884e-02
6.190908627135320863e-01
5.228039759607495951e-02
3.120390160620051256e-01
2.441981943642220973e-02
4.269176059299045062e-02
2.277100816328674060e-01
4.184214823291230734e-01
1.782994929367933898e-02
1.907121883175237342e-01
3.299984059682706250e-01
4.238199153889808668e-02
1.737472216288248605e-01
7.194239595718177060e-02
1.388608149396694698e-02
3.505517344487715098e-02
1.283422240073764931e-01
1.343790134440269457e-01
4.540414616344420895e-01
7.192660482918343812e-01
1.237861554474042336e-01
2.018633425074218002e-01
2.865966451846487240e-01
1.389775780158314378e-01
1.565219974776270728e-01
3.873841743159100459e-01
2.562297424326744344e-01
7.893214510062199207e-02
1.314913354268888203e-02
1.561570652132111825e-01
1.427903524259241663e-01
8.924462543270451909e-02
1.521267115585203111e-01
1.263874326618060207e-01
4.462231271635225954e-02
3.523007447157448790e-02
1.128115337392502082e-01
7.318617334856895862e-02
1.775173178210167901e-01
6.219673331190900267e-01
5.420846583720467793e-01
2.165506441741777977e-01
1.314913354268888203e-02
1.860957546285820635e-02
1.842382813533793295e-01
1.850454090087394476e-01
4.124296519168347275e-01
2.020249327993005328e-02
3.984998816720192183e-02
7.959650719391944684e-02
7.875427023828190931e-01
1.885045582686013244e-01
9.549572164127173579e-01
4.384268654717339564e-02
7.365867568225395456e-02
9.986880413561978476e-02
1.090973166592398985e-01
1.362266566372176135e-01
3.732543973741815624e-02
5.131379892509481400e-02
1.079984951794632081e-01
1.456715033306338856e-02
3.534070327676085838e-02
2.754138284905493020e-02
1.874179827165474432e-02
1.782994929367933898e-02
8.049077780912239355e-02
3.473597813427933140e-02
1.314913354268888203e-02
2.791219280987251028e-01
4.759958184508450429e-02
1.399567579512350501e-01
2.739708856515445101e-02
3.469329991637852550e-02
1.768316854306352937e-01
9.219128781863990263e-02
2.771628387575227059e-02
1.639167661589335523e-01
3.600970064075335875e-02
5.858151880383168919e-01
2.346529224054600196e-02
5.667262477926445635e-02
8.655594487177324659e-02
1.566597181284007725e-02
8.682940322855300930e-02
3.268262945862643321e-02
1.195883763837943536e-01
4.317368918318089527e-02
5.123130286612161827e-02
1.051617999710041662e-01
1.918425127096615446e-01
2.661746239597558364e-02
6.060747983979015985e-02
4.869840332486118778e-02
8.123673849958713833e-02
2.117406643503080554e-01
1.240942911080874789e-01
2.661746239597558364e-02
1.424795502246556898e-02
2.722218753845711062e-02
6.840680026749608456e-02
1.832404563097449895e-02
6.808760495689826497e-02
3.317170285274019526e-02
1.576452914292250304e-02
3.197579293393184030e-01
6.211159410192391706e-01
2.928822040557861328e-01
2.323541731692264911e-01
2.855923912389491393e-01
1.330146466490375878e-01
2.364019326724334236e-02
3.767545785361189337e-01
1.722522415119781200e-02
2.959473152470782492e-02
2.249869356956585298e-02
4.951714952463703162e-02
2.965061063688944828e-02
1.303649659402325300e-01
3.625255225473626025e-02
1.297423251599154163e-02
6.031659043578274648e-01
1.388608149396694698e-02
1.026329600067965725e-01
2.644256136927824324e-02
1.289970564648387774e-01
2.375082207242970936e-02
9.286028518263240994e-02
3.959169491196712354e-02
1.100212371123192451e-01
6.280574242920086703e-02
1.314913354268888203e-02
2.156421653623503409e-01
2.988026135659153232e-02
1.849906709459092913e-01
1.477951964065634449e+00
1.380372544937340518e-01
3.988919477798751057e-02
1.424795502246556898e-02
6.227736098333425813e-02
1.910367180015336633e-02
3.472391034206400717e-01
1.782994929367933898e-02
1.424183367390619570e-01
9.823488975928081901e-01
4.334859020987823219e-02
2.555369943138060540e-01
3.084619839986165943e-02
3.010758216465068624e-02
3.767765285522957086e-01
2.598213051069719545e-02
1.193028465519106462e-01
1.563230633412596160e-02
2.661746239597558364e-02
1.686335062269919000e-02
2.484964355220639631e-02
1.876696138201044139e-01
3.399836855529123764e-02
1.673112781390265202e-02
2.693665770657340322e-02
2.537082734146738350e-01
1.563230633412596160e-02
3.163691019301169138e-01
1.546314783535675530e-01
3.881206874278825963e-02
1.188087502146154828e-01
2.781484055971388675e-02
6.038684185927476605e-02
1.485268016494709596e-02
3.477043976305623230e-01
1.644559798201894463e-02
5.911196189198067996e-01
1.985511282272132139e-01
1.479927776305656195e-01
3.335162682261893358e-02
5.093396310883808731e-01
1.152909861670600028e-01
1.374519911561878083e-01
1.485268016494709596e-02
1.402549788880800563e-01
1.149755112200894630e-01
1.534677650224225594e-02
3.214803614267489063e-01
7.478810390482749926e-02
1.612640267142112505e-02
4.498953289455837612e-01
6.045864933551488019e-01
1.350682718643974045e-01
2.778372486755453785e-01
1.758599884787872325e+00
1.205429035796705683e-01
1.375385868517040901e-02
2.236647076076931501e-02
1.020776224007128308e-01
1.529436815721878784e-01
1.722522415119781200e-02
2.466267105040511470e-02
2.048802311181376068e-02
3.285753048532377707e-02
1.534677650224225594e-02
4.224976873010154871e-02
7.999668147182723010e-02
1.623703147660749205e-02
3.208796474022593825e-01
1.800485032037667937e-02
6.947195626855866279e-02
5.667262477926445635e-02
4.535926066763032449e-02
3.019945666718935190e-02
3.289119596403788925e-02
1.552872606086214136e-02
6.214929014686646630e-02
1.612640267142112505e-02
2.462367701336620404e-02
1.278726001419026002e-02
1.073416649164546099e-01
1.744214176808592254e-02
1.035896116478979417e-01
9.231910731411238635e-02
6.240958379213079610e-02
8.166656261537133532e-02
6.263346316691659199e-01
5.127941689840177508e-01
3.564782711225473327e-02
2.364019326724334236e-02
2.849591004493113797e-02
1.902732810353845172e-02
4.097604622362752136e-02
4.037132108114599438e-02
8.566196953378073242e-02
1.115162172291660064e-01
5.531469683660078518e-01
6.277145732062941463e-02
1.534677650224225594e-02
2.722218753845711062e-02
3.596702242285255285e-02
2.456411372032268892e-02
5.100667508960093216e-02
1.988329796933223370e-02
2.771628387575227059e-02
7.063438834213628392e-02
7.573361836151701332e-02
1.751075398308151940e-02
8.319520821093220886e-02
4.532559518891621231e-02
1.128115337392502082e-01
5.430525454079232484e-01
1.056209282500310959e-01
1.252447273026960073e-01
2.722218753845711062e-02
2.048802311181376068e-02
1.375385868517040901e-02
3.359447843660184202e-02
1.736526540947477271e-01
7.804189012625675770e-02
1.043858941654525752e-01
7.638102172189935313e-02
3.946040387399151195e-01
2.674334895643115106e-01
9.093977894563338993e-02
3.257200065344006967e-02
1.284101745946620576e-01
8.938052660727566212e-02
6.430709904771509944e-01
2.219156973407197461e-02
1.318815400606894450e-01
1.043311444724478315e-01
2.683438001286369765e-02
1.007702344155246982e-01
1.679369776552608606e-01
5.003157650552144675e-01
3.461982648224042336e-01
7.495399219233815635e-02
3.317672579592159665e-02
1.098005991318038443e-01
1.186001837092040406e-01
4.600666402801265736e-02
7.603121966850466540e-02
3.505517344487715098e-02
7.340375259316710144e-02
7.857866468145272010e-02
4.826737987962841925e-01
1.336066806865578438e-01
4.496158732954402826e-01
1.627416009825419507e-01
1.829988439554767476e-01
1.277166491924585645e-01
3.172516467448495692e-01
6.695817673432472028e-02
9.484096852744497430e-02
4.238199153889808668e-02
1.800485032037667937e-02
2.927553621411000534e-02
2.817671473433331839e-02
9.530979249535537212e-02
7.184450025480937363e-02
2.364019326724334236e-02
9.714556192641012056e-02
2.254137178746665540e-02
2.661746239597558364e-02
1.860957546285820635e-02
1.952142444083361170e-02
5.256592742795866691e-02
1.103373736869998067e-01
3.491087916097666832e-02
3.820734360030673266e-02
5.449737759463508802e-01
2.176174561828778803e-02
7.882151629543562854e-02
1.806072943255830621e-02
2.988026135659153232e-02
1.993917708151385706e-02
1.208879967045977805e-01
2.074631636704855897e-02
1.346832885328670161e-02
1.860957546285820635e-02
1.375385868517040901e-02
1.705032312450047161e-02
2.722218753845711062e-02
4.383207982794701946e-02
1.795154070143454017e-01
1.335081233564754111e-01
2.346529224054600196e-02
8.840072704201468179e-02
6.670325364523786715e-02
5.474407821489866155e-01
3.045774992242415019e-02
4.119166126096151376e-02
3.100332205857687928e-02
3.342734236058180763e-01
9.889178676656913691e-02
8.758309540063707876e-02
3.661442578323488573e-02
5.461927610361155816e-02
2.638165931391522195e-02
1.261139743050262441e-01
7.088997305893315892e-02
1.395702316832090062e-01
5.086238080570044950e-02
8.913767499329275368e-02
2.619205270679339503e-01
4.043927166843155896e-02
3.606536420703257417e-01
2.715412898438409606e-01
1.598295002448849589e-01
4.040498655986010657e-02
1.988104216774627675e-01
1.270378947581055906e-01
5.099460361449698748e-02
1.973792983264457956e-01
6.476926060549934583e-01
5.119176666911054996e-01
5.792986855597354046e-01
3.466736591928373801e-02
3.818687901587344141e-02
3.783109323765204007e-02
1.456715033306338856e-02
3.473597813427933140e-02
2.745904547735281698e-01
3.307906134018729905e-01
6.567238275274674131e-02
1.100549025910333573e-01
1.383638401341632240e-01
2.075418734615088190e-01
3.285753048532377707e-02
4.584490955683597213e-01
2.828693460965867046e-01
7.453623955165790405e-02
1.856358335593205344e-01
1.612640267142112505e-02
1.346832885328670161e-02
5.877683414676325435e-02
2.200459723227069300e-02
3.398013483218061404e-01
5.589299861008558551e-02
3.345018415270135936e-02
6.368330629860483039e-02
1.346832885328670161e-02
4.229178532029231885e-02
4.572113419612894997e-02
2.739777429317071245e-01
1.034283082336591164e-01
1.040951333394864731e-01
1.001832763030923168e-01
1.297423251599154163e-02
9.933341292507925913e-02
7.040904143315343533e-02
6.476053377477133943e-02
2.020249327993005328e-02
3.775526385320234629e-02
7.000304625286318805e-02
3.147317917366337925e-02
6.731502731964193742e-02
6.157903490350821740e-02
5.812450282295868187e-02
9.878115796138277338e-02
3.053865200135765998e-02
2.031312208511642028e-02
4.533766666402015699e-02
1.703005089023248986e-01
3.852653891090455224e-02
1.066316599445291224e+00
2.729941118700394687e-01
2.262788219503593934e-01
1.192265028552957351e-01
2.364019326724334236e-02
8.496302705470139272e-02
1.427344733137425326e-01
6.057381436107604766e-02
1.612640267142112505e-02
1.020998360341803524e-01
3.155378946443883614e-01
2.951363787095397928e-01
6.213306669943378241e-02
1.673112781390265202e-02
7.662387333588224769e-02
2.158684459159044763e-02
1.888673421813220621e-01
7.687511805919450270e-02
2.070494072870187122e-02
5.342894582567499218e-02
7.571202435790684582e-02
1.327375099264832270e-01
5.245529862277229644e-02
3.515373077495957677e-02
3.257200065344006967e-02
3.097908283636821927e-02
2.012614958331513867e-02
1.612640267142112505e-02
2.364019326724334236e-02
8.897830968303732657e-01
2.020925402964356687e-01
4.915941310768850991e-02
1.077499589945888764e-01
3.005822111920612716e-02
4.774387612898498695e-02
1.144134642955087350e-01
3.354751695462358518e-01
3.465963443766441332e-02
1.005769331603838523e-01
3.468564519391150180e-01
6.271511364758498852e-02
3.023540624758092599e-01
3.678460386064317245e-01
1.438175488293655657e-01
3.125782904586171806e-02
3.217646164622733201e-02
1.952142444083361170e-02
7.882680414814935421e-02
3.762806909194160720e-01
5.643438246192001850e-01
1.691011626545975977e-01
1.290054224370940916e-01
2.020249327993005328e-02
3.155657140220084061e-02
5.523520775926791249e-01
9.029237558525106400e-02
3.445044830239562400e-02
2.395938857784116194e-02
5.172754451834412626e-01
2.780052213487909651e-01
1.807671985652065549e+00
2.044021327321122461e-01
4.898352997735909709e-01
1.424795502246556898e-02
1.012643307528198616e-01
2.722218753845711062e-02
7.861352109004487998e-01
3.385429156181934962e-01
2.236647076076931501e-02
2.849591004493113797e-02
9.437685930308933879e-02
3.973598919586760619e-02
2.301259234668762699e-01
3.371721515810586767e-01
6.542953113876384674e-02
1.832404563097449895e-02
9.182941429014128409e-02
3.742771743112786181e-02
1.572782243816510106e-01
1.297423251599154163e-02
4.820430698756603127e-02
5.689116067033472834e-01
1.229833981532068438e-01
1.730355460469315820e-01
1.563350249758257704e-01
3.311582374055857536e-02
3.784547007180810718e-02
1.697786545688866888e-01
2.638088170751969885e-01
1.515905566331816889e-01
6.152834155695224849e-02
8.746779384974864846e-02
4.040498655986010657e-02
1.310645532478808134e-02
9.466238913497304619e-02
4.848983681944973867e-02
3.610509301265726889e-01
1.270726896559966068e-01
1.510179837544759207e-01
3.661309968488326017e-01
2.317976240866229456e-02
1.595150164472378465e-02
2.130131475970674024e-02
2.054390222399538751e-02
2.048802311181376068e-02
7.549490747736075091e-01
5.465294158232567728e-02
2.402893947715035727e-01
1.223907444858292615e-01
1.555217333279327874e-01
2.583783622679671627e-02
1.456715033306338856e-02
5.662994656136365740e-02
2.473901474702002931e-02
3.953463985991025748e-02
1.048799905027477386e-01
1.919263113481888550e-01
2.109274825429528766e-02
3.432440454074683900e-01
6.074871538777338459e-02
1.691840832149433260e-01
6.117900083381632159e-01
4.851759630167064574e-01
1.131125052123858055e-01
5.507069422300592265e-02
3.898696976948559656e-02
2.978637263703798332e-01
1.310898424164066434e-01
1.521962716327450171e-01
1.856855603091439044e-01
2.813403651643251596e-02
3.523048650281538907e-01
1.073174263403667700e-01
7.262412642398824447e-02
4.505982101771243697e-01
6.878187469027552403e-02
3.686500887883711192e-02
4.069051639174381396e-02
2.881980297688223058e-01
7.719431336979232228e-02
1.297423251599154163e-02
1.424795502246556898e-02
1.881434607311961993e-01
3.129827814696604232e-02
5.205084101617497572e-01
4.494150802695007912e-02
6.099156700175629303e-02
1.475989585969506301e-01
1.332714079518305117e-01
1.481676501633351961e+00
1.331889280458775915e-01
3.257200065344006967e-02
1.424795502246556898e-02
1.268870268410783424e-02
1.411204712823800611e-01
5.551595998004200255e-02
4.069051639174381396e-02
4.117623512660907592e-02
1.962223569875164164e-01
1.057245085232949161e-01
1.918400225600576103e-01
6.514953067955285837e-01
7.415822204858629751e-01
8.325948043244317531e-02
4.696484406789143695e-01
5.167567245359343253e-02
9.870481426476786224e-02
6.935293370792212919e-02
3.700427117386484444e-01
7.971115163994352271e-02
6.216673217814789459e-02
2.208094092888560761e-02
2.200459723227069300e-02
5.454322794265540342e-01
4.966832344448017245e-01
1.185027557982984980e-01
6.890089660479124800e-02
3.359687922769769020e-01
3.244682637656607499e-02
1.910367180015336633e-02
2.556065750638967030e-02
5.191627821625086625e-01
1.339198515667178700e-02
6.474846229966739475e-02
2.473901474702002931e-02
4.164504358762002173e-02
7.691786276292671420e-01
9.026710321586629837e-02
1.828202645630048195e-01
1.612640267142112505e-02
1.806478939728362043e-01
1.301520594413364540e-01
1.521794970442608974e-01
5.493847141420938468e-02
2.813464529146023629e-01
3.183890571439169093e-01
1.288416081973853822e-01
4.317368918318089527e-02
3.006680690176118942e-01
1.910367180015336633e-02
1.466356628955541308e-01
4.366778552047605177e-02
6.161299733934686440e-01
2.119903706599703466e-02
5.737896598774566009e-02
2.644256136927824324e-02
2.317976240866229456e-02
1.173907334242409867e-01
1.136338381263298780e-01
4.317368918318089527e-02
1.722649326169393980e-01
1.782994929367933898e-02
2.059260228785072810e-01
9.883703707356439327e-02
1.175992999296524288e-01
1.563230633412596160e-02
2.207979574436094716e-01
7.269077927762577218e-01
1.346832885328670161e-02
1.024401155590688034e-01
4.218820504702849861e-02
2.874508466177839727e-01
9.502426266347166472e-02
6.116646802845362996e-02
4.444741168965492262e-02
1.079864237043592634e-01
1.297423251599154163e-02
2.068203671514826369e-01
1.322504621211106346e-01
5.649772375256711249e-02
1.612640267142112505e-02
4.288414868558971804e-01
1.346832885328670161e-02
4.504006535703250491e-02
1.568970719004064984e-01
3.991200478096318394e-02
3.909759857467196703e-02
2.739708856515445101e-02
4.782083945545723830e-02
1.042722066243489537e-01
3.693362109383270531e-02
6.157035814714302557e-02
1.485141105445096921e-01
4.678629019719152127e-02
7.921705530264835926e-02
1.935999128553602400e-01
5.681691906316493901e-02
1.984061975143143128e-02
1.910367180015336633e-02
2.881510535552895755e-02
1.296748843619494052e-01
1.771543148733412953e-01
2.468227661722074695e-01
3.005516238328887271e-02
6.194609419763250080e-02
1.756166565385937350e-01
5.809064156963896636e-02
2.455826671465948796e-01
9.270538417950555110e-02
1.456715033306338856e-02
6.323188817921046589e-02
1.236950737351001466e-02
6.918642643667495540e-02
2.113262818757757622e-01
2.395938857784116194e-02
1.264715743904837320e-01
1.163121613706676605e-01
1.534677650224225594e-02
2.941983049801048453e-02
6.077398775715815021e-02
2.098211944910892066e-02
5.444437507691422123e-02
1.751075398308151940e-02
1.612160141228983490e-01
6.539586566004973456e-02
5.196120228547713993e-02
1.630039053557688078e-01
2.438434908383584065e-01
7.701941234309499229e-02
2.291989093873559036e-01
4.546988947281669496e-02
1.595150164472378465e-02
4.693058448109200392e-02
1.396916507059319523e-01
2.286056709806447498e-02
2.048802311181376068e-02
1.269151944778152963e-01
2.959473152470782492e-02
6.791270393020092111e-02
4.638542263165398860e-02
3.285753048532377707e-02
1.579063487892874429e-01
1.996669019786969160e-02
3.665791662727914124e-01
2.949880733076473138e-01
2.625558886747696163e-02
1.934652341413627130e-02
2.158684459159044763e-02
3.147317917366337925e-02
2.327831973874472035e-02
3.648890040431242432e-01
1.636939759499981550e-01
2.130131475970674024e-02
1.003830348896140312e-01
5.146710594818197648e-02
2.866020435240210565e-02
3.703217842391513109e-02
3.007101786491993556e-01
3.161257437574184759e-01
3.405490929518288634e-02
1.093272322884743103e-01
7.944168307916904537e-02
7.871789531656074590e-02
3.544699208846260191e-02
1.627502314120450322e+00
9.604674044663344401e-02
3.440777008449481811e-02
1.952142444083361170e-02
1.429441272404781971e-01
3.596702242285255285e-02
2.219156973407197461e-02
1.223450075320112046e-01
1.134895438424293884e-01
4.718339669349070481e-02
2.224931109565383425e-01
4.472126359862040879e-01
3.799617374492531563e-01
1.466915420077357646e-01
9.268538415593506608e-02
1.165990357799581711e-01
1.006596056103383346e-01
2.072807980100636882e-01
1.646068477372166772e-01
2.157763523784110293e-01
1.406378267903314883e-01
1.644559798201894463e-02
1.941505079346943774e-01
3.039631785416021525e-01
4.898393315674489518e-02
1.910367180015336633e-02
7.216369556540719321e-02
5.912519082790467645e-02
3.037435769388669229e-02
9.703493312122375702e-02
5.915579757070153766e-02
6.960417907735519383e-02
1.853593164666235416e-01
2.672809120116195064e-02
1.073174263403667700e-01
2.346529224054600196e-02
3.243012647964766959e-01
6.882455290817632299e-02
1.340455175415287137e-01
2.899982044044225882e-01
4.256896404069936829e-02
1.860957546285820635e-02
1.534677650224225594e-02
6.762717409831721371e-02
1.335508015743762100e-01
2.293999627999820101e-01
1.891329559853406339e-01
8.577325996667711783e-02
3.499427138951412969e-02
1.906495301057975766e-01
1.457524564531114397e-01
6.592362747605899631e-02
2.977283485536653118e-01
6.050387307557310024e-01
1.568374753321412518e+00
5.802480457274894476e-01
2.053411717660381941e-01
1.313244815764388340e+00
2.977103773494400030e-01
7.160857647738159137e-01
5.462838065656543396e-01
8.868693937131060245e-01
3.881206874278825963e-02
1.254937328943392050e+00
1.988329796933223370e-02
1.316956506512029446e+00
1.297423251599154163e-02
1.048440217971801758e+00
1.559731514473271519e-01
5.622382564596367649e-01
6.356916369461431682e-01
9.765172973880922869e-02
2.560284008501668152e-01
4.338225568859234438e-02
9.145182064232141306e-01
1.492389870206838054e-01
1.645063249076285095e+00
6.754917743083260762e-01
7.087253574433365344e-01
1.424795502246556898e-02
1.648227705865048520e+00
3.554926978217230749e-02
1.125686821252672998e-01
5.057685097381674211e-02
3.303243151202111400e-02
2.832100901823379757e-02
8.467749722281768532e-02
4.145327977694793220e-01
4.987418813111012955e-02
6.340678920590780976e-02
2.098211944910892066e-02
1.563230633412596160e-02
1.870718758280684180e-01
1.224560892678857871e-01
1.563230633412596160e-02
1.612640267142112505e-02
1.424795502246556898e-02
4.801733448576474966e-02
2.816489085272398940e-01
1.236509417453755422e+00
9.917731659845284431e-02
1.424795502246556898e-02
5.099460361449698748e-02
7.271201662254850318e-01
1.838121356033697307e-01
8.010731027701359364e-02
4.317368918318089527e-02
1.131703485318315688e-01
3.089124510281777147e-01
2.661746239597558364e-02
3.445044830239562400e-02
2.534373988950155629e-02
7.652531600579982884e-02
2.340647683234072518e-01
2.349895771926011415e-02
1.344410565487414444e-01
1.314913354268888203e-02
1.888174716050062818e+00
1.004155588020800183e+00
1.034162367585551717e-01
1.186137522462260785e+00
6.013908476687381821e-01
6.879990598373619815e-02
7.597866814310957340e-01
3.433804822161914960e-01
2.170837403635991758e-01
3.043561686022172030e-01
8.219432443138061095e-02
1.674156447413167881e-01
8.877580146479412126e-02
3.395635196510046055e-02
8.580692544539123001e-02
3.814307137879575926e-02
1.344848641858191474e-01
6.008529915073053118e-01
2.240461689346850971e-01
1.416042775642581075e+00
2.072022135664776943e-01
1.576514257002006036e-01
1.152567010584885504e-01
1.832404563097449895e-02
1.872175017669595043e-01
1.628977324581404762e+00
1.099217929814243044e+00
1.371327958455899887e-01
1.676375608134075934e+00
3.100468808719459290e-01
1.569824283362080963e-01
6.712100628591811946e-02
2.038619414900699478e-01
2.988026135659153232e-02
4.990785360982424868e-02
3.363715665450264097e-02
3.179237448426119883e-02
5.954294346858492182e-02
2.344723788057239411e-01
2.252395999463916165e-01
1.891925554611495475e-01
4.621285280884120106e-02
3.486820094307586937e-02
2.674278049934201151e-01
1.980971262706973657e-01
6.099156700175629303e-02
4.220708986607993318e-02
1.445924563782647887e-01
1.725371097161517986e-01
2.286056709806447498e-02
2.066292413851110107e-02
1.970839694263489331e-02
4.082513256124687961e-01
7.353597540196364635e-02
7.716064789107821009e-02
4.147014256092267787e-02
8.505704209087340262e-01
4.262484315288099512e-02
8.251046100606117262e-02
1.612640267142112505e-02
9.604674044663344401e-02
3.491087916097666832e-02
4.681995567590563345e-02
7.257920913903047611e-01
4.472863034504215851e-01
1.017436979262809515e+00
4.362409353902346187e-01
1.066820944550883749e-01
3.037435769388669229e-02
4.417629655460678095e-01
4.413033242471172540e-02
7.565060088304968733e-02
3.881206874278825963e-02
4.342135439720257173e-02
1.843467443616086596e-02
2.286056709806447498e-02
3.303243151202111400e-02
2.125679063926221302e-01
6.131319269578308084e-01
4.742468081838716043e-02
5.736074215028344470e-02
4.852350229816385085e-02
2.083716353749840919e-02
1.331342785015984971e-02
2.800181370763597799e-02
2.317976240866229456e-02
6.387027880040610506e-02
7.889785999205053968e-02
5.274082845465600383e-02
6.248665088560523273e-01
2.070598485993175863e-01
2.286056709806447498e-02
2.265469879315797630e-01
4.645808214740701492e-02
8.701637573035428397e-02
9.849562812949906598e-02
2.026265572080121202e-01
4.316161770807695058e-02
1.395497670987757288e-01
6.905734946088093462e-01
1.515744061974005907e-01
3.317672579592159665e-02
1.634332028830923558e-02
1.156565800591859011e-01
1.032750012105719539e-01
2.722218753845711062e-02
7.038380524653406467e-02
5.782732537122276667e-02
3.461354095438308742e-01
5.603729289398606817e-02
5.809769010156150965e-02
2.136717508155802081e-01
2.832100901823379757e-02
4.563042813846412415e-01
3.048498649907305930e-02
1.033065041229330738e-01
1.289379364106713333e-01
6.429704418027304413e-02
4.350061520005306104e-01
2.982998637326041425e-01
2.320158229610784217e-01
1.268870268410783424e-02
1.211939853058274785e-01
2.289934365083854673e-01
4.698646359327363076e-02
2.432444502667683028e-01
6.434808352452306979e-01
6.560443216546117673e-02
3.116178247663710099e-01
1.812183340067462789e-01
5.589299861008558551e-02
1.751075398308151940e-02
2.156946898152834746e-01
9.658657373774665045e-02
2.080997322309953990e-01
1.623703147660749205e-02
2.268566607136713459e-02
3.642745328143360412e-02
2.959473152470782492e-02
6.340678920590780976e-02
2.145820323044691502e-01
1.391434663033420671e-01
2.892744282719888482e-01
9.267633943376825112e-01
4.751109353248988976e-01
4.699432908034906209e-01
5.794568565802845489e-02
1.940819377175514726e-01
2.186206362757902588e-01
4.037132108114599438e-02
4.298336912946003063e-01
4.665207572099638877e-01
3.079411951183949614e-01
1.826634387659832603e-01
1.439046155469527466e-01
6.685743396521260928e-01
2.843847907978667711e-01
2.090263612225126688e-01
9.654306590072507521e-02
3.650186326768662948e-01
1.598127773460656931e-01
2.625558886747696163e-02
1.084485680753299597e-01
8.312880766747120231e-02
3.053858680776787571e-01
2.317976240866229456e-02
1.369578948188926448e-01
1.476460692036119515e-01
7.353597540196364635e-02
8.179613762108614572e-02
1.526781517638746699e-01
9.231533009185377558e-02
2.022008850645566624e-01
2.713031303591844495e-02
2.403681136082181369e-01
4.710548550778934085e-02
3.317672579592159665e-02
2.149497008905178197e-02
3.956099383553192128e-01
1.413261728881174371e-02
1.020816121967181300e-01
4.486516433033516799e-02
3.115398386306555967e-02
2.015156642531314712e-01
1.733585295638417900e-02
1.336369262478215858e-01
1.612640267142112505e-02
3.554926978217230749e-02
8.674690716957980663e-02
2.098211944910892066e-02
5.066480158467279865e-02
2.927553621411000534e-02
1.698942106913745032e-02
1.782994929367933898e-02
1.806983036723563418e-01
1.612640267142112505e-02
9.094817205496273649e-02
4.462424668516247195e-01
3.615558011745049760e-01
1.189499857625987145e-01
4.282725729593416658e-02
2.678397031334358094e-02
5.731101540046009551e-02
2.664847645333142667e-01
1.715495786692715074e-01
2.374648130360011433e-01
1.910367180015336633e-02
2.424491840972486933e-02
1.011019470245857615e-01
2.800181370763597799e-02
6.584728377944408517e-02
1.346832885328670161e-02
2.208833138794110695e-01
8.591755425057760742e-02
7.603121966850466540e-02
3.313866540345395961e-01
1.751075398308151940e-02
5.150077142689609561e-02
5.129701852152340757e-02
4.162164884531078246e-01
4.196423889821784131e-02
2.346529224054600196e-02
3.713013789841153045e-01
1.546314783535675530e-01
5.187278711375828411e-02
8.415244394524633298e-02
3.363715665450264097e-02
1.089530223753394089e-01
1.669061067627697348e-01
9.016854588578386565e-02
2.849591004493113797e-02
2.832100901823379757e-02
4.110826903242405933e-02
2.719902817795916139e-01
1.534677650224225594e-02
8.386420557492470229e-02
4.526070333754789871e-02
5.974845123807911995e-02
1.846762834202629322e-01
1.487232966797784606e-01
7.805733176750864755e-02
1.637839237202796949e-01
1.534677650224225594e-02
1.800485032037667937e-02
1.910367180015336633e-02
3.909759857467196703e-02
4.384268654717339564e-02
4.228343420881566089e-02
9.350266559983333448e-02
3.140890695215240586e-02
5.196120228547713993e-02
1.612640267142112505e-02
7.729287069987475500e-02
1.424795502246556898e-02
2.023944744895790349e-01
9.152853068943592185e-02
3.710852212053004223e-02
6.001110580878529083e-02
4.572113419612894997e-02
1.209727276954547515e-01
5.699182008986227593e-02
3.555443396736289730e-01
1.211645380914372794e+00
1.520306563312768366e+00
1.101362440967301293e+00
9.787048233879936943e-01
1.201521782371086866e+00
4.384141672594437655e-01
8.232031204513095002e-01
2.098211944910892066e-02
9.452237230006271806e-01
7.343383856259064757e-01
5.140554226510893332e-02
8.742785079046316854e-01
5.833349318362186786e-02
1.375385868517040901e-02
3.732543973741815624e-02
1.064334946273142180e+00
1.800485032037667937e-02
2.963674811489859853e-02
4.557617828451843850e-02
4.118696628870356924e-01
1.002795082443774938e-01
2.843163782342016457e-02
4.774387612898498695e-02
2.587408089056247862e-01
2.178303936955728604e-01
5.826922096211089447e-02
1.722522415119781200e-02
4.255604957177386849e-01
1.568075273095107525e-01
2.584425298179068298e-01
1.152947065306872826e-01
1.528209812918975841e-01
4.384268654717339564e-02
2.317976240866229456e-02
3.668583770431477209e-01
1.027740908832084910e-01
5.494813176028450208e-01
1.085605421040439361e-01
1.287448115465117671e-01
2.177357699489851917e-01
1.554111045227464238e-01
5.146032232579177135e-02
2.473901474702002931e-02
1.122717004481369879e-01
3.534070327676085838e-02
5.554319655669091166e-02
1.644559798201894463e-02
1.375385868517040901e-02
1.413074437841813358e-01
1.152764826932250602e-01
1.832404563097449895e-02
1.917316073647682695e-01
2.489887692417878662e-01
4.894125493884409622e-02
6.178401692449885241e-01
1.375385868517040901e-02
6.837313478878197237e-02
3.354016681350666801e-02
3.478216091145668043e-02
2.346529224054600196e-02
4.958865829922642215e-02
1.693552638780133901e-01
1.446808715499836584e-01
9.954390874723108296e-02
1.403978239230024017e-01
1.424795502246556898e-02
3.445044830239562400e-02
3.020697363669956267e-02
1.424795502246556898e-02
4.197061242772957557e-01
2.722218753845711062e-02
3.897987258466601435e-01
1.268870268410783424e-02
1.493922940437709679e-01
3.135024616065710257e-01
1.594046990722821633e-01
3.038607548245892409e-01
2.536459654004269981e-01
5.830511555762148829e-02
6.802333273538728464e-02
3.669781801177234015e-02
2.722218753845711062e-02
4.540898741745367367e-02
2.098211944910892066e-02
2.331278453351359470e-01
1.456715033306338856e-02
1.324590057538453713e+00
1.994780473269743698e-02
3.348164674712390543e-01
9.985574991076295870e-01
1.738249292864708917e-01
4.644592292909699993e-01
1.509678221653470431e-01
8.821375454021340712e-02
1.424795502246556898e-02
1.802183043989062650e-01
1.424795502246556898e-02
2.031083791882688228e-01
8.119924191213881981e-01
9.548775225796997390e-02
1.686335062269919000e-02
8.770801833651575841e-02
8.679478426935872681e-01
7.652531600579982884e-02
3.554926978217230749e-02
9.058629852646411795e-02
5.190030023011411864e-02
5.731101540046009551e-02
2.365523444281684151e-01
3.249880556814715993e-01
4.716951827692791865e-01
3.212880856945585784e+00
4.291169598173643074e-01
1.165684290371613169e-01
2.048802311181376068e-02
1.035484595673517166e-01
4.146966010251342261e-01
3.065988752577039969e-02
1.456715033306338856e-02
1.527043280562734133e-02
4.173592493786075219e-01
3.661442578323488573e-02
1.145456871043052799e-01
2.661746239597558364e-02
8.591755425057760742e-02
2.173049979739719029e-01
4.204344562075648661e-01
2.445956310282554613e-01
2.959473152470782492e-02
9.459377691997744586e-02
1.188219511088963176e-01
8.335803776252560804e-02
1.328734111010543562e-01
1.474179976031709249e-01
1.592786286258439099e-01
1.612640267142112505e-02
1.181703595934198436e-01
3.139683547704846811e-02
2.253193138091544867e-01
1.298924636065475202e-01
2.676175667987606283e-02
3.079211033456693766e-02
3.427554727569828014e-02
1.392847018513252988e-01
5.774083951624428557e-02
1.892877077345602593e-02
1.383691325097226310e-01
5.004095204154327403e-01
1.722522415119781200e-02
3.300182476922425279e-02
7.103074598441602716e-02
4.138288026256612961e-01
4.613888683680919534e-02
2.275225993417465953e-01
3.609878028311380715e-01
2.815015419388851026e-01
2.118482344195771749e-01
5.415884524503051384e-02
3.106253050207122279e-01
7.845346843647117430e-01
1.449321162732959134e-01
4.460754265307088073e-01
4.947802949404005862e-02
4.242466975679888563e-02
3.140479374707229598e-01
1.093707750160196612e-01
4.118461272903897047e-02
1.428451021189288961e-01
1.173430322631587863e-01
4.118461272903897047e-02
1.637724718750330766e-01
5.996908921859452068e-02
1.988329796933223370e-02
2.239844127076104918e-01
2.803072354334802951e-01
1.534677650224225594e-02
7.861565832846209578e-02
5.943231466339855829e-02
1.467777913824975730e-02
2.200459723227069300e-02
5.277449393337012296e-02
5.976052271318306464e-02
2.814610799153645718e-02
2.771628387575227059e-02
1.554147828885210358e-01
3.962536039068123572e-02
1.340112324329572613e-01
1.117553904773743167e-01
1.743530761904832915e-01
1.860957546285820635e-02
2.269128512560836530e-01
1.591475352362242413e-01
2.498186636100293428e-02
2.625558886747696163e-02
3.203522609824410727e-02
7.663977449825463140e-01
1.304208450524141361e-01
2.957794207544507947e-01
1.970839694263489331e-02
1.070200576368709244e+00
8.273078729789754560e-01
1.566597181284007725e-02
2.537023543019281679e-01
2.286056709806447498e-02
9.462872365625893400e-02
5.114791063758415690e-02
4.398698083107387136e-02
3.870482677366675617e-01
4.366051291385640298e-01
1.988329796933223370e-02
1.382137016875311097e-01
2.652869676832907420e-01
1.564770281153319564e-01
2.910063518741266494e-02
8.145235353692113767e-02
1.690320787714102713e-01
3.771324726301156921e-02
3.881206874278825963e-02
4.404217634743791410e-02
6.511033582816602716e-02
1.370991303668758765e-01
5.086238080570044950e-02
1.612640267142112505e-02
3.632884691078165362e-01
1.722522415119781200e-02
5.364456086300899151e-02
4.037132108114599438e-02
1.915993845559717246e-01
2.176174561828778803e-02
9.292517703400071660e-02
5.955481173869393574e-01
1.910367180015336633e-02
2.347399180497580506e-01
6.057381436107604766e-02
1.566968985043243889e-01
1.058008522199098272e-01
2.551864091619889668e-02
6.195816567273643855e-02
2.661746239597558364e-02
1.424795502246556898e-02
4.398698083107387136e-02
7.599993902170237847e-02
2.534373988950155629e-02
3.583479961405601488e-02
2.739708856515445101e-02
1.563230633412596160e-02
9.573961661113955524e-02
2.910063518741266494e-02
1.198618347405741164e-01
4.366778552047605177e-02
1.957678801322048079e-01
9.494791896685675359e-02
2.297119590325084199e-02
1.604231870594386433e-01
1.959610049963643463e-01
1.816215411757388931e-01
2.144599516540361961e-01
2.557452002838052005e-02
1.375385868517040901e-02
6.355108348980828548e-02
2.959473152470782492e-02
5.901456202271831292e-02
2.612336605868042366e-02
3.335162682261893358e-02
1.314913354268888203e-02
8.155593381018495791e-02
3.029801399727177769e-02
2.216791996787880192e-01
2.208094092888560761e-02
9.222189456143677078e-02
1.832404563097449895e-02
2.388304488122624733e-02
8.840072704201468179e-02
1.400337212777073015e-01
1.314913354268888203e-02
1.671523285429006023e-01
3.879318327761600849e-02
3.413125299179780442e-02
8.155593381018495791e-02
4.572113419612894997e-02
2.704189366441431819e-01
8.877223190576403189e-01
2.122106177373953295e-01
6.926981866521240983e-02
9.697967363889947734e-02
4.151215915111345495e-02
9.789152261687487921e-02
9.136592469564298880e-02
5.553112508158696697e-02
2.427858388843898152e-02
1.499627340776810425e-01
2.359751504934253993e-02
2.306200198041714333e-01
7.463479688174033677e-02
2.026283482548990322e-01
6.745227307161986985e-02
6.262716303672893892e-02
2.274462556451316841e-01
2.339585008336922678e-01
2.890223597446431314e-01
2.551864091619889668e-02
9.446717071016306200e-01
5.004007641862078665e-02
2.881510535552895755e-02
3.935589182990676532e-02
1.115684179755730421e-01
3.433339964083539919e-01
1.370564521489750776e-01
1.070655619871971748e-01
1.103710391657139189e-01
1.346832885328670161e-02
4.810185025377971546e-01
1.938920163203707372e-02
3.129827814696604232e-02
2.437714121852140731e-02
1.534677650224225594e-02
9.206019442902024785e-02
2.713031303591844495e-02
2.240678049361479740e-01
6.450561068568450018e-02
7.453623955165790405e-02
8.769242162626933457e-02
4.604032950672676955e-02
1.128078133756229284e-01
3.151620416460321761e-01
1.424795502246556898e-02
6.262716303672893892e-02
2.800181370763597799e-02
4.713915098650345303e-02
2.473901474702002931e-02
1.809609369210757601e-01
1.563230633412596160e-02
1.335081233564754111e-01
1.314913354268888203e-02
3.079211033456693766e-02
1.315744162251955840e-01
2.372972745559402963e-01
1.522162561494160571e-01
3.623864928558266918e-01
8.673084589847057657e-02
6.245226201003160199e-02
1.020439569219987186e-01
6.837313478878197237e-02
4.806307143958280653e-02
1.838207251334255110e-01
1.407796819681720601e-01
1.702248003424667866e-01
1.915955091233499316e-02
2.424491840972486933e-02
9.080693650697950481e-02
1.800485032037667937e-02
2.583783622679671627e-02
1.407305399576822859e-02
2.776601062557561631e-02
2.119903706599703466e-02
5.256592742795866691e-02
2.927553621411000534e-02
3.253833517472595055e-02
3.250116171229499584e-01
1.693114866086138093e-01
1.318045767342171937e-01
3.122742001603289186e-01
2.090577575249400605e-02
2.625558886747696163e-02
1.424795502246556898e-02
4.050354388994253235e-02
9.858219546031176117e-01
1.227216610740516911e-01
6.163897036213861896e-02
4.927118386679548712e-01
4.783356092809661342e-01
9.204699353473942691e-02
9.846196265078495380e-02
2.722218753845711062e-02
2.364019326724334236e-02
2.704728651175977022e-02
1.659870212317159088e-01
3.913696193436619897e-01
1.485268016494709596e-02
2.395938857784116194e-02
2.595191370180952029e-01
3.285753048532377707e-02
4.473294152153863001e-02
4.165983930189758322e-01
1.598063904418531855e-01
2.048369332703794676e-01
4.642441666869290273e-02
2.359751504934253993e-02
4.833652979636256924e-02
3.143632392573162959e-01
2.066292413851110107e-02
4.596398581011185147e-02
5.298947861524132552e-01
1.072531541188557896e-01
1.708715685660923134e-01
8.829009823682831826e-02
4.681995567590563345e-02
1.456715033306338856e-02
4.222709053577123478e-02
1.636556907074884215e-01
6.643993744682166747e-02
1.346832885328670161e-02
5.355412010254898686e-02
2.855967196022591859e-01
3.044745288890228774e-01
4.288815935129718787e-02
3.061812860855888108e-01
8.485239824951502918e-02
6.785795423719617747e-02
1.564335823059082031e-01
3.424188179698416795e-02
4.698583769604442462e-01
6.834589821213306327e-02
6.915804881067456888e-02
5.443230360181027655e-02
3.069355300448451188e-02
1.663964796195508411e-01
3.275395021205994989e-02
1.126793109304536633e-01
1.861840599597631152e-01
4.156869989100510365e-02
2.725906611135012203e-01
2.501689573613608553e-01
1.245985296037462053e-01
4.643501569908162763e-01
2.551864091619889668e-02
2.036864208335152915e-01
8.502729927621237305e-02
1.122158213359553680e-01
1.074687691561897890e-01
2.073417000654267095e-01
7.187524778733085373e-01
1.744841695801029324e-01
1.864324094157231854e-02
2.526030230328319415e-01
4.723770831658587882e-02
5.117424781406475220e-02
1.547847853766547432e-01
9.047903200475181373e-01
3.227324899296127314e-01
2.050435704590505281e-01
2.781484120583469638e-02
3.056538460377432043e-01
3.094325233604203751e-01
1.720568759008474780e-01
5.632158307848260659e-01
9.722190562302504557e-02
1.520208905382854081e-01
2.551864091619889668e-02
9.768938501352862624e-02
4.526905444902456360e-02
2.055738812216575118e-01
4.018434857934471277e-02
6.511033582816602716e-02
1.424795502246556898e-02
2.556355516438884590e-01
4.150380803963679005e-02
7.187816573352348581e-02
1.025800698494846591e-01
1.661533669727604523e-01
8.233555997936382875e-02
4.078907372182623975e-02
3.349592110651941623e-02
1.686402601278248203e-01
1.892877077345602593e-02
3.346225562780530405e-02
5.830755918652707342e-02
7.009827541465035727e-02
5.817194101287097296e-02
4.820430698756603127e-02
2.196042569995249605e-01
1.963710985209560778e-01
1.806175986602700512e-01
7.960887394623381019e-02
3.445044830239562400e-02
2.150303916879462707e-01
2.237963107866323409e-01
3.147317917366337925e-02
2.364019326724334236e-02
2.234757708986277180e-01
1.595150164472378465e-02
1.880294617598619045e-01
5.383964993443269426e-02
2.109669921843986273e-01
2.583783622679671627e-02
1.862560003430539790e-01
1.042371107633843996e+00
3.458033305842702076e-01
1.775263305602034769e-01
3.752628393612579827e-01
5.475149891240810307e-02
1.800485032037667937e-02
3.307444810221188414e-02
9.965934146064406307e-02
2.697981502305524248e-01
2.206014624133019464e-01
1.042295284064481548e-01
1.091807088877773529e-01
6.899945393487366685e-02
7.652531600579982884e-02
4.969295176064095765e-01
1.673112781390265202e-02
4.787500776895662891e-01
8.233555997936382875e-02
7.843742913346950230e-02
1.798392750706452881e-01
2.079127597291941243e-01
1.319242182785902440e-01
1.644559798201894463e-02
8.151325559228415896e-02
6.096997299814611859e-02
9.530139938602602556e-02
4.930312846734271476e-02
4.348163417361293193e-01
1.399879843238892585e-01
7.726226395707790073e-02
5.776083953981477059e-02
2.405794590792358773e-02
7.004116621766955930e-01
1.721270672351041253e-01
1.468442294009655869e-01
3.207790431614490623e-02
1.817773221954097629e-01
3.589551364826316232e-02
1.988329796933223370e-02
6.741860759290575766e-02
1.297423251599154163e-02
5.979418819189717682e-02
3.991089022256494312e-02
4.476660700025274220e-02
1.679369776552608606e-01
2.251716493591060519e-01
6.083107763512670685e-01
4.884269760876167044e-02
5.869536671212049334e-02
8.138103278348762792e-02
3.140533332256120747e-01
1.536890226327952969e-01
4.297702034637533586e-02
2.094546062190358326e-01
1.612640267142112505e-02
5.637080042665889579e-01
4.196423889821784131e-02
6.472686829605722725e-02
8.782660864233000908e-02
4.553016265879478719e-01
1.637502582415655827e-01
1.673112781390265202e-02
9.449650084746238909e-02
6.070603716987258563e-02
3.066517537848413230e-02
1.180170525703326811e-01
2.048802311181376068e-02
1.059905332601490391e-01
4.494237589642284258e-01
2.781484120583469638e-02
3.207790431614490623e-02
1.519518105318229673e-01
1.521183184491909646e-01
3.508998210514140959e-01
1.391218722997319135e-01
3.647319023525165405e-02
1.743132583494108878e-01
3.335162682261893358e-02
1.751075398308151940e-02
3.209189341320254907e-01
7.087266819909981974e-01
1.455788580059682036e-01
2.307748471495258899e-02
3.201769845595527908e-01
1.926066972375885256e-01
1.016332528132410234e-01
1.502758119164443636e-02
1.090636511805257863e-01
2.130131475970674024e-02
2.254137178746665540e-02
8.655594487177324659e-02
2.087246695831216137e+00
9.616284344577530341e-01
2.313242511051456951e+00
6.213681109875521802e-01
7.776168219765350331e-01
1.714305954573923430e+00
6.111293924533254263e-01
1.279665086327529622e+00
2.008432953661373421e+00
6.911578546694623348e-01
1.247213432782387610e+00
1.109088741343841944e+00
1.870300128854064159e+00
1.801507305000532577e+00
3.955229724325785012e-01
2.131027649411664004e+00
2.132369845863280045e+00
1.327683265293193804e+00
7.240696799787402771e-01
2.097117243097403438e+00
2.825464762969391863e+00
1.321385505722790121e+00
2.537531876628638106e+00
1.513229293874931880e+00
4.166964043769733061e-01
5.829458501603868026e-01
1.930735102837001671e+00
2.210748635010344465e+00
9.903322771635805211e-01
8.574265322388026356e-02
2.218265314412311007e+00
1.729424525728716855e+00
2.382073386897885836e+00
1.921376613420522572e+00
2.099849373990604118e+00
1.268148108226496928e+00
7.854438590486521043e-01
1.515893173734670085e-01
1.680289032659556536e+00
3.692934907225735586e-01
2.280967220704406717e+00
1.556494542899816702e+00
2.612336605868042366e-02
1.662983228843709638e-01
1.084582644103342236e-01
1.650155876387102427e-01
6.861598640276488081e-02
1.268870268410783424e-02
2.813403651643251596e-02
3.491087916097666832e-02
5.213610331217447685e-02
4.122041964595556940e-01
6.425436596237224518e-02
2.424491840972486933e-02
1.375385868517040901e-02
1.938920163203707372e-02
1.106229035188835141e-01
2.126764928099262805e-02
9.551835900076682817e-02
3.317672579592159665e-02
1.624842252188581637e-01
1.460853727852425843e-01
1.149086790679269970e-01
1.177653032266673672e-01
2.139987208978916602e-02
6.375290384783653674e-02
1.156871868019827693e-01
2.109338364950040512e-01
9.970507841446211994e-02
2.020249327993005328e-02
8.902704618810637627e-02
2.792836896126186241e-01
2.088366801822734709e-01
2.176174561828778803e-02
2.941983049801048453e-02
2.881510535552895755e-02
2.497613682010309533e-01
2.800181370763597799e-02
3.788814828970891307e-02
6.858170129419342842e-02
1.001655092730431712e-01
3.093556698744859279e-01
1.168075152528964322e+00
3.395635196510046055e-02
9.228342645536593558e-01
1.017697611475378627e+00
2.771628387575227059e-02
3.179885313762881860e-01
2.314609692994818238e-02
8.496342228680122677e-01
1.102529134207624745e-01
1.800485032037667937e-02
1.992315354385996162e-01
6.447500394288763204e-02
1.014398404253207486e+00
4.280006278175002565e-01
1.384296623994987485e-01
3.238587540985768953e-01
1.785243946685377212e-02
1.806932807291749266e-01
3.547292608555739635e-02
1.988329796933223370e-02
1.765159242521456562e-01
2.947474204427827926e-01
2.348023992243821190e-01
1.107671978027840037e-01
3.959169491196712354e-02
1.832404563097449895e-02
2.725585301717122280e-02
3.905449714764023805e-01
2.484876036967042234e-01
2.939937734991554530e-01
2.307061128176970954e-01
3.179244833586984953e-01
1.697480943467881975e-01
1.212582575273384589e-01
5.988782595812789517e-02
1.025224811016382520e-01
5.357935628916835752e-02
1.122805044903018579e-01
4.007268972836212639e-01
9.963600060481042631e-01
1.549970302478407835e-01
3.378145093840312363e-02
3.226317060672170833e-01
2.693665770657340322e-02
5.281346464544777186e-01
1.874584020960944897e-01
3.129827814696604232e-02
2.725585301717122280e-02
1.800485032037667937e-02
1.128542119571510072e-01
1.527224239618151513e-01
2.456411372032268892e-02
2.771628387575227059e-02
1.832404563097449895e-02
3.171928503972081814e-01
1.493953527796882397e-01
1.534677650224225594e-02
2.969328885479025071e-02
4.423094907104161422e-01
3.693362109383270531e-02
1.534677650224225594e-02
2.464002987879724549e-01
1.266386773851182757e-01
6.649468713982641110e-02
3.752627476121028760e-02
2.315815955319701913e-01
5.228039759607495951e-02
2.092089724088425917e-01
7.266614301417900768e-02
5.306002376525382341e-02
8.973032866067033597e-02
4.008579124926228698e-02
1.301443279597171154e-01
2.379468378981923760e-01
2.119635314476199239e-01
1.111843308136069020e-01
1.487022124654878430e-01
9.970507841446211994e-02
3.335162682261893358e-02
3.803244257360938879e-02
7.453623955165790405e-02
6.418947411100392464e-02
9.967141293574800776e-02
1.204230171555103063e-01
3.991089022256494312e-02
3.249565695682515160e-02
1.722522415119781200e-02
5.727734992174598333e-02
8.236922545807794094e-02
4.260262951941348047e-02
1.519582394338881703e-01
6.826250598359560884e-02
1.934652341413627130e-02
9.246474617541966534e-02
2.661746239597558364e-02
8.170022809408544751e-02
1.094044404947337734e-01
2.694663736555311662e-01
1.167996472459498503e-01
6.135344053025491157e-02
2.030106863678309281e-01
1.371670809541614411e-01
2.675866085662428340e-01
2.953062567930557769e-01
9.058629852646411795e-02
3.382236569877562493e-01
2.583783622679671627e-02
6.585935525454802986e-02
9.739680664972237556e-02
1.361485225398366070e-02
1.498177361682178632e-01
9.614242253910881830e-02
2.746056560578384875e-01
1.878447648955554328e-02
4.671674091318435695e-01
1.654415531210137041e-02
1.580812498159847868e-01
3.600970064075335875e-02
5.660339487277394888e-01
3.131389521001800014e-01
5.415658446831431716e-01
4.843508648032418540e-02
2.530417080494123394e-01
1.238057025402865136e-01
4.082273920054035193e-02
1.314913354268888203e-02
3.368494148822980816e-01
2.837137090481393620e-01
2.346529224054600196e-02
1.649757697976378668e-01
5.036828446840529300e-02
1.751075398308151940e-02
1.612640267142112505e-02
4.458223991600801517e-01
5.145396643537816089e-02
5.444437507691422123e-02
7.772269481565893812e-02
4.862205962824627664e-02
2.236647076076931501e-02
1.424795502246556898e-02
5.788207506422751031e-02
1.402529784980505179e-01
4.371304492640301631e-01
1.112750201367427305e+00
1.154480135537744590e-01
6.941720657555391916e-02
7.621501648652198591e-02
5.576011417357901873e-02
9.141228127931837200e-02
2.099701989956987702e-01
3.037435769388669229e-02
1.426269032444734131e-01
3.654581356823929233e-02
2.008135428596641292e-01
9.314581501451611734e-02
7.106487408563050279e-02
1.353647889806649240e-01
1.425545493438638012e-01
3.295525205813772396e-01
1.314913354268888203e-02
3.030355797227481940e-01
4.709426316465465945e-01
2.813403651643251596e-02
2.249869356956585298e-02
7.184450025480937363e-02
3.257200065344006967e-02
2.717383961044352869e-01
1.012185937990018048e-01
7.014095363255115623e-02
1.261476397837403562e-01
1.874179827165474432e-02
6.698878347712157455e-02
1.375385868517040901e-02
1.555980770245476985e-01
9.846901118270749709e-02
8.893039943726081809e-02
2.542487263356443816e-01
1.139761432399594709e-01
1.391555377784460257e-01
2.505821005761784889e-02
2.371029395075025248e-01
2.927553621411000534e-02
3.019945666718935190e-02
2.587985281698748988e-02
2.949760690291076681e-01
5.237895492615738530e-02
4.494150802695007912e-02
8.808153173141686221e-02
1.456715033306338856e-02
1.168267222923961152e-01
1.391524790425287539e-01
3.771324726301156921e-02
1.690602884059998895e-02
6.964685729525599278e-02
5.571809758338824858e-02
6.759350861960310153e-02
2.832100901823379757e-02
8.435648489127637317e-01
4.320429592597775648e-02
5.316562962725879943e-02
2.183549888734895028e-01
4.238916826118944714e-01
2.959473152470782492e-02
6.117853950355757464e-02
6.355108348980828548e-02
9.246474617541966534e-02
3.050462152899765522e-01
7.946891965581795447e-02
2.494434192574767339e-01
1.800485032037667937e-02
3.849287343219044005e-02
3.766351127366063256e-01
2.593458034804843049e-01
6.482480599628231976e-02
1.644559798201894463e-02
4.118403374018062002e-01
2.878143987681484536e-02
5.653138923128123161e-02
2.019239363631581963e-01
1.612640267142112505e-02
1.860957546285820635e-02
2.213810885824808172e-01
1.685091667382051517e-01
1.556323621331191509e-01
1.375385868517040901e-02
5.635342946866663850e-03
3.276565598278510794e-02
1.844965746086141278e-01
6.759350861960310153e-02
4.979722480463787820e-02
8.369723309669391265e-02
2.235897227031428680e-01
9.587183941993610015e-02
3.175708155644941244e-01
5.433374627172785076e-02
2.033328092518214558e-01
1.764297679187805737e-02
2.427858388843898152e-02
1.424795502246556898e-02
2.803547918635009017e-02
2.592578683765276934e-02
5.199486776419125211e-02
1.761440158213380125e-01
3.480743218243606552e-01
3.342969288347859558e-01
2.201753166632923753e-01
1.588181977672628586e-01
1.835481997750962047e-01
2.197263376499579146e-01
2.696412746822284823e-01
9.439292057419856885e-02
2.109573598153546004e-01
6.652835261854052329e-02
5.470266833214901953e-02
2.450466356303310778e-01
7.641985965615042398e-01
5.690031129170239343e-02
2.690299222785929104e-02
1.488212343800035531e-01
1.644559798201894463e-02
2.551864091619889668e-02
4.115094725032485828e-02
1.124150583091467093e+00
5.383964993443269426e-02
1.722522415119781200e-02
1.278726001419026002e-02
2.359939758693622713e-01
5.397187274322923223e-02
4.613888683680919534e-02
2.691586301901799372e-01
8.151325559228415896e-02
1.285208033998484212e-01
1.612640267142112505e-02
1.226642028426090242e-01
2.278422340144956038e-02
7.250510450947252050e-02
3.828059037526448383e-01
7.475749716203064499e-02
6.114359276727609344e-02
1.311920781122636603e-01
1.090209729626249874e-01
1.844629091299000156e-01
3.445497134190587674e-01
1.213687109107247641e+00
1.639847167462191169e-01
7.496104072426069964e-02
2.323356379015335815e-01
1.728575862843169664e-01
1.824770193435958782e-02
3.246810823921265632e-01
2.315096551486793275e-01
5.337921907585164993e-02
3.445044830239562400e-02
4.352349123657557606e-02
2.424491840972486933e-02
6.479114051756819370e-02
9.392238244777771639e-03
2.612336605868042366e-02
5.337921907585164993e-02
9.451809485107257047e-02
2.098211944910892066e-02
1.631082829421128810e-01
8.609245527727493741e-02
3.193254729273519721e-01
2.893086028939017007e-01
6.195396995802882056e-01
5.295959959831341157e-01
3.033167947598588987e-02
1.264210981405201328e-01
1.107551263276800591e-01
5.259874235323773739e-01
6.620915730794270371e-02
1.314913354268888203e-02
6.340678920590780976e-02
2.419670493945196843e-01
2.249869356956585298e-02
2.988026135659153232e-02
2.317976240866229456e-02
1.782181262969970703e-01
1.563230633412596160e-02
1.504231649362620937e-01
3.910477742916200206e-01
6.368330629860483039e-02
9.360624587309715472e-02
4.086541741844115089e-02
1.045150582383318622e-01
4.296911479980964899e-01
2.137825611807143422e-01
3.991987162489232244e-01
1.800485032037667937e-02
2.327831973874472035e-02
4.658394706281542841e-01
2.195921855244210019e-01
1.946650688564228182e-01
1.407305399576822859e-02
9.302064073764211571e-02
8.024854582499682532e-02
7.843742913346950230e-02
3.293478508305743291e-01
5.718851819594055197e-01
2.286056709806447498e-02
2.096860331248461828e-01
1.627752664612560629e-01
2.236647076076931501e-02
6.472252830257260725e-02
3.823672432886552897e-01
6.527326707917500137e-01
3.875516533528562957e-01
2.165461012987586475e-01
8.577631870259437574e-02
2.020249327993005328e-02
7.178363793587619890e-01
1.550817250559323457e-01
1.831858164572780501e-01
2.035511392888014748e-01
1.466570766314581435e-02
6.806417693936728242e-01
1.182416803468533673e-01
1.654658989531561097e-01
2.063383771798152078e-01
1.471633982206101698e-01
1.534004340649943454e-01
2.505821005761784889e-02
2.583783622679671627e-02
1.278726001419026002e-02
2.407001738302752894e-02
6.992337438795301341e-02
1.563230633412596160e-02
1.195547109050802415e-01
1.360988662171816188e-01
5.820127037482532989e-02
5.498978703971800774e-01
6.741012531890455683e-02
3.663741334020930163e-01
6.232116862041194028e-02
5.461927610361155816e-02
1.662893101451842770e-01
2.382565106802839450e-01
3.059904355666824838e-01
1.301563994348210740e-01
1.563230633412596160e-02
2.433977572898554653e-01
1.503925581934652256e-01
5.168818975205666938e-02
2.900876068487399928e-02
2.789719492439332038e-01
9.236618884533724649e-02
1.184468766861168643e-01
6.288208612581579204e-02
2.547596269829809426e-02
2.846795058831935732e-01
4.933307358242954715e-02
1.889230869003750701e-01
4.647015362251095960e-02
1.441867752126884950e-01
1.025717187380079942e-01
7.665753881459637376e-02
1.996669019786969160e-02
1.286920260607711530e-01
7.201940128150671749e-02
1.278726001419026002e-02
1.314913354268888203e-02
3.898696976948559656e-02
2.286056709806447498e-02
1.732228438059489006e+00
2.098211944910892066e-02
9.257537498060604275e-02
2.547596205217728463e-02
8.250681042348143035e-02
1.790615749876027507e-01
2.065513225751840487e+00
2.286056709806447498e-02
2.589985284055797143e-02
1.074993758989866571e-01
8.673084589847057657e-02
2.549755670190826939e-01
5.081970258779965055e-02
2.434402836693657646e-01
1.369885015616895130e-01
6.511033582816602716e-02
3.529643237106199205e-01
1.278239498293496645e-01
3.298975329412031504e-02
1.020776224007128308e-01
3.788814828970891307e-02
3.335162682261893358e-02
2.941983049801048453e-02
1.481311528017204282e-01
2.832100901823379757e-02
1.314913354268888203e-02
7.730494217497869969e-02
3.980671467819834053e-01
