9.981166124343872070e-01	9.999996423721313477e-01	2.415637252852320671e-03	9.264178574085235596e-03	9.988991022109985352e-01	1.720244908938184381e-04	9.999943971633911133e-01	5.154752172529697418e-03	9.565283544361591339e-03	1.177764311432838440e-02
9.998694658279418945e-01	9.999650716781616211e-01	2.851552516222000122e-02	1.969998083950486034e-05	9.497357010841369629e-01	9.449675083160400391e-01	9.201077818870544434e-01	9.874284863471984863e-01	8.493734640069305897e-04	8.939978666603565216e-03
4.390046373009681702e-02	9.990065693855285645e-01	9.966235160827636719e-01	2.677111478988081217e-04	9.992297887802124023e-01	9.909316301345825195e-01	9.999990463256835938e-01	9.998570680618286133e-01	5.409014993347227573e-04	7.588082551956176758e-01
9.856343865394592285e-01	9.999516010284423828e-01	7.310700416564941406e-02	2.437097951769828796e-02	9.974772334098815918e-01	9.866859181784093380e-05	9.992504715919494629e-01	9.512020349502563477e-01	2.055393010377883911e-01	8.185584843158721924e-02
7.202315330505371094e-01	9.999942779541015625e-01	9.990659356117248535e-01	5.369064956903457642e-02	9.967785477638244629e-01	5.039081573486328125e-01	9.999996423721313477e-01	9.913079142570495605e-01	1.459652278572320938e-02	8.811069726943969727e-01
8.201069235801696777e-01	9.999619722366333008e-01	1.858311444520950317e-01	6.543335621245205402e-04	9.903331398963928223e-01	8.404228091239929199e-01	9.996808767318725586e-01	9.496484994888305664e-01	3.952797129750251770e-02	2.151863416656851768e-03
9.983836412429809570e-01	9.996972084045410156e-01	6.780955940485000610e-03	4.983808696269989014e-01	9.908674955368041992e-01	1.838786847656592727e-04	9.999883174896240234e-01	5.740903317928314209e-03	1.367496326565742493e-03	4.285197705030441284e-03
9.097638130187988281e-01	9.999307394027709961e-01	9.890052676200866699e-01	1.137494575232267380e-02	9.981430768966674805e-01	9.814838767051696777e-01	9.999967813491821289e-01	9.983628392219543457e-01	8.931691199541091919e-02	6.015326976776123047e-01
8.990035057067871094e-01	9.999783039093017578e-01	9.937255978584289551e-01	3.947274759411811829e-02	9.947193861007690430e-01	6.421110630035400391e-01	1.000000000000000000e+00	8.388929367065429688e-01	4.752434324473142624e-03	3.776052296161651611e-01
9.756916165351867676e-01	9.999743700027465820e-01	3.081298470497131348e-01	6.442892830818891525e-03	9.998810291290283203e-01	3.351729363203048706e-03	9.999998807907104492e-01	9.328677654266357422e-01	1.763223484158515930e-02	1.924428641796112061e-01
9.901476502418518066e-01	9.999622106552124023e-01	9.851203560829162598e-01	2.393645467236638069e-03	9.965478777885437012e-01	9.243219494819641113e-01	9.999998807907104492e-01	8.033251762390136719e-01	1.391303609125316143e-03	1.985646039247512817e-01
6.018198728561401367e-01	9.999178647994995117e-01	1.489497870206832886e-01	3.116164634775486775e-06	9.990499615669250488e-01	8.356123566627502441e-01	9.999847412109375000e-01	8.818143010139465332e-01	6.566582247614860535e-03	1.807850748300552368e-01
8.680153489112854004e-01	9.999959468841552734e-01	9.965404868125915527e-01	7.560499943792819977e-03	9.987187385559082031e-01	3.664891719818115234e-01	1.000000000000000000e+00	9.895750880241394043e-01	8.021132089197635651e-03	6.038019657135009766e-01
9.685341715812683105e-01	9.999972581863403320e-01	2.552070654928684235e-02	1.075059473514556885e-01	9.958174824714660645e-01	1.790686696767807007e-02	9.999717473983764648e-01	9.607575088739395142e-02	4.153435826301574707e-01	7.838808000087738037e-03
9.851284623146057129e-01	9.996856451034545898e-01	9.225159883499145508e-03	9.964684247970581055e-01	9.998927116394042969e-01	2.773129963316023350e-04	9.999870061874389648e-01	3.742245957255363464e-03	7.685833261348307133e-04	9.959334731101989746e-01
8.212859630584716797e-01	9.999973773956298828e-01	8.432561755180358887e-01	7.061444222927093506e-03	9.965259432792663574e-01	3.024960635229945183e-03	9.999996423721313477e-01	6.446875333786010742e-01	9.796174168586730957e-01	4.531165957450866699e-02
9.986180067062377930e-01	9.997784495353698730e-01	6.569047272205352783e-02	5.499573349952697754e-01	9.927771091461181641e-01	3.597512259148061275e-04	9.999743700027465820e-01	1.553717721253633499e-02	4.937045159749686718e-04	1.221318822354078293e-02
9.079076051712036133e-01	9.999946355819702148e-01	9.472337961196899414e-01	3.517265990376472473e-02	9.997141957283020020e-01	2.863681018352508545e-01	1.000000000000000000e+00	9.472641944885253906e-01	4.296938888728618622e-03	5.249552130699157715e-01
9.936601519584655762e-01	9.999989271163940430e-01	3.550528362393379211e-02	9.053176268935203552e-03	9.999328851699829102e-01	2.540778815746307373e-01	9.999998807907104492e-01	9.928268790245056152e-01	2.350670751184225082e-03	1.476926505565643311e-01
9.812372326850891113e-01	9.999982118606567383e-01	9.822530746459960938e-01	5.244303122162818909e-02	9.997853636741638184e-01	1.236133128404617310e-01	9.999998807907104492e-01	9.887188673019409180e-01	1.412287168204784393e-02	9.223207831382751465e-01
7.269337773323059082e-01	9.999971389770507812e-01	1.367681287229061127e-02	3.243912244215607643e-03	9.991989731788635254e-01	9.761945605278015137e-01	9.999986886978149414e-01	1.123770400881767273e-01	5.607468192465603352e-04	6.166659593582153320e-01
9.620242714881896973e-01	9.999625682830810547e-01	7.221525907516479492e-01	1.816341839730739594e-02	9.997692704200744629e-01	9.429414756596088409e-03	9.999996423721313477e-01	7.059934139251708984e-01	5.154213681817054749e-02	3.170631080865859985e-02
9.993628859519958496e-01	9.999837875366210938e-01	2.946225693449378014e-03	9.974349141120910645e-01	9.972889423370361328e-01	5.191645686863921583e-05	8.097313642501831055e-01	4.194218199700117111e-03	1.808842527680099010e-03	1.898368448019027710e-02
9.688491821289062500e-01	9.999992847442626953e-01	6.851355433464050293e-01	1.172121334820985794e-02	9.975484013557434082e-01	3.769934922456741333e-02	9.999908208847045898e-01	9.111976623535156250e-01	9.432970881462097168e-01	5.442243069410324097e-02
6.614909768104553223e-01	1.000000000000000000e+00	9.913430213928222656e-01	5.066531300544738770e-01	9.777743816375732422e-01	5.628754198551177979e-02	9.998712539672851562e-01	9.997609257698059082e-01	9.984122514724731445e-01	1.821038895286619663e-04
9.999243021011352539e-01	1.000000000000000000e+00	3.419787585735321045e-01	8.519096970558166504e-01	9.733840227127075195e-01	1.064211537595838308e-04	9.704613685607910156e-01	9.905313849449157715e-01	9.920318126678466797e-01	9.117771987803280354e-04
9.982343912124633789e-01	9.999972581863403320e-01	9.148242324590682983e-02	9.006829857826232910e-01	9.991896748542785645e-01	6.825805030530318618e-05	9.999535083770751953e-01	8.975603580474853516e-01	1.505404114723205566e-01	1.623738557100296021e-02
7.908633947372436523e-01	9.999998807907104492e-01	5.089862272143363953e-03	4.206154122948646545e-02	9.864594936370849609e-01	1.114177139243111014e-04	9.998487234115600586e-01	9.958150982856750488e-01	4.456303417682647705e-01	2.462350996211171150e-03
9.896869063377380371e-01	9.999991655349731445e-01	9.608930945396423340e-01	9.247794747352600098e-01	9.994443058967590332e-01	7.055475842207670212e-03	9.999998807907104492e-01	9.989504218101501465e-01	2.046994119882583618e-02	8.616337776184082031e-01
9.795753359794616699e-01	9.999998807907104492e-01	7.312785983085632324e-01	8.177280426025390625e-02	9.944427609443664551e-01	9.983338713645935059e-01	9.998742341995239258e-01	9.891614913940429688e-01	9.898864030838012695e-01	5.233772993087768555e-01
9.974135756492614746e-01	9.999978542327880859e-01	8.879930973052978516e-01	8.880223147571086884e-03	9.999214410781860352e-01	3.089353442192077637e-02	9.999946355819702148e-01	9.977528452873229980e-01	5.830256268382072449e-04	9.941281080245971680e-01
9.404665231704711914e-01	9.999998807907104492e-01	2.474213987588882446e-01	2.164638787508010864e-02	9.993818998336791992e-01	2.516228705644607544e-02	9.999939203262329102e-01	9.341914653778076172e-01	1.143499761819839478e-01	9.930398082360625267e-04
2.631345093250274658e-01	1.000000000000000000e+00	8.256637491285800934e-03	9.986849427223205566e-01	9.988897442817687988e-01	6.862639565952122211e-04	9.999582767486572266e-01	9.993720650672912598e-01	9.910649657249450684e-01	2.744855592027306557e-04
9.826104044914245605e-01	1.000000000000000000e+00	2.022151462733745575e-02	9.762114286422729492e-01	9.953676462173461914e-01	2.104905620217323303e-02	9.995380640029907227e-01	9.861065149307250977e-01	9.764717221260070801e-01	4.177199304103851318e-02
9.534967541694641113e-01	9.997878670692443848e-01	1.162330992519855499e-02	3.013257170096039772e-03	9.988316893577575684e-01	1.485506654717028141e-03	9.999994039535522461e-01	8.590577542781829834e-02	1.586098223924636841e-01	2.283313777297735214e-03
9.795815944671630859e-01	9.999991655349731445e-01	7.405094802379608154e-04	1.663837283849716187e-01	9.982471466064453125e-01	4.337288555689156055e-04	9.996964931488037109e-01	3.711685538291931152e-01	2.218422442674636841e-01	5.972228478640317917e-03
5.705846548080444336e-01	9.999998807907104492e-01	7.906258106231689453e-04	5.777009646408259869e-04	9.998455047607421875e-01	7.213290780782699585e-03	9.999979734420776367e-01	9.943937063217163086e-01	1.061333436518907547e-02	1.052316650748252869e-02
9.338018298149108887e-01	1.000000000000000000e+00	5.761317443102598190e-03	8.784069418907165527e-01	9.993560910224914551e-01	1.795298978686332703e-02	9.992865920066833496e-01	9.016087055206298828e-01	9.989315867424011230e-01	6.663332460448145866e-04
9.956691265106201172e-01	9.998358488082885742e-01	2.223354065790772438e-03	6.535788415931165218e-04	9.991857409477233887e-01	8.768091201782226562e-01	9.999313354492187500e-01	9.815253019332885742e-01	4.443217534571886063e-03	5.650696693919599056e-04
9.972704052925109863e-01	9.999991655349731445e-01	1.898550428450107574e-02	1.280955970287322998e-03	9.987218976020812988e-01	9.980148077011108398e-01	9.999995231628417969e-01	8.677347898483276367e-01	3.146297335624694824e-01	3.482456132769584656e-02
9.953727126121520996e-01	9.999957084655761719e-01	3.995513543486595154e-02	9.499135613441467285e-01	9.840424656867980957e-01	4.002924470114521682e-05	9.999938011169433594e-01	4.592306911945343018e-02	4.736635019071400166e-04	3.125637304037809372e-03
9.959700107574462891e-01	9.999979734420776367e-01	9.938498139381408691e-01	4.240540787577629089e-02	9.989095926284790039e-01	7.598069906234741211e-01	9.999994039535522461e-01	9.428437352180480957e-01	2.281613834202289581e-02	6.691411733627319336e-01
7.265796661376953125e-01	9.999994039535522461e-01	8.276868611574172974e-03	9.871997237205505371e-01	9.982554316520690918e-01	7.569514127681031823e-05	9.995545744895935059e-01	9.857915639877319336e-01	5.683951973915100098e-01	8.047586306929588318e-03
9.991403818130493164e-01	1.000000000000000000e+00	4.521024972200393677e-02	2.364150481298565865e-03	9.980672001838684082e-01	9.994425177574157715e-01	9.999948740005493164e-01	5.312713980674743652e-01	6.499369740486145020e-01	5.859903991222381592e-02
9.994375109672546387e-01	9.999531507492065430e-01	3.397510954528115690e-05	9.914843440055847168e-01	9.999155998229980469e-01	5.208766087889671326e-04	9.840855598449707031e-01	5.763027351349592209e-03	1.256940071471035480e-03	2.852877788245677948e-02
8.382051587104797363e-01	9.999998807907104492e-01	1.967734284698963165e-02	1.318325940519571304e-02	9.972198009490966797e-01	6.066850852221250534e-03	9.999853372573852539e-01	8.928317427635192871e-01	9.892809987068176270e-01	7.048420142382383347e-03
9.943724870681762695e-01	9.999998807907104492e-01	1.411957386881113052e-02	1.130788251757621765e-01	9.999610185623168945e-01	5.481951520778238773e-04	9.999920129776000977e-01	7.124154567718505859e-01	9.918006062507629395e-01	1.151299476623535156e-02
6.130610108375549316e-01	9.999998807907104492e-01	7.205373549368232489e-06	4.850052209803834558e-05	1.618953794240951538e-02	9.785736203193664551e-01	4.142740964889526367e-01	9.998793601989746094e-01	9.999525547027587891e-01	1.244810037314891815e-02
9.675091505050659180e-01	1.000000000000000000e+00	4.001575987786054611e-03	9.993491768836975098e-01	9.919093251228332520e-01	8.002425893209874630e-04	9.972135424613952637e-01	7.877104282379150391e-01	9.998167157173156738e-01	1.528464345028623939e-04
9.008192420005798340e-01	1.000000000000000000e+00	4.512133076786994934e-03	1.767623052000999451e-02	2.893679141998291016e-01	9.082458019256591797e-01	8.187654018402099609e-01	9.979730248451232910e-01	9.730481505393981934e-01	3.196186572313308716e-02
8.697597384452819824e-01	9.999998807907104492e-01	1.678427652223035693e-04	7.568561471998691559e-03	9.938758015632629395e-01	1.053535193204879761e-02	9.999465942382812500e-01	9.935691356658935547e-01	4.455495774745941162e-01	2.341648750007152557e-02
9.800737500190734863e-01	1.000000000000000000e+00	1.112226489931344986e-02	9.756775498390197754e-01	9.928231239318847656e-01	1.340965032577514648e-01	9.998779296875000000e-01	9.943913817405700684e-01	9.986257553100585938e-01	3.291487693786621094e-02
7.680647373199462891e-01	9.999977350234985352e-01	6.559323519468307495e-02	1.073247939348220825e-02	9.435895085334777832e-01	1.574307121336460114e-02	9.999974966049194336e-01	3.713024780154228210e-02	9.960203766822814941e-01	9.967761114239692688e-03
9.602288007736206055e-01	9.999998807907104492e-01	1.755489036440849304e-03	7.194685935974121094e-01	9.941382408142089844e-01	4.025213129352778196e-04	9.997538924217224121e-01	7.218258380889892578e-01	4.468885362148284912e-01	1.996037317439913750e-03
9.916737675666809082e-01	1.000000000000000000e+00	6.115831807255744934e-02	3.583129942417144775e-01	9.108591079711914062e-01	3.133352147415280342e-04	9.738455414772033691e-01	9.981353282928466797e-01	9.994401335716247559e-01	5.156627958058379591e-05
9.951465725898742676e-01	1.000000000000000000e+00	8.854292631149291992e-01	3.841986134648323059e-02	9.992965459823608398e-01	9.970433115959167480e-01	9.999974966049194336e-01	9.974539875984191895e-01	8.978075981140136719e-01	9.698662757873535156e-01
8.307799696922302246e-01	9.999992847442626953e-01	4.276754334568977356e-02	5.642021074891090393e-03	9.493774771690368652e-01	2.735958099365234375e-01	9.999868869781494141e-01	2.139986008405685425e-01	9.304788112640380859e-01	8.296657353639602661e-02
9.900890588760375977e-01	1.000000000000000000e+00	3.719764528796076775e-03	9.873862862586975098e-01	9.757621884346008301e-01	2.683860948309302330e-03	9.982142448425292969e-01	9.955822825431823730e-01	9.982227683067321777e-01	6.965288892388343811e-03
9.888746738433837891e-01	1.000000000000000000e+00	5.732598304748535156e-01	8.488807827234268188e-02	9.991713762283325195e-01	9.902788996696472168e-01	9.999972581863403320e-01	5.944473743438720703e-01	8.735913038253784180e-01	7.052926719188690186e-02
9.963797926902770996e-01	1.000000000000000000e+00	8.079979568719863892e-03	9.998238682746887207e-01	9.996351003646850586e-01	8.068271563388407230e-04	9.991654157638549805e-01	9.950459003448486328e-01	9.992966651916503906e-01	2.854401245713233948e-03
9.861873388290405273e-01	1.000000000000000000e+00	1.937725208699703217e-02	1.190381031483411789e-02	9.981412887573242188e-01	4.327360074967145920e-04	9.998539686203002930e-01	6.877095699310302734e-01	9.999990463256835938e-01	1.831073686480522156e-02
9.921199083328247070e-01	9.999998807907104492e-01	6.311971228569746017e-03	8.004297018051147461e-01	9.719279408454895020e-01	4.997596261091530323e-04	6.763197779655456543e-01	9.969161748886108398e-01	8.794135451316833496e-01	2.264009090140461922e-04
9.729177951812744141e-01	9.999995231628417969e-01	5.478598177433013916e-04	1.636812579818069935e-03	9.989994168281555176e-01	1.384334918111562729e-02	7.124164700508117676e-01	9.999763965606689453e-01	9.999034404754638672e-01	7.781780324876308441e-03
9.876796007156372070e-01	9.999995231628417969e-01	5.070393905043601990e-03	1.847444451414048672e-03	9.987603425979614258e-01	8.916215300559997559e-01	9.999679327011108398e-01	3.997908234596252441e-01	9.442660808563232422e-01	6.463809986598789692e-04
9.697989821434020996e-01	9.999996423721313477e-01	9.927847385406494141e-01	6.372552514076232910e-01	9.991810917854309082e-01	9.759967327117919922e-01	9.999992847442626953e-01	5.258379578590393066e-01	9.553852081298828125e-01	9.943933784961700439e-02
9.871922731399536133e-01	9.980086684226989746e-01	2.063010615529492497e-04	4.048060476779937744e-01	9.988085031509399414e-01	3.463864777586422861e-05	9.968690276145935059e-01	5.112639442086219788e-02	1.585555076599121094e-02	2.415620023384690285e-03
9.981656670570373535e-01	1.000000000000000000e+00	3.386650001630187035e-03	9.870954751968383789e-01	9.995032548904418945e-01	3.082783520221710205e-02	9.989992976188659668e-01	9.823511838912963867e-01	8.894156217575073242e-01	8.078454993665218353e-03
9.217849373817443848e-01	1.000000000000000000e+00	2.578686922788619995e-03	4.263144731521606445e-02	9.954213500022888184e-01	2.826658263802528381e-02	9.999451637268066406e-01	9.096790552139282227e-01	9.923472404479980469e-01	7.216136436909437180e-04
5.964511036872863770e-01	1.000000000000000000e+00	2.992420457303524017e-03	8.089863061904907227e-01	9.980283379554748535e-01	2.978945970535278320e-01	9.996274709701538086e-01	9.998570680618286133e-01	9.978010058403015137e-01	9.852359071373939514e-04
9.992252588272094727e-01	9.999995231628417969e-01	2.042223326861858368e-02	5.444638431072235107e-03	9.997560381889343262e-01	6.373742818832397461e-01	9.999983310699462891e-01	9.830124974250793457e-01	6.059743165969848633e-01	6.133645772933959961e-01
9.996917247772216797e-01	1.000000000000000000e+00	2.954261004924774170e-01	9.969142675399780273e-01	9.955525994300842285e-01	1.217358838766813278e-02	8.823993802070617676e-01	9.936795234680175781e-01	9.999570846557617188e-01	2.261434681713581085e-03
9.858534336090087891e-01	1.000000000000000000e+00	6.410466041415929794e-03	5.809132475405931473e-03	9.966108202934265137e-01	9.941176176071166992e-01	9.999406337738037109e-01	9.978430271148681641e-01	8.816245198249816895e-01	4.490893483161926270e-01
9.920557141304016113e-01	1.000000000000000000e+00	7.828311994671821594e-03	3.164345165714621544e-03	9.996262788772583008e-01	1.961944391950964928e-03	9.999948740005493164e-01	8.699475787580013275e-03	9.953945279121398926e-01	5.075506865978240967e-02
8.650981783866882324e-01	1.000000000000000000e+00	4.063532687723636627e-03	9.899737834930419922e-01	9.952962994575500488e-01	1.565049518831074238e-03	9.994093179702758789e-01	9.990505576133728027e-01	9.736286401748657227e-01	7.458270993083715439e-03
9.170143604278564453e-01	9.999978542327880859e-01	9.931313395500183105e-01	2.481977045536041260e-01	9.999474287033081055e-01	1.223627710714936256e-03	9.999971389770507812e-01	9.987308382987976074e-01	4.724190570414066315e-03	1.381858903914690018e-02
8.554248213768005371e-01	1.000000000000000000e+00	6.092922762036323547e-03	2.593867108225822449e-02	9.982288479804992676e-01	9.202796220779418945e-02	9.994996786117553711e-01	8.638379573822021484e-01	9.996480941772460938e-01	1.131925918161869049e-02
9.734758734703063965e-01	1.000000000000000000e+00	1.732088509015738964e-03	4.177616164088249207e-02	9.980028271675109863e-01	6.898675346747040749e-04	9.997099041938781738e-01	9.919598698616027832e-01	9.119279384613037109e-01	1.530904592073056847e-05
9.604570865631103516e-01	1.000000000000000000e+00	9.992251172661781311e-03	1.731983968056738377e-03	9.995689988136291504e-01	1.391445845365524292e-02	9.835845232009887695e-01	9.973999261856079102e-01	8.820605278015136719e-01	2.456801943480968475e-03
8.914362788200378418e-01	1.000000000000000000e+00	2.473510336130857468e-03	3.564161248505115509e-03	9.975420236587524414e-01	3.640762006398290396e-04	9.789014458656311035e-01	9.990143775939941406e-01	9.982660412788391113e-01	1.907200901769101620e-03
1.095377281308174133e-01	9.999997615814208984e-01	8.313447237014770508e-03	7.772808670997619629e-01	9.864565134048461914e-01	9.755527377128601074e-01	9.998604059219360352e-01	9.708818793296813965e-01	9.978347420692443848e-01	4.627490416169166565e-03
9.935459494590759277e-01	1.000000000000000000e+00	2.888562679290771484e-01	6.885762792080640793e-03	9.997925162315368652e-01	3.335597226396203041e-03	9.999451637268066406e-01	9.906917214393615723e-01	9.997704625129699707e-01	3.651059269905090332e-01
9.981545805931091309e-01	1.000000000000000000e+00	5.540749058127403259e-02	1.275224238634109497e-01	9.994882345199584961e-01	9.146875739097595215e-01	9.995076656341552734e-01	9.997972846031188965e-01	9.977593421936035156e-01	1.892136409878730774e-02
9.958351850509643555e-01	9.999948740005493164e-01	1.464856117963790894e-01	3.383599920198321342e-03	9.988577365875244141e-01	9.988232254981994629e-01	9.999965429306030273e-01	8.169546723365783691e-02	6.617121100425720215e-01	1.064116433262825012e-01
9.351788163185119629e-01	1.000000000000000000e+00	7.818263024091720581e-03	9.736440181732177734e-01	9.988924860954284668e-01	3.326372802257537842e-02	9.907456636428833008e-01	9.998314380645751953e-01	9.918992519378662109e-01	1.309898216277360916e-03
9.955099821090698242e-01	9.999998807907104492e-01	6.933764670975506306e-04	5.276586394757032394e-03	9.989118576049804688e-01	2.458318322896957397e-02	9.998236298561096191e-01	9.831023812294006348e-01	9.829117059707641602e-01	9.959186911582946777e-01
9.954200983047485352e-01	1.000000000000000000e+00	2.010427042841911316e-02	1.637805849313735962e-01	9.998776912689208984e-01	9.808841943740844727e-01	9.996619224548339844e-01	8.411347270011901855e-01	9.377904534339904785e-01	4.387834575027227402e-03
9.564934372901916504e-01	9.999996423721313477e-01	1.405150629580020905e-02	4.975192248821258545e-03	9.920228719711303711e-01	2.064290456473827362e-02	9.999991655349731445e-01	4.440981745719909668e-01	6.464787721633911133e-01	5.702226236462593079e-02
9.969243407249450684e-01	1.000000000000000000e+00	1.942737214267253876e-02	1.143461093306541443e-02	9.947904348373413086e-01	9.876917004585266113e-01	9.999368190765380859e-01	9.863651990890502930e-01	9.976388216018676758e-01	1.844257265329360962e-01
7.649344801902770996e-01	1.000000000000000000e+00	9.251909068552777171e-05	2.251723110675811768e-01	6.541202664375305176e-01	3.451884491369128227e-03	8.853129744529724121e-01	9.959952831268310547e-01	9.999872446060180664e-01	7.898377953097224236e-04
9.983810186386108398e-01	1.000000000000000000e+00	4.613534081727266312e-03	6.998699624091386795e-03	9.462985396385192871e-01	9.959339499473571777e-01	9.997974038124084473e-01	7.362632453441619873e-02	9.885383844375610352e-01	7.879110984504222870e-03
9.989261031150817871e-01	1.000000000000000000e+00	4.011359512805938721e-01	1.701525598764419556e-02	9.437672495841979980e-01	9.986747503280639648e-01	9.998888969421386719e-01	9.970164299011230469e-01	9.897685050964355469e-01	5.416945219039916992e-01
9.811764359474182129e-01	1.000000000000000000e+00	1.940800721058622003e-04	4.503414332866668701e-01	7.650514841079711914e-01	6.131731788627803326e-04	9.987710118293762207e-01	9.168587327003479004e-01	9.999370574951171875e-01	9.093392291106283665e-04
9.407003521919250488e-01	9.999989271163940430e-01	5.791459116153419018e-04	3.594709187746047974e-02	9.988778233528137207e-01	6.737070083618164062e-01	9.921795129776000977e-01	3.943507000803947449e-02	9.673570394515991211e-01	5.813992395997047424e-02
9.446426630020141602e-01	1.000000000000000000e+00	1.646974473260343075e-03	6.880676746368408203e-01	9.877442717552185059e-01	5.449822545051574707e-01	9.998288154602050781e-01	9.828273057937622070e-01	9.847666025161743164e-01	2.732586814090609550e-03
6.881853938102722168e-01	1.000000000000000000e+00	3.852959722280502319e-03	8.351778388023376465e-01	9.999791383743286133e-01	5.200483202934265137e-01	9.998424053192138672e-01	8.553125858306884766e-01	9.999771118164062500e-01	2.390530332922935486e-02
9.246870279312133789e-01	9.999983310699462891e-01	1.803674604161642492e-05	2.161204963922500610e-01	9.887964725494384766e-01	4.197993257548660040e-04	9.944275617599487305e-01	2.199428081512451172e-01	6.970775723457336426e-01	8.955546072684228420e-04
9.988797307014465332e-01	1.000000000000000000e+00	6.248921272344887257e-04	1.046429947018623352e-01	9.989581108093261719e-01	9.961841702461242676e-01	9.995494484901428223e-01	3.612467087805271149e-03	9.916225075721740723e-01	9.474236285313963890e-04
9.995135068893432617e-01	1.000000000000000000e+00	8.624963811598718166e-04	9.972034692764282227e-01	9.893606901168823242e-01	3.478723810985684395e-04	7.465394139289855957e-01	9.965764880180358887e-01	9.998929500579833984e-01	5.884441270609386265e-05
9.870448708534240723e-01	1.000000000000000000e+00	2.249104157090187073e-02	8.613344281911849976e-02	9.948145747184753418e-01	9.169096350669860840e-01	9.999861717224121094e-01	9.978048205375671387e-01	9.963043928146362305e-01	2.802888154983520508e-01
9.948117733001708984e-01	1.000000000000000000e+00	2.079633064568042755e-03	9.727032184600830078e-01	9.936317801475524902e-01	2.597551501821726561e-04	9.637392163276672363e-01	9.997206330299377441e-01	9.848067760467529297e-01	4.092539020348340273e-04
7.392370700836181641e-01	1.000000000000000000e+00	4.749002866446971893e-03	1.913629323244094849e-01	9.623099565505981445e-01	9.969198703765869141e-01	9.999732971191406250e-01	9.997890591621398926e-01	9.977605342864990234e-01	6.557382941246032715e-01
6.896495223045349121e-01	1.000000000000000000e+00	9.165634401142597198e-04	8.839939720928668976e-03	9.821381568908691406e-01	9.990106821060180664e-01	9.938321113586425781e-01	9.992573857307434082e-01	9.545722603797912598e-01	2.768194675445556641e-01
9.988815188407897949e-01	1.000000000000000000e+00	2.253870712593197823e-03	7.513463060604408383e-05	9.983046054840087891e-01	9.978855252265930176e-01	9.992589354515075684e-01	9.990082383155822754e-01	9.836863875389099121e-01	9.426582455635070801e-01
8.834556937217712402e-01	1.000000000000000000e+00	8.573057712055742741e-04	4.711360670626163483e-03	9.755703210830688477e-01	5.655320286750793457e-01	9.997076392173767090e-01	8.470953106880187988e-01	9.996851682662963867e-01	2.699726223945617676e-01
9.674020409584045410e-01	9.999951124191284180e-01	6.284081935882568359e-02	3.784744185395538807e-04	9.991150498390197754e-01	1.108742132782936096e-01	9.999989271163940430e-01	5.886539816856384277e-01	6.950779557228088379e-01	1.353367604315280914e-02
9.201067686080932617e-01	9.999998807907104492e-01	2.057170931948348880e-04	1.530064921826124191e-02	9.543170332908630371e-01	9.966858029365539551e-01	9.750155806541442871e-01	3.084494033828377724e-03	9.867151379585266113e-01	5.558872129768133163e-03
9.623739123344421387e-01	1.000000000000000000e+00	3.682845830917358398e-02	7.266555428504943848e-01	9.560155272483825684e-01	3.595738962758332491e-05	8.371274471282958984e-01	9.929429888725280762e-01	9.997995495796203613e-01	6.304104463197290897e-04
9.807774424552917480e-01	1.000000000000000000e+00	2.097851596772670746e-02	1.501174867153167725e-01	9.962326884269714355e-01	9.861522912979125977e-01	9.999477863311767578e-01	9.879224896430969238e-01	9.709228277206420898e-01	2.332618460059165955e-02
9.641522765159606934e-01	1.000000000000000000e+00	1.738457212923094630e-04	9.930732846260070801e-01	9.898630380630493164e-01	3.166111111640930176e-01	9.993438124656677246e-01	8.685301542282104492e-01	9.771596789360046387e-01	3.363623982295393944e-04
9.657303690910339355e-01	1.000000000000000000e+00	2.217093259096145630e-01	2.168438136577606201e-01	9.999722242355346680e-01	9.991351962089538574e-01	9.998600482940673828e-01	8.758905529975891113e-01	9.992362260818481445e-01	6.548326928168535233e-04
9.992474317550659180e-01	1.000000000000000000e+00	1.131541794165968895e-03	5.818251520395278931e-02	9.993521571159362793e-01	9.924569129943847656e-01	9.996325969696044922e-01	7.065171599388122559e-01	9.679658412933349609e-01	7.318076211959123611e-03
7.272820472717285156e-01	1.000000000000000000e+00	2.863010195142123848e-05	3.372013568878173828e-03	9.942949414253234863e-01	2.258956956211477518e-04	9.999135732650756836e-01	9.599888324737548828e-01	9.978235960006713867e-01	1.249707856914028525e-04
8.363739587366580963e-03	1.000000000000000000e+00	3.379691392183303833e-03	5.086156888864934444e-04	9.928343296051025391e-01	9.997815489768981934e-01	9.994300007820129395e-01	9.969534873962402344e-01	9.996236562728881836e-01	9.935764670372009277e-01
7.773170620203018188e-02	9.999954700469970703e-01	2.320796437561511993e-02	1.059037633240222931e-02	4.557545781135559082e-01	9.996045231819152832e-01	9.997909665107727051e-01	9.981843829154968262e-01	3.407332580536603928e-03	5.232264995574951172e-01
9.445207715034484863e-01	1.000000000000000000e+00	3.178270533680915833e-03	9.994058609008789062e-01	9.522020816802978516e-01	2.134250104427337646e-01	7.943869829177856445e-01	9.964976906776428223e-01	9.999921321868896484e-01	2.383571676909923553e-02
7.826874852180480957e-01	1.000000000000000000e+00	4.564009432215243578e-04	8.004690408706665039e-01	9.993454813957214355e-01	7.885027527809143066e-01	9.992797970771789551e-01	9.892057180404663086e-01	9.998545646667480469e-01	3.432152327150106430e-03
9.999651908874511719e-01	1.000000000000000000e+00	1.847494626417756081e-03	2.956869138870388269e-06	8.616735935211181641e-01	9.925231337547302246e-01	5.926517844200134277e-01	6.300005316734313965e-01	1.070868620445253327e-05	3.265546693000942469e-04
9.248084425926208496e-01	1.000000000000000000e+00	9.944599866867065430e-02	8.247323036193847656e-01	9.938063621520996094e-01	9.962030053138732910e-01	9.999624490737915039e-01	3.752025663852691650e-01	9.990062117576599121e-01	1.844200491905212402e-02
9.958497285842895508e-01	1.000000000000000000e+00	7.562857936136424541e-04	4.987176880240440369e-02	8.307355642318725586e-01	1.969022705452516675e-04	9.977450966835021973e-01	9.961255192756652832e-01	9.396322369575500488e-01	2.221928443759679794e-03
9.824678301811218262e-01	1.000000000000000000e+00	1.659131050109863281e-02	5.383257754147052765e-03	9.613665938377380371e-01	9.992087483406066895e-01	9.998579025268554688e-01	8.770902752876281738e-01	9.929626584053039551e-01	3.913441896438598633e-01
9.965657591819763184e-01	1.000000000000000000e+00	4.138892516493797302e-03	9.998769760131835938e-01	9.992413520812988281e-01	2.121551483869552612e-01	7.690519690513610840e-01	6.733312010765075684e-01	9.994271993637084961e-01	1.938872970640659332e-03
7.792142033576965332e-01	1.000000000000000000e+00	2.616418991237878799e-03	9.831743836402893066e-01	9.989987015724182129e-01	4.887511432170867920e-01	9.987753033638000488e-01	9.998022913932800293e-01	9.983475208282470703e-01	3.159894607961177826e-03
9.045183658599853516e-01	1.000000000000000000e+00	1.624568253755569458e-01	7.677970570512115955e-04	9.823807477951049805e-01	9.994441866874694824e-01	9.998689889907836914e-01	9.985083937644958496e-01	9.935357570648193359e-01	9.564235210418701172e-01
9.964956641197204590e-01	1.000000000000000000e+00	2.672363189049065113e-04	2.635574201121926308e-03	9.992013573646545410e-01	9.960278272628784180e-01	9.391612410545349121e-01	9.992774128913879395e-01	9.997617602348327637e-01	8.671712130308151245e-04
9.895564913749694824e-01	1.000000000000000000e+00	7.106192060746252537e-04	1.389200799167156219e-02	9.950601458549499512e-01	2.792788147926330566e-01	9.545853734016418457e-01	9.999363422393798828e-01	9.996619224548339844e-01	1.566556654870510101e-02
9.547315835952758789e-01	1.000000000000000000e+00	4.025373607873916626e-02	9.103143811225891113e-01	9.999094009399414062e-01	9.034999012947082520e-01	9.997996687889099121e-01	5.502828359603881836e-01	9.997562766075134277e-01	1.974050421267747879e-03
9.785637855529785156e-01	1.000000000000000000e+00	3.941198345273733139e-03	6.761730182915925980e-03	9.908190369606018066e-01	9.939199686050415039e-01	3.738246262073516846e-01	9.742805361747741699e-01	1.318151783198118210e-02	9.584178042132407427e-05
9.745297431945800781e-01	1.000000000000000000e+00	6.433906964957714081e-03	9.953675270080566406e-01	9.996362924575805664e-01	5.723531940020620823e-04	8.134001493453979492e-01	9.982959628105163574e-01	9.755492806434631348e-01	2.875956706702709198e-03
9.267633557319641113e-01	1.000000000000000000e+00	8.030208409763872623e-04	2.136821299791336060e-01	9.990631937980651855e-01	9.691486954689025879e-01	9.999803304672241211e-01	9.954337477684020996e-01	9.963452219963073730e-01	1.807767432183027267e-03
9.452382922172546387e-01	1.000000000000000000e+00	1.880979835987091064e-01	5.517524480819702148e-01	9.923173189163208008e-01	9.932470321655273438e-01	9.998474121093750000e-01	9.732159972190856934e-01	9.997410178184509277e-01	1.598456525243818760e-03
9.621366858482360840e-01	1.000000000000000000e+00	8.801406511338427663e-05	4.581609368324279785e-01	9.892645478248596191e-01	7.462657094001770020e-01	9.805576801300048828e-01	9.878932833671569824e-01	9.999505281448364258e-01	4.888236988335847855e-03
9.219610095024108887e-01	1.000000000000000000e+00	1.794734783470630646e-02	4.437264204025268555e-01	9.986396431922912598e-01	2.009622112382203341e-04	9.996190071105957031e-01	9.539879560470581055e-01	9.346748590469360352e-01	2.687686355784535408e-03
6.590315699577331543e-01	1.000000000000000000e+00	6.849454715847969055e-03	9.816555380821228027e-01	9.886118769645690918e-01	9.937956333160400391e-01	9.988999366760253906e-01	9.263806343078613281e-01	9.999747276306152344e-01	5.774165969341993332e-03
9.991729855537414551e-01	9.999996423721313477e-01	9.983949363231658936e-02	8.662371896207332611e-03	7.506014108657836914e-01	9.998481273651123047e-01	9.993813037872314453e-01	9.893263578414916992e-01	9.995719790458679199e-01	4.156378805637359619e-01
9.997066855430603027e-01	1.000000000000000000e+00	1.423238882125588134e-05	4.887274189968593419e-05	6.378355436027050018e-03	8.938846588134765625e-01	7.359792590141296387e-01	9.999749660491943359e-01	9.999988079071044922e-01	3.051140010356903076e-01
8.695449829101562500e-01	1.000000000000000000e+00	4.279714994481764734e-05	8.219683766365051270e-01	8.196371197700500488e-01	1.962288115464616567e-05	6.161267161369323730e-01	9.998014569282531738e-01	9.993341565132141113e-01	9.453776874579489231e-04
4.747982919216156006e-01	1.000000000000000000e+00	4.199223894829628989e-06	3.516331780701875687e-03	9.966009855270385742e-01	9.986374974250793457e-01	9.796002507209777832e-01	9.979478716850280762e-01	9.997810721397399902e-01	2.126278430223464966e-01
9.876759052276611328e-01	1.000000000000000000e+00	3.454769263043999672e-03	5.337686538696289062e-01	9.995161294937133789e-01	9.428495764732360840e-01	9.990936517715454102e-01	9.521291255950927734e-01	9.997373223304748535e-01	2.362826140597462654e-03
9.728894829750061035e-01	9.999985694885253906e-01	3.946427896153181791e-04	5.130792502313852310e-03	8.796637654304504395e-01	9.995883107185363770e-01	4.914781451225280762e-01	6.535016298294067383e-01	3.758253455162048340e-01	3.332483815029263496e-03
1.580114848911762238e-02	1.000000000000000000e+00	1.177566219121217728e-02	4.428182728588581085e-03	2.461721934378147125e-02	9.999159574508666992e-01	9.503629803657531738e-01	9.997381567955017090e-01	9.973986148834228516e-01	2.694245241582393646e-02
9.531277418136596680e-01	1.000000000000000000e+00	2.589292824268341064e-02	9.707739353179931641e-01	8.694336414337158203e-01	9.991416931152343750e-01	9.477706551551818848e-01	9.993880987167358398e-01	9.998598098754882812e-01	1.921362243592739105e-03
9.991046786308288574e-01	1.000000000000000000e+00	3.933166954084299505e-05	2.152610197663307190e-02	9.980915188789367676e-01	9.979035854339599609e-01	9.583336710929870605e-01	9.999983310699462891e-01	9.989456534385681152e-01	1.274467259645462036e-02
9.979033470153808594e-01	1.000000000000000000e+00	1.051133149303495884e-03	5.097809433937072754e-01	9.997397065162658691e-01	1.496916524956759531e-06	7.075821757316589355e-01	9.916581511497497559e-01	9.995397329330444336e-01	1.340121263638138771e-03
9.859063625335693359e-01	1.000000000000000000e+00	2.841468376573175192e-04	9.491105377674102783e-02	9.998918771743774414e-01	9.943609833717346191e-01	9.515229463577270508e-01	9.999580383300781250e-01	9.994514584541320801e-01	5.074619315564632416e-03
8.722546100616455078e-01	1.000000000000000000e+00	1.425200514495372772e-02	1.645630002021789551e-01	9.776880145072937012e-01	6.703355908393859863e-01	9.999921321868896484e-01	8.971194028854370117e-01	9.950596094131469727e-01	2.563027143478393555e-01
8.596351742744445801e-01	1.000000000000000000e+00	1.479085494793253019e-05	1.543771242722868919e-03	7.901279604993760586e-04	6.610269546508789062e-01	2.886349260807037354e-01	9.995501637458801270e-01	9.999989271163940430e-01	9.979216456413269043e-01
9.988664388656616211e-01	9.999995231628417969e-01	6.141944527626037598e-01	9.936476349830627441e-01	9.689796566963195801e-01	2.414391929050907493e-04	4.529073536396026611e-01	9.999270439147949219e-01	9.981408119201660156e-01	4.940942861139774323e-03
9.802554845809936523e-01	1.000000000000000000e+00	3.576409944798797369e-04	9.974869489669799805e-01	9.998929500579833984e-01	5.270578861236572266e-01	9.933322072029113770e-01	9.906594753265380859e-01	9.956178665161132812e-01	1.089851954020559788e-03
9.916206598281860352e-01	9.996170997619628906e-01	2.681127050891518593e-03	1.027247853926382959e-04	9.977859258651733398e-01	9.646279215812683105e-01	3.679440021514892578e-01	9.850404262542724609e-01	1.061909424606710672e-04	2.083420753479003906e-02
9.984089732170104980e-01	1.000000000000000000e+00	3.531334514264017344e-04	1.892324723303318024e-02	9.949100613594055176e-01	8.306820988655090332e-01	9.999523162841796875e-01	3.467890024185180664e-01	9.819883704185485840e-01	2.179434057325124741e-03
9.875704646110534668e-01	1.000000000000000000e+00	3.429699281696230173e-04	4.246320575475692749e-03	2.357510849833488464e-03	9.929777979850769043e-01	4.925415487377904356e-05	9.998677968978881836e-01	9.996162652969360352e-01	9.986100196838378906e-01
9.835577607154846191e-01	1.000000000000000000e+00	1.008581307360145729e-06	4.165370464324951172e-01	9.924478530883789062e-01	9.988620281219482422e-01	8.388366699218750000e-01	9.988824725151062012e-01	9.998456239700317383e-01	7.197936065495014191e-04
9.998310804367065430e-01	1.000000000000000000e+00	7.832282022945946665e-08	5.243418854661285877e-04	9.932181239128112793e-01	3.169740317389369011e-03	3.197120502591133118e-02	9.955269694328308105e-01	9.318509697914123535e-01	6.133321903689648025e-07
9.966836571693420410e-01	1.000000000000000000e+00	1.072675004252232611e-04	2.536274841986596584e-04	9.949964284896850586e-01	8.934260606765747070e-01	8.806210756301879883e-01	5.698668956756591797e-01	9.999805688858032227e-01	2.801831869874149561e-04
9.996657371520996094e-01	1.000000000000000000e+00	1.015452653518877923e-04	9.997771382331848145e-01	9.998950958251953125e-01	8.417980074882507324e-01	5.191910531721077859e-06	9.999938011169433594e-01	9.921382069587707520e-01	6.231681108474731445e-01
9.963840246200561523e-01	9.999998807907104492e-01	7.433634600602090359e-04	2.236251503973107901e-07	8.223595023155212402e-01	9.952247142791748047e-01	4.625411331653594971e-01	6.356799602508544922e-01	4.244461655616760254e-01	2.962331520393490791e-03
5.120186833664774895e-04	9.999996423721313477e-01	8.496636874042451382e-04	8.521686196327209473e-01	1.853412133641541004e-03	9.998681545257568359e-01	3.894707697327248752e-05	9.999979734420776367e-01	9.999998807907104492e-01	1.829199120402336121e-02
4.806558191776275635e-01	1.000000000000000000e+00	5.138746246302616782e-07	9.982671737670898438e-01	9.815784692764282227e-01	2.503445139154791832e-03	1.998832914978265762e-03	9.948824644088745117e-01	9.999580383300781250e-01	7.189300842583179474e-03
9.895514845848083496e-01	9.999997615814208984e-01	5.814930045744404197e-05	3.898136201314628124e-04	8.927882313728332520e-01	9.941794872283935547e-01	2.795593813061714172e-03	9.981257319450378418e-01	8.539783954620361328e-02	2.206668816506862640e-02
9.998810291290283203e-01	1.000000000000000000e+00	1.619884520769119263e-01	1.086588599719107151e-04	5.916510242968797684e-03	9.993948936462402344e-01	2.666335552930831909e-03	9.999945163726806641e-01	9.997845292091369629e-01	2.342562824487686157e-01
9.998623132705688477e-01	1.000000000000000000e+00	5.650082021020352840e-04	9.981306195259094238e-01	9.991948008537292480e-01	7.863305509090423584e-02	4.685876410803757608e-05	9.999877214431762695e-01	9.225423932075500488e-01	2.972311377525329590e-01
9.998644590377807617e-01	1.000000000000000000e+00	1.507528650108724833e-04	1.945977855939418077e-04	8.867844939231872559e-01	9.905685782432556152e-01	3.787324531003832817e-03	9.881461858749389648e-01	3.122379630804061890e-02	7.739848661003634334e-05
1.921270638704299927e-01	1.000000000000000000e+00	5.718177362723508850e-07	3.285288112238049507e-04	1.244083940982818604e-01	9.610051512718200684e-01	1.048383675515651703e-02	9.994636178016662598e-01	9.981319308280944824e-01	1.861359775066375732e-01
9.990447163581848145e-01	1.000000000000000000e+00	1.612878259038552642e-04	9.540500640869140625e-01	7.467162013053894043e-01	8.192191123962402344e-01	4.978823653800645843e-06	9.996916055679321289e-01	9.996063113212585449e-01	2.748479528236202896e-05
9.961501359939575195e-01	1.000000000000000000e+00	5.244408384896814823e-04	1.726878248155117035e-02	9.780327081680297852e-01	9.988912940025329590e-01	6.239469051361083984e-01	9.998699426651000977e-01	9.963621497154235840e-01	1.371996384114027023e-02
9.988621473312377930e-01	1.000000000000000000e+00	7.420183392241597176e-04	6.030180491507053375e-03	7.577330470085144043e-01	9.377885609865188599e-02	1.087790471501648426e-03	7.202015519142150879e-01	9.958640336990356445e-01	5.850214511156082153e-04
4.964913707226514816e-03	9.999994039535522461e-01	8.737889629628625698e-07	3.561481088399887085e-02	9.997971653938293457e-01	2.524054376408457756e-03	1.134529229602776468e-04	9.996443986892700195e-01	9.870424270629882812e-01	4.148235311731696129e-04
9.773255586624145508e-01	1.000000000000000000e+00	1.375106070190668106e-02	3.446718454360961914e-01	7.345475554466247559e-01	9.581034779548645020e-01	5.159681439399719238e-01	9.999780654907226562e-01	9.999645948410034180e-01	1.894221268594264984e-02
7.769048213958740234e-01	1.000000000000000000e+00	1.919684473250526935e-05	1.945557072758674622e-02	7.496540434658527374e-03	9.930487871170043945e-01	1.903915777802467346e-02	9.999767541885375977e-01	9.999991655349731445e-01	7.192479372024536133e-01
9.986492991447448730e-01	1.000000000000000000e+00	6.332498081462745176e-09	3.017813724000006914e-04	8.837822079658508301e-01	4.615602791309356689e-01	2.264632377773523331e-03	9.795002937316894531e-01	9.864587187767028809e-01	4.237876739352941513e-03
1.140377297997474670e-02	1.000000000000000000e+00	2.753462695181951858e-06	1.190901035442948341e-03	3.946836292743682861e-01	9.890751838684082031e-01	2.516055246815085411e-04	9.999973773956298828e-01	9.999865293502807617e-01	1.084264749806607142e-05
9.999666213989257812e-01	1.000000000000000000e+00	2.254258470202330500e-05	2.250549150630831718e-03	8.586276671849191189e-04	9.829886555671691895e-01	1.493849512189626694e-02	9.878481626510620117e-01	9.997976422309875488e-01	2.450294047594070435e-02
9.968250989913940430e-01	1.000000000000000000e+00	5.693283583241282031e-06	2.522606882848776877e-05	2.442894876003265381e-01	9.843171834945678711e-01	2.597530186176300049e-02	9.490834474563598633e-01	9.999920129776000977e-01	1.476356238126754761e-01
9.549056291580200195e-01	1.000000000000000000e+00	1.119510761782294139e-05	2.215391257777810097e-03	9.357217550277709961e-01	1.680710539221763611e-02	7.229277798614930362e-06	9.937794804573059082e-01	9.999951124191284180e-01	1.052277875714935362e-04
7.068823575973510742e-01	1.000000000000000000e+00	2.710626858970499597e-06	1.085002324543893337e-03	8.132628798484802246e-01	9.992936849594116211e-01	4.637855589389801025e-01	9.995125532150268555e-01	9.926344752311706543e-01	1.806359551846981049e-02
9.976865053176879883e-01	9.997435212135314941e-01	7.342421213252237067e-06	2.136449911631643772e-04	5.789558053947985172e-04	9.929887652397155762e-01	1.312525128014385700e-04	9.864568114280700684e-01	9.998950958251953125e-01	1.429425436072051525e-03
9.971001744270324707e-01	1.000000000000000000e+00	2.679201134014874697e-05	3.468340728431940079e-04	7.619839906692504883e-01	4.652346968650817871e-01	2.457504160702228546e-04	9.963209629058837891e-01	9.999985694885253906e-01	9.983622431755065918e-01
9.745181202888488770e-01	1.000000000000000000e+00	3.393774647975078551e-07	1.086691915988922119e-01	9.675484299659729004e-01	9.986413121223449707e-01	3.346392186358571053e-04	9.990879297256469727e-01	9.894966483116149902e-01	1.348342653363943100e-02
9.995299577713012695e-01	1.000000000000000000e+00	6.858175538582145236e-08	5.063341814093291759e-05	2.844226779416203499e-03	9.322830438613891602e-01	4.613051714841276407e-06	9.959267973899841309e-01	9.997497200965881348e-01	1.820965844672173262e-04
9.947153925895690918e-01	1.000000000000000000e+00	1.962827553825263749e-07	1.056992635130882263e-01	8.538967929780483246e-03	8.692519068717956543e-01	3.367565805092453957e-04	9.999705553054809570e-01	9.999898672103881836e-01	6.538488669320940971e-04
9.995850920677185059e-01	9.999985694885253906e-01	1.407259987900033593e-04	3.586656748666428030e-05	5.974309518933296204e-03	9.687871932983398438e-01	1.349219819530844688e-04	9.995577931404113770e-01	9.999835491180419922e-01	1.807767694117501378e-04
9.992291927337646484e-01	9.999998807907104492e-01	1.951479333683892037e-07	2.146605993402772583e-06	3.548725042492151260e-03	9.850543737411499023e-01	1.585920545039698482e-04	9.606470465660095215e-01	9.999793767929077148e-01	7.012665737420320511e-04
9.994583725929260254e-01	1.000000000000000000e+00	3.828431363217532635e-05	9.322670666733756661e-05	7.501244544982910156e-01	8.249306082725524902e-01	4.436407685279846191e-01	9.999436140060424805e-01	9.998327493667602539e-01	1.866120146587491035e-04
1.133783441036939621e-02	1.000000000000000000e+00	7.213397111627273262e-06	3.782134875655174255e-02	1.392415165901184082e-01	9.692561030387878418e-01	4.044488072395324707e-03	9.703727960586547852e-01	9.999983310699462891e-01	2.252628840506076813e-02
9.305552244186401367e-01	9.999998807907104492e-01	1.224408479174599051e-04	8.948532938957214355e-01	9.216638207435607910e-01	6.782652344554662704e-03	9.349563697469420731e-06	9.973178505897521973e-01	9.999995231628417969e-01	3.287399886175990105e-04
9.747193455696105957e-01	1.000000000000000000e+00	7.856669981265440583e-06	9.684306383132934570e-01	9.872123599052429199e-01	9.884031414985656738e-01	5.587922059930860996e-04	9.990040659904479980e-01	9.958385229110717773e-01	9.968997240066528320e-01
5.966454148292541504e-01	1.000000000000000000e+00	6.178577244281768799e-02	2.305794769199565053e-04	9.279016405344009399e-02	9.993132352828979492e-01	9.571261703968048096e-03	9.999902248382568359e-01	9.999309778213500977e-01	3.723114430904388428e-01
9.998248219490051270e-01	9.999998807907104492e-01	8.601980283629018231e-08	1.875754969660192728e-04	9.477348923683166504e-01	7.463561892509460449e-01	5.579317274850836839e-08	9.930491447448730469e-01	9.998732805252075195e-01	5.711887496318013291e-08
9.838312864303588867e-01	1.000000000000000000e+00	7.343970355577766895e-05	9.982157945632934570e-01	6.720081567764282227e-01	7.671910524368286133e-01	4.267747863195836544e-04	9.971912503242492676e-01	9.996449947357177734e-01	2.657917793840169907e-04
7.603541612625122070e-01	1.000000000000000000e+00	8.401488003073609434e-07	5.141255259513854980e-01	4.405731558799743652e-01	2.232591062784194946e-02	1.723199966363608837e-04	9.999297857284545898e-01	9.999994039535522461e-01	3.530665344442240894e-05
9.998450279235839844e-01	1.000000000000000000e+00	9.257927558792289346e-06	1.194550306536257267e-03	1.827902793884277344e-01	8.334193825721740723e-01	5.937395599175943062e-06	9.998208880424499512e-01	9.999727010726928711e-01	1.759491162374615669e-03
8.882164955139160156e-01	9.999997615814208984e-01	2.572248263277288061e-07	6.644234061241149902e-03	8.999586105346679688e-01	9.999613761901855469e-01	1.675163162872195244e-03	9.816043376922607422e-01	9.977058768272399902e-01	9.997013211250305176e-01
9.341306090354919434e-01	1.000000000000000000e+00	2.456841757521033287e-03	2.807578421197831631e-04	7.816860079765319824e-01	9.952440857887268066e-01	2.790414146147668362e-04	9.999920129776000977e-01	9.998496770858764648e-01	6.769526600837707520e-01
9.956914782524108887e-01	1.000000000000000000e+00	7.462440407834947109e-07	1.146806520409882069e-03	7.177297472953796387e-01	9.842998385429382324e-01	1.029069535434246063e-02	9.888150095939636230e-01	9.982677698135375977e-01	1.014641529764048755e-04
3.473904430866241455e-01	9.999998807907104492e-01	1.390916395394015126e-07	1.484388048993423581e-04	6.363227963447570801e-01	9.893418550491333008e-01	2.205179259181022644e-02	9.908588528633117676e-01	9.990363121032714844e-01	6.817575097084045410e-01
9.984421133995056152e-01	1.000000000000000000e+00	6.991355621721595526e-05	9.941707253456115723e-01	9.353514909744262695e-01	9.953318238258361816e-01	1.328946556895971298e-03	9.998103976249694824e-01	6.414030790328979492e-01	4.185271263122558594e-01
9.967185854911804199e-01	9.999994039535522461e-01	8.117335528368130326e-05	1.964992377907037735e-03	5.847862958908081055e-01	9.803708791732788086e-01	7.583426195196807384e-04	9.850149750709533691e-01	9.999815225601196289e-01	1.211909018456935883e-02
9.981599450111389160e-01	1.000000000000000000e+00	2.973628397739958018e-05	2.976824762299656868e-04	7.216355204582214355e-01	9.902713894844055176e-01	1.939940154552459717e-01	9.341223239898681641e-01	9.999979734420776367e-01	8.210747689008712769e-02
9.906184077262878418e-01	9.999997615814208984e-01	6.988419499975861982e-06	2.791837869153823704e-05	9.069015383720397949e-01	9.994105100631713867e-01	1.670261262916028500e-03	9.989197254180908203e-01	9.985895752906799316e-01	6.656499207019805908e-02
9.995011091232299805e-01	1.000000000000000000e+00	1.380611251988739241e-06	3.838650649413466454e-03	8.615138530731201172e-01	4.954363405704498291e-01	1.102621754398569465e-04	9.915894865989685059e-01	9.992927312850952148e-01	6.865006412226648536e-07
6.726816892623901367e-01	9.999998807907104492e-01	2.711195747906458564e-06	1.963862450793385506e-05	2.278785109519958496e-01	7.593746185302734375e-01	6.079564172978280112e-06	9.998750686645507812e-01	9.999994039535522461e-01	1.620314316824078560e-03
9.901018142700195312e-01	9.999707937240600586e-01	8.082105523499194533e-06	1.451123389415442944e-03	7.332688570022583008e-01	9.525583386421203613e-01	1.066542882472276688e-02	9.905312657356262207e-01	7.091009616851806641e-01	4.778792615979909897e-03
8.136698007583618164e-01	9.999998807907104492e-01	3.967183147324249148e-05	2.630737144500017166e-04	6.364051699638366699e-01	9.997933506965637207e-01	1.590236090123653412e-02	9.958289265632629395e-01	9.926080703735351562e-01	4.488638043403625488e-02
9.993250370025634766e-01	1.000000000000000000e+00	4.761718628287781030e-06	1.114050428441260010e-05	9.893492460250854492e-01	9.999488592147827148e-01	1.117187645286321640e-02	7.509224414825439453e-01	9.961877465248107910e-01	9.947924017906188965e-01
6.997203826904296875e-01	9.999989271163940430e-01	5.037061896473460365e-07	8.704010844230651855e-01	9.931336641311645508e-01	8.784040212631225586e-01	7.904288358986377716e-04	9.868922829627990723e-01	9.999625682830810547e-01	3.978837412432767451e-05
9.947826266288757324e-01	1.000000000000000000e+00	5.254844381852308288e-06	1.892653672257438302e-04	9.435548186302185059e-01	4.113088361918926239e-03	1.454351097345352173e-01	9.999909400939941406e-01	9.998738765716552734e-01	6.150015979073941708e-04
7.877264618873596191e-01	1.000000000000000000e+00	4.654878793530770054e-08	4.700335921370424330e-06	7.192391753196716309e-01	9.842038750648498535e-01	1.118697575293481350e-03	9.491245746612548828e-01	9.998117089271545410e-01	4.059194028377532959e-02
9.826918244361877441e-01	1.000000000000000000e+00	5.433824753708904609e-06	8.836501091718673706e-02	9.985392093658447266e-01	9.487093091011047363e-01	3.354180231690406799e-02	9.999535083770751953e-01	9.998927116394042969e-01	5.286118984222412109e-01
8.382563591003417969e-01	1.000000000000000000e+00	6.546254735440015793e-04	3.299261516076512635e-05	6.890084147453308105e-01	9.978699684143066406e-01	1.949922734638676047e-04	9.999988079071044922e-01	9.961273074150085449e-01	1.363918301649391651e-03
9.999657869338989258e-01	1.000000000000000000e+00	2.611168383737094700e-05	1.985776796936988831e-02	9.991275668144226074e-01	2.020280953729525208e-04	1.306008314713835716e-03	1.383842993527650833e-02	8.996679186820983887e-01	3.025387195521034300e-05
9.841041564941406250e-01	1.000000000000000000e+00	1.336119197503649048e-07	4.028790863230824471e-04	6.386961340904235840e-01	9.955210685729980469e-01	6.912907701916992664e-04	9.999964237213134766e-01	9.918643236160278320e-01	2.504759002476930618e-03
6.934342980384826660e-01	1.000000000000000000e+00	5.950495506112929434e-06	1.153757466454408132e-06	9.967053532600402832e-01	7.752345204353332520e-01	1.455924502806738019e-04	9.784683585166931152e-01	9.996022582054138184e-01	9.986100196838378906e-01
8.317419886589050293e-01	9.999997615814208984e-01	1.167540813185041770e-05	1.429922413080930710e-03	4.372073411941528320e-01	6.148924231529235840e-01	4.362630079413065687e-06	9.992575049400329590e-01	9.999511241912841797e-01	4.758605733513832092e-02
9.414550065994262695e-01	1.000000000000000000e+00	4.545103820419171825e-06	1.250257901119766757e-05	6.805214881896972656e-01	9.983282685279846191e-01	2.447218168526887894e-03	9.999489784240722656e-01	9.999843835830688477e-01	5.258895084261894226e-02
9.997959733009338379e-01	1.000000000000000000e+00	7.538058639511291403e-07	1.363474875688552856e-04	8.315786123275756836e-01	6.325308084487915039e-01	5.996879735903348774e-06	9.981903433799743652e-01	9.908881187438964844e-01	6.554603169206529856e-05
9.970443844795227051e-01	1.000000000000000000e+00	4.919153866467240732e-07	3.079422051087021828e-03	9.999932050704956055e-01	9.987841248512268066e-01	1.551914215087890625e-01	9.958783388137817383e-01	9.998571872711181641e-01	1.101447502151131630e-03
9.906439781188964844e-01	1.000000000000000000e+00	4.792064646608196199e-05	2.159743104130029678e-03	9.911046624183654785e-01	9.999754428863525391e-01	1.178583782166242599e-02	9.881389737129211426e-01	9.827019572257995605e-01	7.320393919944763184e-01
9.051432609558105469e-01	1.000000000000000000e+00	1.020479976432397962e-04	4.655783995985984802e-04	9.984758496284484863e-01	9.736088514328002930e-01	3.025909245479851961e-04	9.994689822196960449e-01	9.999741315841674805e-01	9.956959486007690430e-01
5.654818415641784668e-01	9.999994039535522461e-01	1.732792588882148266e-04	1.209938898682594299e-03	7.641142010688781738e-01	9.982990622520446777e-01	8.154176757670938969e-04	9.999948740005493164e-01	9.999951124191284180e-01	4.468567669391632080e-02
1.034549932228401303e-04	1.000000000000000000e+00	9.834208185566239990e-07	1.012539723888039589e-03	9.987700581550598145e-01	9.992328882217407227e-01	6.115103315096348524e-05	9.999793767929077148e-01	9.999508857727050781e-01	5.350591964088380337e-04
9.973034858703613281e-01	1.000000000000000000e+00	1.066017313860356808e-03	2.815213985741138458e-03	9.945076107978820801e-01	9.998867511749267578e-01	2.549743950366973877e-01	9.898647665977478027e-01	9.992952346801757812e-01	8.138550037983804941e-05
9.731000661849975586e-01	9.999983310699462891e-01	5.868816879228688776e-05	1.054828986525535583e-02	8.935322761535644531e-01	5.100345704704523087e-03	1.759341976139694452e-04	4.589750468730926514e-01	9.838984608650207520e-01	9.451887011528015137e-02
9.965484738349914551e-01	9.999992847442626953e-01	2.155313995899632573e-05	8.265252108685672283e-05	9.983042478561401367e-01	9.964932799339294434e-01	1.784191876649856567e-01	8.582805991172790527e-01	9.900864958763122559e-01	4.225196607876569033e-05
7.991293072700500488e-01	9.999992847442626953e-01	1.467755919293267652e-05	2.500780101399868727e-04	9.910810589790344238e-01	9.989076852798461914e-01	9.742614201968535781e-05	9.983347058296203613e-01	8.593842983245849609e-01	1.017567934468388557e-03
9.980382323265075684e-01	1.000000000000000000e+00	1.699653876130469143e-05	4.581555426120758057e-01	9.975729584693908691e-01	1.147953676991164684e-03	5.158070052857510746e-06	9.997686743736267090e-01	9.999322891235351562e-01	5.415315972641110420e-04
7.339340448379516602e-01	1.000000000000000000e+00	9.834986121859401464e-05	3.568051848560571671e-03	5.986230373382568359e-01	9.945970773696899414e-01	4.312659075367264450e-05	9.999606609344482422e-01	9.995501637458801270e-01	1.472965581342577934e-03
9.998900890350341797e-01	1.000000000000000000e+00	4.944216925650835037e-06	2.633311040699481964e-02	9.756534695625305176e-01	7.012339830398559570e-01	1.248839398613199592e-04	9.901205301284790039e-01	9.994937181472778320e-01	9.074239060282707214e-04
9.977275729179382324e-01	1.000000000000000000e+00	9.681102528702467680e-05	8.398167556151747704e-04	9.999296665191650391e-01	9.996234178543090820e-01	9.681507435743696988e-06	9.999926090240478516e-01	9.999905824661254883e-01	4.303370224079117179e-05
9.949770569801330566e-01	1.000000000000000000e+00	6.666851959380437620e-08	6.290897727012634277e-01	9.997828602790832520e-01	2.277591731399297714e-03	1.319941366091370583e-04	9.998841285705566406e-01	1.000000000000000000e+00	7.341784657910466194e-04
8.911204934120178223e-01	9.999997615814208984e-01	4.775939714818377979e-07	3.923630416393280029e-01	9.985653758049011230e-01	3.023492405191063881e-03	7.337129773077322170e-06	9.997693896293640137e-01	9.999507665634155273e-01	2.493360989319626242e-05
9.938766360282897949e-01	1.000000000000000000e+00	9.424815289094112813e-06	7.025775266811251640e-05	8.807514309883117676e-01	4.550305381417274475e-02	4.052104894071817398e-03	9.984458088874816895e-01	9.961979985237121582e-01	2.722708880901336670e-01
6.669735908508300781e-01	9.999997615814208984e-01	4.023136170872021466e-06	9.388609528541564941e-01	9.746313095092773438e-01	5.031101107597351074e-01	1.715579710435122252e-04	9.890502691268920898e-01	9.999865293502807617e-01	4.424590588314458728e-05
4.533431828022003174e-01	9.999998807907104492e-01	5.927533948124619201e-06	9.863722920417785645e-01	9.965783953666687012e-01	9.444877505302429199e-01	7.824280299246311188e-03	9.758514165878295898e-01	9.976316690444946289e-01	4.146252103964798152e-05
1.738028973340988159e-02	1.000000000000000000e+00	6.712941740261157975e-06	7.102055678842589259e-05	9.988570213317871094e-01	9.941051006317138672e-01	2.666295913513749838e-04	9.998754262924194336e-01	9.998409748077392578e-01	1.517494092695415020e-03
9.997819066047668457e-01	1.000000000000000000e+00	2.306320384377613664e-04	5.962975556030869484e-04	6.033640503883361816e-01	9.961477518081665039e-01	5.007776780985295773e-04	9.967041611671447754e-01	9.921630024909973145e-01	1.717623963486403227e-04
9.986566305160522461e-01	1.000000000000000000e+00	2.608964685350656509e-03	6.920793559402227402e-03	9.854460954666137695e-01	8.150531053543090820e-01	2.444289566483348608e-04	9.929386973381042480e-01	9.891086816787719727e-01	7.769329547882080078e-01
9.848906397819519043e-01	1.000000000000000000e+00	4.798313230276107788e-02	1.362135299132205546e-05	9.904554486274719238e-01	8.622309565544128418e-01	1.813576207496225834e-03	9.989951252937316895e-01	6.022660732269287109e-01	1.387551054358482361e-02
6.777574419975280762e-01	9.999998807907104492e-01	4.246860996204304683e-08	7.669621109962463379e-01	8.717574477195739746e-01	3.047529458999633789e-01	2.875940117519348860e-04	9.999353885650634766e-01	9.999982118606567383e-01	1.124703139066696167e-02
9.986208677291870117e-01	1.000000000000000000e+00	2.175224362872540951e-04	9.859890937805175781e-01	9.998376369476318359e-01	9.948996901512145996e-01	2.179588591388892382e-05	9.902523756027221680e-01	9.999843835830688477e-01	1.248233729711500928e-05
9.953359961509704590e-01	1.000000000000000000e+00	9.340128030999039765e-07	3.400203422643244267e-04	9.999982118606567383e-01	9.958537817001342773e-01	8.839205111144110560e-05	9.986237287521362305e-01	9.999967813491821289e-01	1.976768076419830322e-01
8.945792317390441895e-01	1.000000000000000000e+00	3.844758794002700597e-06	5.460592452436685562e-03	9.992933273315429688e-01	1.018549595028162003e-02	1.430015572623233311e-06	7.068034410476684570e-01	9.998872280120849609e-01	2.248646778753027320e-04
7.134337425231933594e-01	1.000000000000000000e+00	6.309367745416238904e-05	1.732191536575555801e-03	9.995014667510986328e-01	2.116520330309867859e-02	4.895253368886187673e-06	9.993582367897033691e-01	9.999543428421020508e-01	1.162329408543882892e-05
9.875220656394958496e-01	9.999991655349731445e-01	1.184233557432889938e-02	8.495025336742401123e-02	9.963970780372619629e-01	2.371458560228347778e-01	2.035091529251076281e-05	9.989226460456848145e-01	9.998729228973388672e-01	4.284390888642519712e-05
7.955030202865600586e-01	9.999995231628417969e-01	5.775835234089754522e-05	2.703647972168710112e-08	9.996407032012939453e-01	9.998409748077392578e-01	1.327633526670979336e-06	9.909775257110595703e-01	9.966254234313964844e-01	1.590728014707565308e-02
9.845119714736938477e-01	1.000000000000000000e+00	4.620073354999476578e-07	1.822325866669416428e-03	7.599952816963195801e-01	3.845104575157165527e-02	5.217393209022702649e-06	4.389285743236541748e-01	9.997318387031555176e-01	2.541288449720013887e-05
9.697026610374450684e-01	1.000000000000000000e+00	3.362199322509695776e-06	1.130577657022513449e-04	9.992458820343017578e-01	7.717890739440917969e-01	9.009612724184989929e-03	8.215529471635818481e-02	9.920428395271301270e-01	2.443056786432862282e-03
9.913522005081176758e-01	9.999737739562988281e-01	4.426316809258423746e-05	5.828303284943103790e-03	7.330589890480041504e-01	9.773823618888854980e-01	2.931122435256838799e-03	6.328291893005371094e-01	9.813808798789978027e-01	4.705470986664295197e-03
8.927873969078063965e-01	1.000000000000000000e+00	1.801606595108751208e-05	3.048879792913794518e-03	9.295406341552734375e-01	6.741690635681152344e-01	4.391738330014050007e-04	9.992066025733947754e-01	9.913546442985534668e-01	1.722585177049040794e-03
9.940814375877380371e-01	9.999994039535522461e-01	1.161983454949222505e-04	1.305496040731668472e-02	9.978590607643127441e-01	9.970321655273437500e-01	1.154860714450478554e-03	9.996465444564819336e-01	9.892410635948181152e-01	2.348121255636215210e-03
9.995756745338439941e-01	1.000000000000000000e+00	1.702227891655638814e-04	9.833084186539053917e-04	9.918295741081237793e-01	9.981525540351867676e-01	7.350332452915608883e-05	9.975610971450805664e-01	9.475716352462768555e-01	1.674331575632095337e-01
9.981755018234252930e-01	1.000000000000000000e+00	6.642050607297278475e-07	7.120421528816223145e-01	9.898627996444702148e-01	1.863513588905334473e-01	1.960182999027892947e-04	9.998216032981872559e-01	9.999978542327880859e-01	2.299008658155798912e-03
8.429579734802246094e-01	9.999998807907104492e-01	1.138804819333927298e-07	1.025455072522163391e-03	9.921115636825561523e-01	1.285708397626876831e-01	1.716922452033031732e-05	4.107347428798675537e-01	9.629431366920471191e-01	4.371591203380376101e-04
8.326118588447570801e-01	1.000000000000000000e+00	4.547453499981202185e-06	9.329048991203308105e-01	9.974488615989685059e-01	9.714624285697937012e-01	1.115496252168668434e-05	9.999642372131347656e-01	9.999963045120239258e-01	3.622728632763028145e-03
9.996066689491271973e-01	9.999961853027343750e-01	3.505922165913943900e-07	9.424635209143161774e-06	9.999024868011474609e-01	9.831316471099853516e-01	1.583492689860577229e-06	9.447623491287231445e-01	9.950691461563110352e-01	3.738711355254054070e-03
9.939734339714050293e-01	1.000000000000000000e+00	4.778778925538063049e-02	6.295698881149291992e-01	9.995447993278503418e-01	9.109489321708679199e-01	1.843149766500573605e-05	9.954379200935363770e-01	9.858208894729614258e-01	1.611771440366283059e-04
9.951341748237609863e-01	1.000000000000000000e+00	3.228506884056514536e-08	1.803623046725988388e-03	9.997949004173278809e-01	1.753477454185485840e-01	1.452605472877621651e-03	9.304879903793334961e-01	9.988585710525512695e-01	3.020521486178040504e-03
9.777413010597229004e-01	1.000000000000000000e+00	5.210809831623919308e-06	2.460406394675374031e-04	9.998486042022705078e-01	8.123322725296020508e-01	1.518252829555422068e-04	9.999846220016479492e-01	9.999879598617553711e-01	1.457009375371853821e-06
9.901798963546752930e-01	9.999997615814208984e-01	3.623976681410567835e-06	1.633154606679454446e-04	9.975589513778686523e-01	3.365147709846496582e-01	3.537010570653364994e-06	2.995507419109344482e-01	9.998607635498046875e-01	9.614845112082548440e-06
9.917723536491394043e-01	1.000000000000000000e+00	2.134647947968915105e-04	2.038148790597915649e-01	9.991361498832702637e-01	1.865718513727188110e-01	8.327024406753480434e-04	6.987709403038024902e-01	9.527755975723266602e-01	2.242148667573928833e-01
9.926163554191589355e-01	9.999915361404418945e-01	1.584371887020097347e-07	2.095630043186247349e-05	9.998905658721923828e-01	9.902318120002746582e-01	1.339546579401940107e-04	9.992538094520568848e-01	9.687895178794860840e-01	2.973247901536524296e-04
9.929238557815551758e-01	1.000000000000000000e+00	1.490024175154758268e-07	2.227649791166186333e-03	9.998630285263061523e-01	9.889469742774963379e-01	5.463843990582972765e-06	9.978005290031433105e-01	9.998993873596191406e-01	5.242860879661748186e-06
9.999964237213134766e-01	1.000000000000000000e+00	1.163273509519058280e-06	1.124235859606415033e-04	9.998860359191894531e-01	9.968705773353576660e-01	1.264114871446508914e-05	6.945433020591735840e-01	9.997735619544982910e-01	5.926983794779516757e-05
9.841616153717041016e-01	1.000000000000000000e+00	6.292716125955166717e-09	1.033405133057385683e-04	9.958093166351318359e-01	6.443243026733398438e-01	3.895068221027031541e-05	9.963161349296569824e-01	9.851652383804321289e-01	7.474902668036520481e-04
9.762514829635620117e-01	1.000000000000000000e+00	1.812887973073884496e-07	1.886250101961195469e-03	9.981412887573242188e-01	9.825441241264343262e-01	9.357600902148988098e-06	7.875936031341552734e-01	9.999986886978149414e-01	1.649339646100997925e-01
9.987815022468566895e-01	9.999997615814208984e-01	2.573794517957139760e-06	8.833027095533907413e-06	9.983611702919006348e-01	9.139785766601562500e-01	7.554991752840578556e-04	9.952486157417297363e-01	9.948221445083618164e-01	5.312635330483317375e-04
3.528283536434173584e-01	1.000000000000000000e+00	1.895504851745499764e-06	2.235096134245395660e-02	9.999425411224365234e-01	9.995751976966857910e-01	3.004688187502324581e-05	9.997548460960388184e-01	9.994988441467285156e-01	6.726110586896538734e-05
9.986080527305603027e-01	1.000000000000000000e+00	3.229841727403481855e-09	2.045186702162027359e-03	9.983830451965332031e-01	1.762884110212326050e-01	8.571037142246495932e-06	9.537493586540222168e-01	9.998867511749267578e-01	5.732806399464607239e-03
4.411247372627258301e-01	1.000000000000000000e+00	6.890327495057135820e-05	1.834174268878996372e-03	9.888011217117309570e-01	2.045484930276870728e-01	2.626976370811462402e-02	9.999672174453735352e-01	9.999691247940063477e-01	1.257374882698059082e-02
9.310751557350158691e-01	1.000000000000000000e+00	2.737978502409532666e-05	9.757973748492076993e-05	9.975036978721618652e-01	9.374405741691589355e-01	4.479590861592441797e-04	9.999980926513671875e-01	9.988466501235961914e-01	3.670074343681335449e-01
9.993728995323181152e-01	9.999965429306030273e-01	2.179691591663868167e-07	5.294486414641141891e-03	9.997509121894836426e-01	9.978756904602050781e-01	2.839664812199771404e-04	7.422959208488464355e-01	9.890604019165039062e-01	4.522853032540297136e-06
9.538228511810302734e-01	1.000000000000000000e+00	5.061580395704368129e-06	4.227838362567126751e-04	7.094592452049255371e-01	5.876833200454711914e-01	4.891198386758333072e-06	9.989202022552490234e-01	9.990255832672119141e-01	7.189400494098663330e-04
9.959557056427001953e-01	1.000000000000000000e+00	3.513546431577196927e-08	5.500022787600755692e-03	9.997832179069519043e-01	5.952553749084472656e-01	4.141102358698844910e-02	5.943675637245178223e-01	9.995822310447692871e-01	9.043186582857742906e-05
9.773221015930175781e-01	1.000000000000000000e+00	6.949128419364569709e-06	3.859259886667132378e-04	9.976715445518493652e-01	9.866439700126647949e-01	1.008962271953350864e-06	9.999896287918090820e-01	9.401670098304748535e-01	7.146261486923322082e-05
9.996986389160156250e-01	1.000000000000000000e+00	9.130169928539544344e-06	2.117944677593186498e-04	9.972586631774902344e-01	2.720573246479034424e-01	3.136547165922820568e-04	9.874047636985778809e-01	9.995999932289123535e-01	1.726584858261048794e-03
9.992536902427673340e-01	9.999990463256835938e-01	2.820436566253192723e-05	1.280601415783166885e-02	9.979229569435119629e-01	9.998206496238708496e-01	2.392198657616972923e-03	2.745757997035980225e-01	9.986220598220825195e-01	2.039700193563476205e-04
5.076102018356323242e-01	1.000000000000000000e+00	3.815213744928769302e-08	3.780621662735939026e-02	9.992777705192565918e-01	2.343402802944183350e-01	1.007554601528681815e-05	9.861283302307128906e-01	9.999932050704956055e-01	1.144874750025337562e-05
7.627620100975036621e-01	9.999994039535522461e-01	1.016630335470836144e-06	6.376726378221064806e-05	2.079781591892242432e-01	3.473994135856628418e-01	2.301144741068128496e-05	9.898667335510253906e-01	9.999997615814208984e-01	1.883613504469394684e-02
9.126664996147155762e-01	1.000000000000000000e+00	5.533923967959708534e-07	4.375482967589050531e-04	9.999964237213134766e-01	1.447897851467132568e-01	3.446969913056818768e-06	9.999918937683105469e-01	9.999310970306396484e-01	9.622000106901396066e-06
9.999622106552124023e-01	1.000000000000000000e+00	3.103559947703615762e-06	4.187197387218475342e-01	9.985956549644470215e-01	9.549634456634521484e-01	6.603814654226880521e-06	9.948522448539733887e-01	9.999223947525024414e-01	1.175415527541190386e-04
9.864447712898254395e-01	9.999997615814208984e-01	9.955662244465202093e-05	5.868249572813510895e-04	9.918593764305114746e-01	4.622491002082824707e-01	1.879792544059455395e-04	9.979274272918701172e-01	9.999438524246215820e-01	4.086099192500114441e-02
9.327594637870788574e-01	1.000000000000000000e+00	2.999702928718761541e-06	7.013889402151107788e-02	9.999781847000122070e-01	9.851598143577575684e-01	2.157868002541363239e-04	9.993202686309814453e-01	9.994682669639587402e-01	4.695040697697550058e-04
9.974059462547302246e-01	1.000000000000000000e+00	2.502960269339382648e-04	6.176602244377136230e-01	9.998886585235595703e-01	7.922208309173583984e-01	9.056890383362770081e-03	9.969180822372436523e-01	9.999866485595703125e-01	1.551413106426480226e-06
9.578319787979125977e-01	9.999959468841552734e-01	3.985018702223896980e-04	2.923543888755375519e-06	9.996972084045410156e-01	7.699856162071228027e-01	2.082703758787829429e-05	9.999670982360839844e-01	9.940880537033081055e-01	1.024686753225978464e-05
9.985503554344177246e-01	1.000000000000000000e+00	1.208887624670751393e-06	9.921994060277938843e-04	9.998526573181152344e-01	9.142179489135742188e-01	7.114937994629144669e-03	1.062466725707054138e-01	9.861564636230468750e-01	5.193354081711731851e-05
9.970310926437377930e-01	1.000000000000000000e+00	1.227419801352880313e-07	1.379000459564849734e-04	9.971241354942321777e-01	9.961540102958679199e-01	3.381607893970794976e-05	9.962173104286193848e-01	9.999408721923828125e-01	4.977900971425697207e-05
9.982179999351501465e-01	1.000000000000000000e+00	3.789615220739506185e-05	8.129948582791257650e-06	9.756583571434020996e-01	7.224605083465576172e-01	1.307724160142242908e-04	9.997333884239196777e-01	9.861238002777099609e-01	5.365136312320828438e-04
9.977141618728637695e-01	1.000000000000000000e+00	1.985085646083462052e-06	1.570179015398025513e-01	9.970093965530395508e-01	4.558442831039428711e-01	4.757843445986509323e-03	9.992978572845458984e-01	9.756541252136230469e-01	3.586815728340297937e-04
8.999066948890686035e-01	1.000000000000000000e+00	6.262805527512682602e-06	2.431911975145339966e-01	9.998922348022460938e-01	5.450219511985778809e-01	1.471550785936415195e-04	9.997312426567077637e-01	9.999924898147583008e-01	5.490084367920644581e-05
9.954839944839477539e-01	1.000000000000000000e+00	2.687199639694881625e-06	1.774978823959827423e-02	9.995046854019165039e-01	3.160913586616516113e-01	2.636361401528120041e-03	9.864261150360107422e-01	9.998278617858886719e-01	1.204500440508127213e-03
8.433631658554077148e-01	1.000000000000000000e+00	7.971853483468294144e-05	1.974411010742187500e-01	9.999217987060546875e-01	4.338456094264984131e-01	5.560964837059145793e-06	9.999896287918090820e-01	9.999984502792358398e-01	1.867323021542688366e-06
9.998682737350463867e-01	1.000000000000000000e+00	2.087440043396782130e-05	9.176200628280639648e-02	9.788119196891784668e-01	3.358242809772491455e-01	3.800345803028903902e-05	9.999092817306518555e-01	9.997484087944030762e-01	5.569203058257699013e-04
9.997865557670593262e-01	9.999996423721313477e-01	6.692259194096550345e-05	6.785838631913065910e-04	9.991741776466369629e-01	4.554817974567413330e-01	8.616452664136886597e-02	9.150445461273193359e-01	9.998348951339721680e-01	5.671190592693164945e-06
9.738038182258605957e-01	1.000000000000000000e+00	5.815587937831878662e-03	7.095310091972351074e-01	9.321700930595397949e-01	5.247601270675659180e-01	5.803284002467989922e-04	9.999713897705078125e-01	9.999997615814208984e-01	1.751089439494535327e-04
9.932568073272705078e-01	1.000000000000000000e+00	1.695293462944391649e-06	2.106289379298686981e-03	9.995281696319580078e-01	1.229375898838043213e-01	3.661930968519300222e-04	9.898542761802673340e-01	9.999921321868896484e-01	2.193423919379711151e-03
9.794380664825439453e-01	1.000000000000000000e+00	3.616298499764525332e-06	5.719253094866871834e-04	9.999402761459350586e-01	3.809418678283691406e-01	1.154940946435090154e-06	9.949299693107604980e-01	9.927076697349548340e-01	7.019569748081266880e-04
8.965167999267578125e-01	9.999990463256835938e-01	3.019965106432209723e-06	3.302367695141583681e-04	9.976115226745605469e-01	6.189378499984741211e-01	2.982204896397888660e-04	9.994327425956726074e-01	9.849039316177368164e-01	2.180576302635017782e-05
9.993870258331298828e-01	1.000000000000000000e+00	1.608847810530278366e-06	2.906764745712280273e-01	9.998718500137329102e-01	9.915803074836730957e-01	7.479714258806779981e-05	9.924422502517700195e-01	9.999926090240478516e-01	1.798415207304060459e-03
9.973251819610595703e-01	1.000000000000000000e+00	1.854798028944060206e-06	8.727499283850193024e-03	9.963287711143493652e-01	2.575749158859252930e-01	4.337024874985218048e-03	9.906973838806152344e-01	9.996613264083862305e-01	8.632828248664736748e-04
9.882854223251342773e-01	1.000000000000000000e+00	1.817536394810304046e-05	3.383021056652069092e-01	9.995438456535339355e-01	7.379403710365295410e-01	1.432945951819419861e-03	9.973518848419189453e-01	9.999458789825439453e-01	3.096199725405313075e-05
9.998993873596191406e-01	1.000000000000000000e+00	3.244785475544631481e-04	2.732054272200912237e-04	9.488593935966491699e-01	4.695961773395538330e-01	7.666003075428307056e-04	9.998206496238708496e-01	9.996881484985351562e-01	5.060636904090642929e-03
9.183656573295593262e-01	9.999994039535522461e-01	1.297785843235033099e-06	8.636703714728355408e-03	9.991691112518310547e-01	6.286561489105224609e-01	7.068032282404601574e-04	9.997434020042419434e-01	9.999517202377319336e-01	1.038679946213960648e-02
2.459963113069534302e-01	1.000000000000000000e+00	2.319563827768433839e-05	2.456193324178457260e-03	9.991342425346374512e-01	7.834888100624084473e-01	6.968334673729259521e-06	9.999227523803710938e-01	9.927922487258911133e-01	4.713147063739597797e-06
9.675241112709045410e-01	1.000000000000000000e+00	1.696789581728808116e-06	1.709300577640533447e-01	9.988052845001220703e-01	7.425370812416076660e-01	7.390519022010266781e-04	9.949470162391662598e-01	9.998747110366821289e-01	1.469519156671594828e-05
9.662488102912902832e-01	1.000000000000000000e+00	5.138886535860365257e-06	7.360216975212097168e-02	9.995406866073608398e-01	6.177541017532348633e-01	1.587357360222085845e-06	9.999779462814331055e-01	9.999884366989135742e-01	1.500248345109866932e-05
9.667755365371704102e-01	1.000000000000000000e+00	1.354172582068713382e-06	2.691201865673065186e-01	9.996304512023925781e-01	9.949687123298645020e-01	3.353872671141289175e-06	9.997101426124572754e-01	9.999949932098388672e-01	2.736136666499078274e-04
9.985969662666320801e-01	1.000000000000000000e+00	8.458786169285303913e-07	2.442062050104141235e-01	9.900519251823425293e-01	8.521690368652343750e-01	1.007839955491363071e-06	9.863713383674621582e-01	9.999997615814208984e-01	3.196543548256158829e-05
9.928233623504638672e-01	1.000000000000000000e+00	2.040013669102336280e-07	5.031279847025871277e-02	9.187329411506652832e-01	4.758881628513336182e-01	1.361052505671977997e-03	9.942365288734436035e-01	8.943319320678710938e-01	3.069964004680514336e-04
8.487228155136108398e-01	1.000000000000000000e+00	5.907556897000176832e-07	9.243681415682658553e-05	9.961924552917480469e-01	7.051810026168823242e-01	6.486900383606553078e-04	9.824601411819458008e-01	9.898992180824279785e-01	2.765622048173099756e-05
9.996434450149536133e-01	1.000000000000000000e+00	2.122496698575560004e-05	2.109944634139537811e-02	9.983547329902648926e-01	7.947565317153930664e-01	3.457512093518744223e-06	9.999157190322875977e-01	9.999997615814208984e-01	5.156929255463182926e-04
9.992917776107788086e-01	1.000000000000000000e+00	2.524708630517125130e-03	2.196329683065414429e-01	9.991866946220397949e-01	9.952195286750793457e-01	6.050042342394590378e-03	9.999440908432006836e-01	9.953502416610717773e-01	4.136601928621530533e-04
9.870281219482421875e-01	1.000000000000000000e+00	1.981363311642780900e-06	4.387620370835065842e-03	9.967875480651855469e-01	8.240821957588195801e-01	4.287476258468814194e-06	9.999972581863403320e-01	9.999886751174926758e-01	2.053895033895969391e-03
7.651425600051879883e-01	1.000000000000000000e+00	7.832132098428701283e-08	3.103572130203247070e-01	9.999775886535644531e-01	5.144237279891967773e-01	8.415499053171515698e-08	9.977091550827026367e-01	9.999904632568359375e-01	9.992773644626140594e-03
9.937829375267028809e-01	1.000000000000000000e+00	1.491046418777841609e-06	1.620154012925922871e-03	9.345268011093139648e-01	6.418281793594360352e-01	3.158160543534904718e-04	9.995630383491516113e-01	9.989317059516906738e-01	1.177472900599241257e-02
7.440738677978515625e-01	1.000000000000000000e+00	1.210004143104015384e-06	7.126359734684228897e-03	9.948475360870361328e-01	6.363084316253662109e-01	4.840218462049961090e-04	9.621114134788513184e-01	9.879516959190368652e-01	3.200604987796396017e-04
9.881984591484069824e-01	1.000000000000000000e+00	6.947039388194298226e-09	6.579099297523498535e-01	9.998968839645385742e-01	9.930440783500671387e-01	2.931978087872266769e-04	9.996463060379028320e-01	9.944511055946350098e-01	4.004982765763998032e-04
9.996414184570312500e-01	9.999457597732543945e-01	2.488401150912977755e-05	6.842407584190368652e-02	9.998750686645507812e-01	5.825533270835876465e-01	5.521191997104324400e-05	9.939339756965637207e-01	9.952355027198791504e-01	1.276656548725441098e-04
9.956959486007690430e-01	1.000000000000000000e+00	3.142506830045022070e-05	4.444334208965301514e-01	9.984741806983947754e-01	5.777438879013061523e-01	2.487781166564673185e-04	7.513467669486999512e-01	9.999815225601196289e-01	7.777372957207262516e-04
8.381925821304321289e-01	1.000000000000000000e+00	1.961242759307424421e-07	2.523572475183755159e-04	9.970326423645019531e-01	6.739822030067443848e-01	1.027646576403640211e-04	9.994637370109558105e-01	9.753923416137695312e-01	6.550823803991079330e-03
9.397531747817993164e-01	9.999998807907104492e-01	4.057449041283689439e-05	3.733985126018524170e-02	9.975157976150512695e-01	5.215765237808227539e-01	2.613358265080023557e-05	9.999946355819702148e-01	9.585960507392883301e-01	8.561160029785241932e-06
9.545617103576660156e-01	9.999914169311523438e-01	3.792654024437069893e-04	1.187156703963410109e-05	9.936310648918151855e-01	6.516160368919372559e-01	2.558260690420866013e-03	9.981108903884887695e-01	6.022316813468933105e-01	1.184334163554012775e-03
9.936259984970092773e-01	1.000000000000000000e+00	1.757317295414395630e-05	3.006062284111976624e-02	9.197264909744262695e-01	3.743913471698760986e-01	4.993923721485771239e-05	9.883325695991516113e-01	9.999990463256835938e-01	3.331910353153944016e-03
8.025313019752502441e-01	1.000000000000000000e+00	3.883130261783662718e-07	2.639731917497556424e-07	9.979033470153808594e-01	9.745721220970153809e-01	2.093477178277680650e-06	9.530097246170043945e-01	9.816911816596984863e-01	4.239455447532236576e-04
9.988766312599182129e-01	1.000000000000000000e+00	3.339433897053822875e-05	2.477752715349197388e-01	9.998910427093505859e-01	9.820757508277893066e-01	2.080869453493505716e-04	9.999915361404418945e-01	9.985957741737365723e-01	1.327918320894241333e-01
9.999077320098876953e-01	1.000000000000000000e+00	5.435464117908850312e-05	4.974844050593674183e-04	9.196457862854003906e-01	6.337540745735168457e-01	2.507690260244999081e-05	9.984801411628723145e-01	9.997646212577819824e-01	4.510498911258764565e-05
9.997562766075134277e-01	1.000000000000000000e+00	4.821976062885369174e-07	1.684592920355498791e-03	9.998000264167785645e-01	3.650142848491668701e-01	1.686108771536964923e-05	9.403829574584960938e-01	9.999954700469970703e-01	6.381338835126371123e-08
9.732863306999206543e-01	1.000000000000000000e+00	9.324547534106386593e-08	1.956607011379674077e-04	9.999434947967529297e-01	6.325926780700683594e-01	5.682635819539427757e-04	9.990068078041076660e-01	9.979222416877746582e-01	1.387882744893431664e-03
9.939720034599304199e-01	1.000000000000000000e+00	9.457447269767271791e-09	1.013669607345946133e-04	9.990915060043334961e-01	5.753329992294311523e-01	9.220594620273914188e-06	9.987252354621887207e-01	9.999879598617553711e-01	1.476268807891756296e-04
9.992554783821105957e-01	1.000000000000000000e+00	6.258083431021077558e-06	3.219760856154607609e-06	9.995106458663940430e-01	8.121862411499023438e-01	4.779122537001967430e-05	9.231830239295959473e-01	9.999349117279052734e-01	2.318277438462246209e-06
9.950143694877624512e-01	1.000000000000000000e+00	6.303554300757241435e-08	4.923959932057186961e-05	9.995214939117431641e-01	9.970731735229492188e-01	4.062694642925634980e-06	9.943066239356994629e-01	9.955753087997436523e-01	2.950746857095509768e-04
9.479982256889343262e-01	1.000000000000000000e+00	8.058961611823178828e-06	9.570493549108505249e-02	9.983876943588256836e-01	8.991373777389526367e-01	2.879819658119231462e-04	8.940283656120300293e-01	9.999598264694213867e-01	1.523832092061638832e-03
9.993633627891540527e-01	9.999731779098510742e-01	7.873845752328634262e-04	3.641853538738359930e-07	9.974477291107177734e-01	9.979529380798339844e-01	1.602178372195339762e-06	9.999337196350097656e-01	7.256089448928833008e-01	5.350938299670815468e-04
9.965525865554809570e-01	1.000000000000000000e+00	1.287429040530696511e-04	1.030373154208064079e-03	9.939154982566833496e-01	3.514958918094635010e-01	1.003780416795052588e-04	9.999930858612060547e-01	9.999959468841552734e-01	2.505825614207424223e-05
9.998150467872619629e-01	1.000000000000000000e+00	1.096020787372253835e-05	3.117448091506958008e-01	9.998991489410400391e-01	4.967192709445953369e-01	5.103410803712904453e-04	9.981989264488220215e-01	9.984152317047119141e-01	5.676661385223269463e-05
9.967625141143798828e-01	1.000000000000000000e+00	5.847759894095361233e-06	5.566421430557966232e-03	9.822110533714294434e-01	6.376373767852783203e-01	5.029841304349247366e-06	9.973788261413574219e-01	9.998391866683959961e-01	1.201906241476535797e-03
9.827088117599487305e-01	1.000000000000000000e+00	4.192382618839474162e-08	1.598331145942211151e-04	9.935857653617858887e-01	3.218155801296234131e-01	1.934349347720853984e-05	9.999717473983764648e-01	9.999892711639404297e-01	3.284765034914016724e-02
6.631001234054565430e-01	1.000000000000000000e+00	4.934080948260088917e-07	1.057581752538681030e-01	9.999157190322875977e-01	5.735670924186706543e-01	2.765969156826031394e-06	9.999409914016723633e-01	9.999325275421142578e-01	8.547380275558680296e-05
9.931173324584960938e-01	1.000000000000000000e+00	1.255376869124802397e-08	6.604017317295074463e-02	9.999994039535522461e-01	4.577398300170898438e-01	2.174700966861564666e-06	8.810853958129882812e-01	9.999277591705322266e-01	2.608463983051478863e-04
6.923281550407409668e-01	1.000000000000000000e+00	8.095736916402529459e-07	6.103243827819824219e-01	8.582035303115844727e-01	5.744450092315673828e-01	3.532871487550437450e-04	9.999531507492065430e-01	9.999986886978149414e-01	4.989706212654709816e-04
9.979077577590942383e-01	1.000000000000000000e+00	1.135374191107985098e-06	1.781250030035153031e-04	9.910194277763366699e-01	6.815169453620910645e-01	2.524019328120630234e-05	9.734686613082885742e-01	9.931199550628662109e-01	1.559038501000031829e-04
9.690309166908264160e-01	9.998856782913208008e-01	9.808347840589703992e-07	4.051197902299463749e-04	9.277132749557495117e-01	5.720287561416625977e-01	9.194538870360702276e-05	9.803563356399536133e-01	9.987342953681945801e-01	2.871816791594028473e-02
9.151111841201782227e-01	1.000000000000000000e+00	1.156574001015542308e-07	1.560497879981994629e-01	9.957778453826904297e-01	3.786827027797698975e-01	5.015875678509473801e-03	9.401339888572692871e-01	9.996906518936157227e-01	7.693099064454145264e-07
9.564884901046752930e-01	1.000000000000000000e+00	3.180861654072941747e-07	1.015458721667528152e-02	9.945053458213806152e-01	5.462717413902282715e-01	6.223189757292857394e-06	9.847379922866821289e-01	1.000000000000000000e+00	3.157342318445444107e-03
9.901604652404785156e-01	1.000000000000000000e+00	4.043450019253214123e-08	1.000311039388179779e-02	9.942880272865295410e-01	2.556065618991851807e-01	4.459691263036802411e-05	7.206241488456726074e-01	9.957861304283142090e-01	1.052958468790166080e-04
7.831371426582336426e-01	1.000000000000000000e+00	6.710668571940914262e-07	9.549102745950222015e-03	9.989058971405029297e-01	2.895817160606384277e-01	3.756380010599968955e-06	9.998155236244201660e-01	9.999903440475463867e-01	1.142490509664639831e-05
9.992985725402832031e-01	1.000000000000000000e+00	8.019839015105389990e-08	1.646193116903305054e-01	9.999725818634033203e-01	5.662906765937805176e-01	2.742977994785178453e-05	6.231686472892761230e-01	9.968228340148925781e-01	5.007892468711361289e-05
9.838391542434692383e-01	1.000000000000000000e+00	2.239215604049604735e-07	2.946349923149682581e-06	9.998763799667358398e-01	5.936780571937561035e-01	1.668106619945319835e-06	9.969738721847534180e-01	9.731920361518859863e-01	2.773441141471266747e-03
9.910956621170043945e-01	1.000000000000000000e+00	1.839707834960790933e-07	5.087580997496843338e-03	9.968590736389160156e-01	6.621210575103759766e-01	1.116828992962837219e-03	9.995111227035522461e-01	9.996209144592285156e-01	1.149164419621229172e-02
9.624882936477661133e-01	1.000000000000000000e+00	2.124388265656307340e-05	3.599839210510253906e-01	9.998728036880493164e-01	9.997050166130065918e-01	1.921694260090589523e-03	9.932312965393066406e-01	9.998663663864135742e-01	3.414890961721539497e-03
9.836425781250000000e-01	9.999982118606567383e-01	1.132807483372744173e-05	2.157433331012725830e-01	9.965502023696899414e-01	9.911062121391296387e-01	1.776483841240406036e-04	9.654307961463928223e-01	9.907208681106567383e-01	1.615153014427050948e-04
9.996864795684814453e-01	1.000000000000000000e+00	1.184376105811679736e-05	3.045588135719299316e-01	9.982779026031494141e-01	6.192551255226135254e-01	1.180256731458939612e-06	9.998168349266052246e-01	9.927973151206970215e-01	1.482643856434151530e-04
4.959070086479187012e-01	1.000000000000000000e+00	1.421455067429633345e-06	1.355734071694314480e-03	9.870539307594299316e-01	9.095148444175720215e-01	4.132453796046320349e-06	9.992930889129638672e-01	9.999359846115112305e-01	3.968423698097467422e-06
9.255942702293395996e-01	9.999976158142089844e-01	3.588784602470695972e-05	2.030535833910107613e-03	9.741851687431335449e-01	6.639170646667480469e-01	2.513218169042374939e-05	9.889194369316101074e-01	8.136858344078063965e-01	1.792436814866960049e-04
9.852064251899719238e-01	1.000000000000000000e+00	2.272849712880997686e-07	2.776380181312561035e-01	9.537439346313476562e-01	6.937655620276927948e-03	6.712013146170647815e-06	9.999486207962036133e-01	9.999595880508422852e-01	1.801817961677443236e-05
9.972432851791381836e-01	9.999994039535522461e-01	1.252539950655773282e-04	1.037945621646940708e-03	9.993078708648681641e-01	9.283097386360168457e-01	3.103072231169790030e-05	9.999492168426513672e-01	9.995575547218322754e-01	3.793288022279739380e-02
9.912132620811462402e-01	1.000000000000000000e+00	1.000759890303015709e-03	2.328045964241027832e-01	9.651332497596740723e-01	8.210204243659973145e-01	1.587181352078914642e-03	8.944144248962402344e-01	9.991325736045837402e-01	8.828332424163818359e-01
8.550866842269897461e-01	9.999998807907104492e-01	1.916918336064554751e-05	1.030343584716320038e-03	9.885370731353759766e-01	5.134727954864501953e-01	2.731756239882088266e-06	9.960930943489074707e-01	9.871216416358947754e-01	9.023765474557876587e-02
9.976052045822143555e-01	1.000000000000000000e+00	1.963308093877458305e-08	7.097015040926635265e-04	9.970393180847167969e-01	9.005226492881774902e-01	6.113053530043544015e-08	9.967616200447082520e-01	9.998512268066406250e-01	1.928796555148437619e-04
9.965105652809143066e-01	1.000000000000000000e+00	4.324895053287036717e-05	2.126337960362434387e-02	9.968225955963134766e-01	9.999279975891113281e-01	3.454963734839111567e-05	9.972742199897766113e-01	9.760962128639221191e-01	7.318481802940368652e-03
9.853471517562866211e-01	1.000000000000000000e+00	6.323360139504075050e-05	3.075148463249206543e-01	9.511014223098754883e-01	2.572597265243530273e-01	1.817524207581300288e-05	9.981626868247985840e-01	9.999541044235229492e-01	4.219445958733558655e-02
9.729605317115783691e-01	1.000000000000000000e+00	5.641381335408368614e-07	1.337637007236480713e-01	9.953155517578125000e-01	4.563814103603363037e-01	5.726060480810701847e-04	9.924468994140625000e-01	9.988667964935302734e-01	4.412139969645068049e-05
9.913478493690490723e-01	1.000000000000000000e+00	2.145616377902115346e-07	1.094365507015027106e-04	9.789140224456787109e-01	6.232536435127258301e-01	1.386588701279833913e-04	9.827277064323425293e-01	9.999889135360717773e-01	1.264337970496853814e-05
9.989008903503417969e-01	1.000000000000000000e+00	1.824706123443320394e-04	2.580727217718958855e-03	7.576247453689575195e-01	9.643807411193847656e-01	3.567222738638520241e-04	9.994219541549682617e-01	9.981738328933715820e-01	1.198157742619514465e-01
4.888886809349060059e-01	1.000000000000000000e+00	5.108563345856964588e-05	2.874766588211059570e-01	9.996479749679565430e-01	9.997078776359558105e-01	3.764054854400455952e-04	9.999963045120239258e-01	9.969760179519653320e-01	6.637876480817794800e-02
9.643775224685668945e-01	9.999997615814208984e-01	5.079032271169126034e-04	2.263893373310565948e-03	9.995204210281372070e-01	9.981625676155090332e-01	2.271412522532045841e-04	9.432278275489807129e-01	9.994924068450927734e-01	4.591515753418207169e-03
2.097866386175155640e-01	1.000000000000000000e+00	9.539779275655746460e-04	9.018271565437316895e-01	9.822524785995483398e-01	3.355261087417602539e-01	2.494039200246334076e-02	9.942693710327148438e-01	9.999353885650634766e-01	5.031650289311073720e-05
9.847036004066467285e-01	1.000000000000000000e+00	2.648509980645030737e-04	6.984939100220799446e-04	5.519585609436035156e-01	9.943274855613708496e-01	2.940698468592017889e-04	9.972533583641052246e-01	9.999767541885375977e-01	5.354139953851699829e-02
9.278459548950195312e-01	1.000000000000000000e+00	4.122850327803462278e-07	3.201627405360341072e-04	9.097361564636230469e-01	9.904320836067199707e-01	2.123873673554044217e-05	9.999927282333374023e-01	9.988988637924194336e-01	1.005235500633716583e-02
9.877695441246032715e-01	1.000000000000000000e+00	5.202951069804839790e-05	8.357288241386413574e-01	9.990431666374206543e-01	1.789916455745697021e-01	4.244277661200612783e-04	9.678198099136352539e-01	9.998475313186645508e-01	3.248468565288931131e-04
9.999549388885498047e-01	1.000000000000000000e+00	3.553184342308668420e-06	3.743320703506469727e-01	9.920937418937683105e-01	7.368645668029785156e-01	1.295529800700023770e-04	9.989488720893859863e-01	9.107785224914550781e-01	2.542404981795698404e-04
9.810042977333068848e-01	9.999997615814208984e-01	4.714688693638890982e-04	3.147792071104049683e-03	9.998716115951538086e-01	8.374701142311096191e-01	1.122959201893536374e-05	9.993506073951721191e-01	9.999783039093017578e-01	5.516120581887662411e-04
