369
4.240698337554932 11.803269386291504
5.3543477058410645 16.394392013549805
11.022992134094238 17.84109115600586
6.311915874481201 17.414091110229492
4.597835063934326 12.20863151550293
19.838390350341797 19.849035263061523
6.218470573425293 16.432260513305664
6.822830677032471 16.668107986450195
10.078697204589844 17.796707153320312
6.588965892791748 16.112506866455078
4.723781108856201 12.627337455749512
6.921561241149902 17.36467170715332
18.195222854614258 20.234176635742188
21.413188934326172 19.616857528686523
12.619820594787598 20.535011291503906
19.959396362304688 19.810237884521484
7.247314453125 17.446638107299805
10.39185905456543 17.334482192993164
6.812778472900391 18.023157119750977
12.608438491821289 3.4258415699005127
9.00562858581543 17.854883193969727
20.64898681640625 19.405784606933594
12.732819557189941 20.325475692749023
12.33647632598877 20.893911361694336
19.207008361816406 13.800130844116211
21.13623809814453 14.718279838562012
12.010289192199707 17.78792953491211
7.000283718109131 18.79741859436035
7.06309700012207 6.612184047698975
6.826280117034912 18.135892868041992
10.504369735717773 17.852380752563477
19.937252044677734 10.19933032989502
19.150981903076172 12.234262466430664
18.738187789916992 20.224300384521484
18.490373611450195 19.802309036254883
10.978941917419434 17.305330276489258
18.719688415527344 12.262103080749512
4.41746711730957 11.88522720336914
4.801854610443115 11.425037384033203
20.56349754333496 19.447368621826172
6.402912616729736 16.815593719482422
20.79145622253418 13.452741622924805
9.508926391601562 9.111054420471191
20.637779235839844 19.454254150390625
14.618560791015625 18.395919799804688
15.621452331542969 18.31381607055664
6.310761451721191 -6.092069625854492
20.085002899169922 12.003239631652832
7.321577072143555 -4.851428031921387
12.002555847167969 17.820919036865234
18.790966033935547 11.53650951385498
16.816505432128906 20.87974739074707
20.988454818725586 14.66411018371582
15.898488998413086 16.476512908935547
6.614441871643066 6.477940082550049
16.549856185913086 20.576641082763672
19.443241119384766 12.652323722839355
8.492005348205566 8.496857643127441
19.685047149658203 12.265252113342285
15.347770690917969 18.782466888427734
17.927963256835938 13.488301277160645
14.263550758361816 17.126075744628906
10.193262100219727 9.474191665649414
7.770759582519531 8.631011962890625
19.57308578491211 19.93709945678711
19.889892578125 12.760130882263184
15.073505401611328 17.851280212402344
18.573837280273438 10.038829803466797
9.100435256958008 4.284236907958984
19.233572006225586 13.57882308959961
9.030013084411621 5.163890838623047
16.90531349182129 20.879135131835938
19.599987030029297 11.586587905883789
8.415711402893066 17.807649612426758
14.860011100769043 18.2902774810791
14.63483715057373 17.603981018066406
13.949657440185547 17.92888069152832
14.377370834350586 17.825502395629883
16.458297729492188 7.3894572257995605
13.907979011535645 19.419870376586914
11.039419174194336 6.240087509155273
9.620007514953613 10.406478881835938
19.15915298461914 11.787154197692871
14.145126342773438 20.25225067138672
10.759855270385742 7.400699615478516
16.667043685913086 19.642126083374023
9.955635070800781 6.17917537689209
15.132848739624023 16.501625061035156
10.26638126373291 10.44008731842041
7.618316173553467 6.042994499206543
16.123985290527344 15.959356307983398
10.686738014221191 10.880420684814453
16.661558151245117 9.51434326171875
17.388355255126953 9.38315200805664
17.346174240112305 20.164443969726562
10.253053665161133 10.652392387390137
18.199520111083984 12.764647483825684
9.903377532958984 5.676747798919678
19.09010887145996 12.765410423278809
8.151825904846191 4.849715232849121
9.120847702026367 6.2480854988098145
7.5639872550964355 4.8396759033203125
10.50383186340332 4.8829803466796875
16.031885147094727 19.346132278442383
10.190702438354492 10.678532600402832
17.98564910888672 13.80984878540039
11.008594512939453 6.69109582901001
18.12797737121582 10.97118854522705
11.239691734313965 7.427119255065918
10.257938385009766 7.923494815826416
14.151972770690918 18.347536087036133
7.179223537445068 3.9751486778259277
4.847283363342285 13.32861042022705
18.08796501159668 11.840116500854492
16.120548248291016 8.622164726257324
3.388277530670166 10.979313850402832
14.481857299804688 8.535297393798828
15.029275894165039 17.317731857299805
9.273218154907227 5.54312801361084
17.57158851623535 11.85371208190918
17.681238174438477 9.909006118774414
7.3980607986450195 4.981186389923096
10.22657585144043 6.821873188018799
13.916219711303711 17.247318267822266
14.780485153198242 8.516949653625488
2.41050386428833 10.907920837402344
18.539920806884766 12.837754249572754
11.480445861816406 6.592236518859863
13.059335708618164 7.4696221351623535
12.955370903015137 6.812582015991211
16.317827224731445 16.033510208129883
15.908167839050293 7.981204032897949
8.714678764343262 5.5284223556518555
7.260616302490234 -5.180783271789551
17.48811912536621 13.256229400634766
8.87856388092041 6.586507797241211
13.032669067382812 7.210840225219727
3.365752696990967 10.21644115447998
6.129246711730957 -4.828713893890381
15.449493408203125 8.098275184631348
10.30305004119873 6.734396457672119
16.96732521057129 14.825057029724121
10.753450393676758 6.482795715332031
10.539421081542969 5.15376615524292
6.8602213859558105 -10.413285255432129
19.04413414001465 14.754663467407227
17.261075973510742 10.216646194458008
2.379727840423584 10.921143531799316
10.365266799926758 9.713004112243652
6.763426780700684 -10.321813583374023
12.291326522827148 6.779712200164795
-22.40150260925293 -11.173687934875488
10.278611183166504 8.701415061950684
-13.163887977600098 -0.49605870246887207
3.3663299083709717 10.133854866027832
3.6492691040039062 -11.46132755279541
-18.3016357421875 -2.613359212875366
1.603494644165039 10.588296890258789
6.143545627593994 -8.379271507263184
-19.099409103393555 -3.3955042362213135
1.6270045042037964 10.601818084716797
3.5606272220611572 -10.58829116821289
-14.541200637817383 -1.6299350261688232
7.188459873199463 1.656742811203003
-23.586261749267578 -9.875358581542969
-21.3107852935791 -14.79188060760498
6.84387731552124 0.7359679937362671
6.47739839553833 -10.02013874053955
-17.045150756835938 -12.187371253967285
2.935422897338867 -10.868042945861816
6.0738301277160645 -7.70225715637207
4.972104549407959 -7.168657302856445
-22.285654067993164 -11.555307388305664
6.151693344116211 0.3665049076080322
6.100643157958984 -7.581282615661621
-4.390650272369385 -15.292448997497559
-6.905374526977539 -6.093430042266846
5.622976303100586 -7.8380889892578125
5.448720932006836 -7.964102745056152
5.681369781494141 -7.368124485015869
5.791093349456787 -7.340845584869385
6.390450477600098 0.4626308083534241
3.3194618225097656 -10.817012786865234
-19.00836181640625 -3.7930610179901123
-12.922464370727539 -0.24890871345996857
5.499397277832031 -9.431326866149902
-10.542988777160645 -10.017125129699707
-14.738825798034668 -1.469668984413147
-20.503341674804688 -4.739245891571045
4.9233717918396 -7.666491985321045
-3.870377540588379 -14.305137634277344
-3.972437620162964 -13.471369743347168
0.48879098892211914 -5.963666915893555
-2.306304454803467 -13.660116195678711
-13.406145095825195 -0.8962159752845764
1.4713340997695923 -6.211517810821533
0.7929236888885498 -5.119478225708008
-4.825015544891357 -8.015159606933594
-16.468969345092773 -12.446869850158691
4.25641393661499 -8.265267372131348
-0.7224075794219971 -5.058158874511719
1.0384317636489868 -7.3037214279174805
-4.417430877685547 -14.526686668395996
-14.926532745361328 -2.40291690826416
-22.643850326538086 -11.302968978881836
0.48094749450683594 -7.605969429016113
-4.589129447937012 -12.79586124420166
0.6758514046669006 -7.1627197265625
-25.012176513671875 -8.49580192565918
0.9787131547927856 -6.1445512771606445
-3.6994996070861816 -14.708587646484375
3.5720605850219727 -8.147932052612305
0.6286942362785339 -6.428726673126221
-13.985956192016602 -13.244107246398926
-4.124629974365234 -6.085942268371582
-4.36312198638916 -13.603339195251465
-4.026302337646484 -14.371475219726562
-0.030213212594389915 -9.261605262756348
0.20091204345226288 -11.434956550598145
-3.5977041721343994 -5.815852165222168
-24.194673538208008 -9.07368278503418
-3.944162130355835 -5.416203498840332
-3.0995290279388428 -7.973410606384277
-19.7762393951416 -5.670571327209473
1.1127954721450806 -7.802491188049316
-11.645966529846191 -10.224587440490723
-5.619785308837891 -7.633983612060547
-19.34193992614746 -4.8084259033203125
-19.987098693847656 -5.981042385101318
-23.13969612121582 -11.871637344360352
-16.78590202331543 -2.694882869720459
-15.434385299682617 -2.1484591960906982
0.179115891456604 -11.4203519821167
1.3078495264053345 -6.108677864074707
-4.49306058883667 -13.948198318481445
-6.931463241577148 -3.3827993869781494
-17.604549407958984 -3.2898037433624268
-14.000327110290527 -2.021629571914673
-5.206415176391602 -9.520007133483887
-23.171106338500977 -9.817573547363281
-21.84473419189453 -12.849041938781738
-20.496545791625977 -10.151122093200684
-3.3902981281280518 -8.276389122009277
-24.305978775024414 -9.165733337402344
-4.3995232582092285 -1.010235071182251
-3.0999302864074707 -3.370856523513794
-11.756683349609375 -12.183124542236328
-6.069233417510986 -6.997091770172119
-5.241455554962158 -9.165033340454102
-18.76406478881836 -4.326266288757324
-24.31923484802246 -8.66128921508789
-14.355448722839355 -2.24418568611145
-5.659202575683594 -6.206841945648193
-13.34924030303955 -3.2095632553100586
-21.45872688293457 -10.449699401855469
-8.849538803100586 -9.38454532623291
-24.436532974243164 -8.108477592468262
-22.351016998291016 -8.776165962219238
-5.332726001739502 -7.214505672454834
-6.092671871185303 -7.322181224822998
-4.061341762542725 -3.7363815307617188
-12.474822998046875 -11.172303199768066
-4.59374475479126 -4.315891265869141
-6.858880043029785 -7.757741928100586
-0.4846430718898773 -10.732617378234863
-21.29598045349121 -10.707002639770508
-21.168560028076172 -14.264986991882324
-4.789531230926514 -11.842565536499023
-4.1447296142578125 -3.880005359649658
-14.494852066040039 -13.889273643493652
-23.24304962158203 -6.279525279998779
-5.046157360076904 -6.948415279388428
-20.293888092041016 -11.01577091217041
-4.324203014373779 -1.200229287147522
-21.138423919677734 -14.176664352416992
3.682295799255371 -8.314981460571289
-21.396238327026367 -11.593978881835938
-11.5684232711792 -4.229706764221191
-17.244068145751953 -11.3478364944458
-6.601993560791016 -6.548570156097412
-13.786938667297363 -3.5262744426727295
-9.783438682556152 -9.943000793457031
-4.365033149719238 -1.0788922309875488
-5.646846294403076 -7.6207404136657715
-10.981121063232422 -10.469888687133789
-17.224365234375 -9.286430358886719
-16.006532669067383 -7.629343032836914
-19.723243713378906 -10.68917465209961
-17.090463638305664 -8.214317321777344
-19.301103591918945 -10.029363632202148
-17.726232528686523 -10.908247947692871
-16.1263427734375 -3.654649496078491
-21.666555404663086 -11.062636375427246
-18.723127365112305 -11.167745590209961
-12.542859077453613 -12.489355087280273
-10.416768074035645 -4.741326808929443
-20.46205711364746 -10.872941017150879
-13.36267375946045 -5.754622459411621
-17.030031204223633 -11.653581619262695
-12.511868476867676 -11.993576049804688
-0.2588084638118744 -11.161314010620117
-11.867048263549805 -7.590897560119629
-13.5521821975708 -10.291399002075195
-10.21762752532959 -4.875084400177002
-11.071708679199219 -5.615504741668701
-16.490415573120117 -11.247245788574219
-11.29150676727295 -12.765207290649414
-9.442127227783203 -9.295208930969238
-9.656988143920898 -5.145613193511963
-8.503791809082031 -9.086465835571289
-16.493453979492188 -7.4573211669921875
-13.199374198913574 -11.837263107299805
-11.759576797485352 -13.860984802246094
-13.284214973449707 -2.9510066509246826
-14.321426391601562 -10.455671310424805
-15.274343490600586 -5.662544250488281
-11.617228507995605 -12.975238800048828
-15.52328872680664 -11.093326568603516
-7.367123126983643 -2.9841127395629883
-18.562894821166992 -11.594162940979004
-3.3984978199005127 -8.192253112792969
-9.755279541015625 -4.460745811462402
-13.511652946472168 -12.193260192871094
-18.953210830688477 -10.735986709594727
-12.873551368713379 -11.252118110656738
-14.27256965637207 -11.18915843963623
-8.968987464904785 -8.64809799194336
-5.540571212768555 -6.9373674392700195
-7.7386908531188965 -6.793121814727783
-6.495707035064697 -4.0663161277771
-19.255216598510742 -11.221124649047852
-15.700642585754395 -7.063049793243408
-12.951154708862305 -10.7412748336792
-19.704784393310547 -11.340217590332031
-12.025284767150879 -14.375277519226074
-17.715280532836914 -10.316960334777832
-16.42517852783203 -3.422930955886841
-11.7830228805542 -10.84799575805664
-14.437153816223145 -12.061727523803711
-18.292020797729492 -9.106657028198242
-14.951471328735352 -11.34300422668457
-22.250171661376953 -9.36687183380127
-20.418437957763672 -12.4656982421875
-23.201560974121094 -6.272753715515137
-13.864317893981934 -11.236827850341797
-12.353544235229492 -10.633787155151367
-10.874009132385254 -4.380945205688477
-9.499754905700684 -5.1916680335998535
-14.640242576599121 -6.558324337005615
-0.6433961391448975 -10.432672500610352
-10.64280891418457 -11.903374671936035
-20.287208557128906 -6.64374303817749
-6.340954780578613 -8.116844177246094
-4.667202949523926 -14.423221588134766
-15.341817855834961 -12.513981819152832
-7.10884428024292 -8.061883926391602
-5.954531669616699 -6.615797519683838
-19.410079956054688 -7.674318790435791
-17.282072067260742 -9.484946250915527
-13.328787803649902 -11.206345558166504
-0.01741521991789341 -6.099652290344238
-1.0233347415924072 -10.394571304321289
-5.249511241912842 -6.348702907562256
-17.671398162841797 -2.260632276535034
1.7231197357177734 -6.435202121734619
-4.39196252822876 -7.4268622398376465
-18.636228561401367 -3.9582080841064453
-13.451481819152832 -5.529990196228027
-8.171339988708496 -8.759414672851562
