1
7
7
3
7
7
1
7
7
1
7
7
7
1
1
1
1
7
7
7
7
1
1
1
3
3
3
3
1
7
7
1
3
3
1
1
1
3
7
7
1
7
3
7
1
1
1
2
3
2
1
3
1
1
3
7
1
3
7
3
1
3
2
7
7
1
3
1
3
7
3
7
1
3
1
7
1
7
1
7
1
7
7
3
1
7
1
7
3
7
7
1
7
3
3
1
7
3
7
1
7
7
7
7
1
7
3
7
3
7
7
1
7
7
3
7
2
7
1
7
3
3
7
7
1
7
2
3
7
7
7
1
7
7
2
3
7
7
2
2
7
7
3
7
7
2
3
3
2
7
2
7
6
7
4
2
2
4
2
2
6
5
2
6
2
6
6
2
2
6
2
0
2
6
2
0
2
0
4
4
4
4
2
2
4
2
2
4
4
4
4
2
2
4
2
2
2
2
0
6
4
5
2
5
4
0
0
2
0
6
2
5
0
2
2
2
2
5
2
2
5
6
5
0
6
0
4
5
4
6
5
4
4
2
2
5
5
4
4
0
6
6
0
5
6
0
5
4
5
5
4
6
4
5
0
6
0
0
6
5
5
5
5
5
5
2
6
0
5
5
4
5
5
0
5
6
4
6
0
0
5
0
0
5
5
0
0
0
4
6
6
0
4
6
0
0
0
0
6
0
6
2
0
6
5
0
0
0
0
5
0
6
0
6
6
6
0
0
6
5
0
5
5
0
6
0
0
0
5
5
5
6
6
0
0
6
6
4
4
0
6
4
6
6
0
0
6
5
5
6
6
0
6
0
0
0
6
5
4
4
0
5
5
0
6
5
5
4
0
5
