4.256874816892030111e+01	-1.501539074971892518e+01	1.321779903333650630e+01	-2.164924415047597694e+00	-2.735425798993043056e+00	1.032799910787305819e+00	3.969436549352403087e+00	-2.497029570957170819e+00	-2.948475571756701274e+00	-3.310761237857015704e+00
2.383228526217111920e+01	1.675916904961872334e+01	-1.000862687330448947e-01	3.360269478181852065e+01	-1.015851510590110784e+01	2.266020243721426652e+01	-5.626538370976913228e+00	3.415462383483963027e+00	-2.102632152608304494e+00	-6.797024607091262993e+00
3.492919165982065266e+01	2.197369408760441800e+01	1.003759614406371448e+01	7.750487934075686702e+00	1.197998366533118109e+01	7.565132064106050436e-01	4.875540290090867729e-02	-2.838818983831659981e+00	1.121363919890372429e+01	8.703695328311571444e-01
3.706882340311513246e+01	-1.722370884616183417e+01	6.980791419796311459e+00	7.106760288052030639e+00	-4.181857369545885494e-01	-4.655901507181994248e+00	-1.170011059003741316e+01	2.551171057355794858e+00	4.070971138218402174e+00	3.176860750870912131e+00
3.578762913541921620e+01	1.761865322114735477e+01	9.233597952209951387e+00	-3.453946607782949485e-01	1.307573503528785608e+01	-1.321574243701381546e+00	6.622147516588368532e+00	-5.351155463808131563e-01	2.361504376919973114e-01	-5.366928782685633781e-01
2.788077850150827786e+01	2.097041287756339045e+01	-7.674444857952071597e-02	3.061658108529450573e+01	1.773872785095641502e+00	1.457173744589505660e+01	-1.608839192307264521e-01	7.404759594914580578e-01	-1.142445440269842827e+01	-2.245397991748484312e+00
3.328974747357614206e+01	-2.032254374125498941e+01	1.529374822161369885e+01	-4.524546030904175176e-01	-8.211085111712780105e+00	3.855086403227844905e+00	5.804847303076729581e+00	-4.969768674623333382e+00	-1.224061349850143809e+00	2.752456601448612261e+00
3.285094620317298819e+01	1.882945292494106226e+01	8.136208589550408377e+00	3.513357137282350884e+00	5.562420448932292594e+00	-5.192814456640977294e-01	1.394684492541431009e+00	-8.287156602754158996e+00	4.963273667713935744e+00	-5.176908891764796516e-01
3.332228297522496518e+01	1.665007264487762129e+01	9.536403479221657875e+00	-1.903080454632991581e+00	1.085638924795251903e+01	-7.003548419014663518e-01	6.581020547208268567e+00	-3.315915440480023513e+00	1.354792111975019198e-01	-4.043933513792805634e-01
3.460394186916275316e+01	-3.755952261406656945e+00	8.603737239250207836e+00	7.758317181249680949e-01	7.260696506737306599e+00	-3.013645247948523398e+00	1.565419366216448838e+00	6.331469592971942006e+00	-4.914617881683296829e+00	-1.798464232571295174e+00
3.180662096598450717e+01	1.825747982170588202e+01	6.340384872405199879e+00	-1.438627344664070051e+00	1.208161081920006019e+01	-1.174393337985622177e+00	3.838716600194546746e+00	-2.831501204535773475e+00	-1.246181148084152701e+00	6.495843238734900771e-01
2.740401670218924934e+01	1.750857892116306758e+01	5.353089949107549650e+00	6.888638747791616446e+00	-4.666306792269192538e-01	2.453329877029403416e+00	-5.563035741497779796e+00	-5.632676958179474447e+00	1.375380596216408868e+01	1.667301524551126346e-02
3.453486686594981592e+01	1.444630424682556757e+01	1.143144518917951835e+01	-2.049291340874936473e+00	1.077831103694987291e+01	-1.985814083002129138e+00	7.139693208184169748e+00	-3.923624829766815481e+00	-3.541624229395249124e+00	-1.873070100192767873e+00
2.956945609048235823e+01	-1.495067095262606749e+01	2.161516902745052704e+00	-2.066501767289009361e+00	-3.604590843663639799e+00	4.648778563527173446e+00	5.366698677328705092e-01	9.442381041684926757e+00	3.677771765998403719e+00	-1.678336860880431436e+00
2.938727491431973249e+01	-7.748415969809084203e+00	7.353814172284653949e+00	4.556461305946077900e+00	-5.016820328562932030e-01	-1.492554330380518213e+00	-1.734652303912437299e+00	4.460224429105869248e+00	4.600485352757112345e+00	1.153589430625400869e+00
3.395755161701610092e+01	-4.982400441880734832e+00	6.402738106873876234e+00	5.955888136070944805e-01	9.562699612067167010e+00	1.143797052503222611e+00	4.306358505391412628e+00	1.634518255955219956e+01	-3.596153023230733936e+00	-1.074952994838273890e+00
3.039368225793321443e+01	-1.769594936409736619e+01	1.393995113208076475e+01	1.227532399087588155e+00	-3.708275976109709937e+00	7.186379396217871474e+00	4.471156116645204293e+00	8.229653191267605195e+00	9.622577029850809538e+00	3.941428696658423991e+00
3.045130506549879357e+01	1.103102826923622892e+01	1.074205406279629216e+01	-6.602269349290489087e-02	9.375708912735968070e+00	-3.058619790344321299e+00	-2.082230012633419225e-01	1.633752463243937525e+00	-2.825097771265735247e+00	-1.528390843563148138e+00
3.145938468202453819e+01	7.566487998188627273e+00	9.046736074209336564e+00	-3.107447846642314992e+00	8.490531785184280977e-01	-2.697296162098561378e+00	-1.985707725534207935e+00	-2.761852767791019403e+00	-8.503539960539099329e-01	-4.834438287157454717e+00
2.974958618474112981e+01	1.011788122058930917e+01	1.010930413570028996e+01	5.491034888456159946e-01	8.699737481104843795e+00	-2.966281926242606115e+00	-1.529151333818160215e-02	1.460837997410625033e-01	-7.216509210186552448e-01	-3.175761496822527175e+00
2.869631346343449607e+01	1.404648460194816195e+01	3.119237297724874125e+00	-3.129679308002709881e+00	1.248186746534539981e+00	-1.230944763536223896e-01	5.115094593074626106e-01	-1.459179798318547938e+00	4.908203594986964013e+00	-2.430958165269190729e+00
3.072701039440824999e+01	1.764097894145097989e+00	6.404519770217977914e+00	-3.287798991916477842e+00	5.698603347539243913e+00	4.302313440494539343e+00	5.074488528883403404e+00	1.236319387692951821e+01	3.852827581940211132e+00	-5.717140583379286961e-02
1.740793810202332992e+01	-2.038486873722167658e+01	2.174589547400836409e+01	-1.828950240917655012e-01	-9.075870921265964952e+00	4.496934767341634220e+00	6.349210125387838133e+00	-2.380246778084454284e+00	4.148529952527844622e-01	7.786534645133914800e+00
2.781299976942774421e+01	-2.783549611316058492e+00	2.185729412599950905e+00	2.620675089271736979e+00	-7.729806349177343883e-01	-3.854745482401441325e+00	-9.258775536605236667e+00	8.003593622296424570e+00	1.372128466294741278e+00	-1.373760828144073853e+00
2.124487683621412160e+01	-2.393849117138038718e+00	-7.178083104042784157e+00	5.169501176407082177e+00	1.099444942381288470e+01	-1.685749850265322536e+00	5.391939149882163385e+00	-6.550786248440235715e-01	-5.411134056517768798e+00	1.899240029511999239e+01
2.415078680630503882e+01	-1.884545704923004905e+01	-3.226394419299023486e-01	7.832023386220801520e+00	1.894832680434152872e+00	-6.807341654358664229e+00	-7.845162883239882312e+00	-1.456762490705252322e+00	4.229476693396034270e-01	4.383549889480384820e+00
2.966360939251998374e+01	-1.714888286630870695e+01	1.391218880271527736e+00	1.260442993897914254e+00	-6.493106794112817326e-01	-3.877053497593863085e-01	-9.610354141515083937e-01	-5.502388067962701301e-01	-1.178776344191412750e+00	-8.001103441362030777e-01
2.553479513300257508e+01	-1.330608219184566465e+01	-2.307327851704874977e+00	4.477481372649970481e+00	5.191896156177024935e-01	-5.020820066201714837e+00	-6.923695238761571780e+00	-9.245220542180221379e-01	-6.583265703225816834e-01	1.396258580598683796e+00
2.909054991863550299e+01	-5.643748766995667410e+00	-1.435443816125566041e+00	2.835025603610892730e+00	1.234006289372092802e+01	-4.993380861165835904e-01	5.007871474081080798e+00	2.552126684708975635e+00	-4.917645455573866009e+00	1.470454889477214255e+00
2.597762975136151553e+01	1.763448813892864919e+01	1.462732909594991471e+00	-2.535310322012109818e+00	4.778913663162717818e+00	-5.079637861460701842e-01	3.433339817520979054e+00	-4.623808640914525370e+00	2.726119104875243337e+00	-4.913504219547767393e-01
2.822571081827246076e+01	1.055760328248333302e+01	4.030227620381665155e+00	-1.481537523800485978e+00	8.859011852177074431e+00	-3.124777060747464752e+00	1.113412856006977147e+00	-2.260795859193448720e+00	-6.347500636523535356e+00	-3.560684633337857785e-01
2.470935799785108955e+01	3.449542568409045273e+00	3.442163847444626446e-01	2.321873827482612729e+00	6.442400160027027312e+00	-6.382050754675039350e+00	-3.404724949948894075e+00	2.531206855740137929e+00	-1.081030932736123340e+01	5.206072528959053702e-01
1.993353869980915150e+01	-1.493752084902402899e+01	-1.174703827504198017e+01	3.555165562583278316e+00	6.375873448503517338e+00	1.391789888804699338e+00	2.352477665694733489e+00	-4.481088575958943387e+00	3.086097675048116162e+00	-1.390935754918390499e+00
2.446212668694079895e+01	-1.332081743536142682e+01	-1.036740227713637985e+01	1.243691191285108744e+00	3.101513837009289176e+00	3.321843224105435421e+00	3.399731323361914637e+00	-2.784462754326300971e+00	2.119224068740459543e+00	-1.208480083075251343e+00
3.180079333427620369e+01	-4.431183316509248016e+00	1.423241364144171150e+01	-6.483121988080961628e+00	-5.591552596988739410e+00	1.356632141146656645e+00	5.478466152442030612e+00	-5.568739761769091245e+00	-4.644657466273921287e+00	-3.984754612624151537e+00
2.711622586394814149e+01	-1.625199899422648997e+01	1.390177515863955726e+01	-5.238555215088556150e-01	-6.144228587866614077e+00	1.016708959494046161e+00	4.802876841802727892e-01	-4.220697970719463399e+00	-1.415979736289331825e+00	-1.180864409930235392e-01
2.580581138423327303e+01	2.352764812198029354e+00	1.248695070822144793e+01	-2.162951707735507600e+00	-3.983603528764287027e+00	-1.940019981933525095e+00	-3.154593948886622368e+00	-3.492864656885055208e+00	1.915960831311787071e+00	-4.791006646042072603e+00
2.135800319709299089e+01	-1.397010635109087318e+01	-1.100779352477341178e+01	2.667278230395203398e+00	4.323977159250832258e+00	9.061169350960909252e-01	9.096842994272332783e-01	-3.809640383937024311e+00	7.515232409721034346e-01	-1.086044433225793693e+00
2.400899181465547727e+01	1.411538322332519968e+01	4.534131982135328087e+00	8.401043943317198170e+00	-3.345570723088705289e+00	-3.654161843331247717e+00	-1.122422354784479825e+00	-3.328818823666521265e+00	1.042738688191202812e+01	4.455293534905090391e-01
2.605092919672152263e+01	1.684068834161595163e+01	1.840814031370701320e+00	-1.736545389668674222e+00	3.067001282440795951e+00	-4.353716345912060914e-01	-3.436745343625469129e-01	-2.079863405206435978e+00	3.167807027100308481e+00	-1.229209623797281603e+00
2.118707974688237172e+01	-1.550662019320484397e+01	2.070909975831643024e+01	-4.448183519049013768e+00	-1.105714099703199338e+01	3.541996324667297635e+00	5.922012313612356138e+00	-4.567422033636131751e+00	-2.476916013498465574e+00	2.744599038290442383e+00
2.434450562601495704e+01	1.510213938019735558e+01	-5.524749530092812333e-02	-8.809527727853142531e-01	6.281676773816871062e+00	-2.077382413811887929e+00	-7.593891640511483132e-01	1.424988070161617770e+00	-1.773938752408360742e+00	2.539483779396521923e-01
2.143163088569672325e+01	-1.318674734400293325e+01	-3.061213674794131201e+00	2.669102001882577291e+00	6.232326667950690569e-01	-3.604886180327478762e+00	-6.165221851153862787e+00	-5.923554550530375495e-01	-5.707754470209830400e-01	1.098315923941731276e+00
2.354898902294629792e+01	1.321936456323219744e+01	1.474183143054993428e+00	-7.829684250688867531e-01	-1.104744799860189586e+00	-1.726859196334186608e+00	-4.220452132189001837e+00	-2.504423991620865930e+00	4.746934104960849332e+00	-6.462923042202237678e-01
1.608624384425509035e+01	-1.826549512598569081e+01	1.853161861737737226e+01	-1.460881683573340029e+00	-1.016795049697121200e+01	4.393158607918933534e+00	6.687007391667969536e+00	-1.740770875744467538e+00	-4.614310372683497752e-01	5.341186877638961938e+00
2.306612528539746876e+01	-6.550863421957446864e-01	-7.676158872082226026e-01	-4.112088723819399050e+00	-1.192530000498822407e+00	-7.691666870405298173e-01	6.441548090267562587e-01	-3.442534188905485015e-01	-5.372574397096569143e+00	-8.054987429159401469e-01
2.080651133709033829e+01	-7.691915446148700042e+00	-6.107896931698301168e-01	-4.399521577105717784e-01	-1.239965610709994337e+00	-1.278284345689547408e+00	-3.203843220207584608e+00	8.240483097098849186e+00	-4.626573187677682220e-01	-2.717979226833330930e+00
7.722808384594833875e+00	4.869407330794674138e+00	-3.661567032743152428e+00	1.539368572639668997e+01	-9.795108916592814907e+00	-1.838401188338056613e+01	1.428814926570834132e+01	3.545996639634968250e+00	5.516650946968083780e+00	-2.524790405449230501e+00
1.710771506523409258e+01	-1.406026827713306027e+01	-1.192967890046846513e+01	3.107471247563980299e+00	6.195088305986867994e+00	1.334243702328137049e+00	2.297221554554857548e+00	-5.288292915023958152e+00	3.527379899748797620e-01	-2.710250657914046624e+00
9.575795267628336660e+00	4.289981603654132059e+00	-5.069411477779803832e+00	1.573058898600286959e+01	-1.276409576538371660e+01	-1.989069496180917085e+01	1.522514164955111582e+01	3.016364853717303340e+00	4.133952464715505926e+00	-2.438823803513351152e+00
2.260514481018830324e+01	-2.500544115118419786e+00	6.267125468397055421e+00	-4.448492924629570688e-01	-2.746152933649756100e+00	-3.067655281050973848e+00	-6.664553360178781638e+00	-2.852028161354565050e-01	1.027317937842178841e+00	-2.783512104513414354e+00
2.224715807822565239e+01	-1.127763096283540989e+01	-1.102623772589595319e+01	1.002686693462900624e+00	1.620046279730670946e+00	3.455431798252724729e+00	4.171070168516742172e+00	-3.648713222907510101e+00	1.840446907946897248e+00	-2.574094627477227171e+00
2.417709310886388607e+01	-4.266067957529781296e+00	-3.604727491119670280e-01	-5.812377038636000748e+00	-2.119895445671701406e+00	5.066670421453568496e-01	3.055311403626697953e+00	-1.482851501091252855e+00	-5.376887513624136083e+00	-4.562195315305712207e+00
2.010678192983526458e+01	-1.299673456847698461e+01	8.377873846177291028e+00	2.341357272233766995e+00	-2.672457328421999456e+00	-4.932147672426621665e-01	-8.529860996025508513e+00	8.333590657616045672e-01	4.722809063063382773e+00	1.482662218211239225e+00
1.697548211704371823e+01	-9.798041506732374728e+00	-3.779122461066899863e+00	3.244509874459382992e+00	2.123320724472080645e+00	-6.691436589715449301e+00	-8.342137721878762235e+00	-1.037174461736226183e+00	-1.837953106173964013e+00	1.098841950519005906e+00
2.051716637347909256e+01	1.253431692072203596e+01	-3.826177837657282588e+00	-4.607988977020944787e+00	2.328856274083105582e+00	-1.017900681049957790e+00	3.855528685564054703e-01	-1.034132712654751263e+00	8.008853922269177916e-01	2.490464221343226647e+00
2.271818575623246872e+01	1.369610058769909600e+00	-5.203272288665753420e-01	-6.348473492254754547e+00	-2.091223068826008280e+00	3.966166264191581074e-03	7.990693229551324439e-01	-1.493047202877118895e+00	-3.928716134506160973e+00	-2.784604008591156088e+00
1.577552042707233682e+01	-1.375600810999753243e+01	-1.232555568218259268e+01	2.011793144458116966e+00	4.836018975640732798e+00	1.759675952788286368e+00	3.411112774026127781e+00	-3.773771979532591914e+00	1.311765148223523747e+00	-1.972190001869198017e+00
2.184365949362452852e+01	8.966038389980965917e+00	-3.099699556674378798e+00	-6.552944592972470339e+00	-2.381152085867826340e+00	1.075645762129556759e+00	4.374966414632810996e-01	-8.093157825416639195e-01	1.607281793682574789e-01	2.809566637982852111e+00
1.571842929184846405e+01	-1.490558467973754908e+01	-9.556359830028634761e+00	2.311061203206509429e+00	5.010055265506910160e+00	9.066506920404066028e-01	2.496803771351663315e+00	-3.072422699968571091e+00	2.024011382084082378e+00	-2.367368509663111631e+00
1.989718193396132762e+01	-2.912845921073415223e+00	-1.834006352633299697e+00	-2.285508388927154577e+00	-6.381495665342495904e-01	-1.399014342659816723e+00	3.960040536352160134e-01	-6.463873404211036844e-01	-4.887133268343510473e+00	-2.846916498362298764e+00
1.536996564546336863e+01	-1.425429912246498354e+01	-1.366454538318158107e+00	7.276802717574505586e+00	1.891631150287185426e+00	-8.169207848546086836e+00	-1.023725573811061906e+01	-1.511219187137376130e+00	4.777038474173568861e-01	3.848696258549718863e+00
3.577719505559470825e+00	-1.033991503944418300e+00	1.214859776025738025e+00	3.775336340103387922e+00	7.820364221510840430e+00	-5.474755556291184266e-01	3.727032926654963774e+00	6.187560954271407176e-01	-2.820289991323864154e+00	1.881100366876203722e+01
1.796711625013073999e+01	6.054882048319227827e+00	-5.054992994175958820e+00	-5.176415809187298045e+00	-2.924810919388535435e+00	2.521790373090637694e+00	4.092744454930349884e-01	8.476384569960476512e+00	2.526202388712977420e+00	3.234022134195723153e-01
2.079499562318869366e+01	6.120801772174842448e+00	-7.193306724109423733e+00	-5.140479724801189754e+00	2.514994740585410060e-01	4.764776113908297361e+00	4.201215468661215979e+00	1.953145702239925230e+00	3.517111871794471600e+00	4.129431206275715027e+00
1.726909240690883252e+01	-1.424686602787639700e+01	1.607999828523602304e+01	-2.976321780440995823e+00	-8.161427182438020012e+00	2.770820920483938465e+00	4.016643566246989927e+00	-3.841497640096447785e+00	-3.022400452678761340e+00	2.317576785913297410e+00
1.666091224905998658e+01	-1.199886802330593127e+01	-8.457920887316328518e+00	2.484290215821170378e+00	1.807649366650291300e+00	1.173867581547592076e+00	1.936551106038684411e+00	-2.955238895196807825e+00	9.940051087986216949e-01	-1.411903742250240956e+00
1.947609473192609642e+01	-2.054155516305937734e+00	-1.892424814510714981e+00	-2.144331691851446120e+00	-1.582447664420316036e+00	-2.643139247800218694e+00	-4.988997129397101382e+00	2.082957883849901215e+00	-2.308010102799432917e-01	-3.002661948859136842e+00
1.793007338782450333e+01	-9.249068131093000744e+00	-9.998621972027253335e+00	-1.204131716561044341e+00	1.809244586983689951e+00	3.148152982025111957e+00	3.147533376591038046e+00	-1.190344379592978452e+00	1.395378992305698063e+00	-1.664012209894145000e+00
1.952692101577441974e+01	9.360233018338190547e+00	2.632607378241031970e+00	-3.460769382539776284e+00	-1.048273038132161217e+00	-2.224388381766412959e+00	-3.522233816164789921e+00	-2.111790159790770893e+00	1.860390077825115229e+00	-1.847548379607422797e+00
1.438214220286621270e+01	-1.448718614839389929e+01	-1.057038193492656397e+01	2.448310923189011223e+00	4.852631144504197636e+00	1.901951190008382142e-01	1.745968562572268956e+00	-3.551322847359667634e+00	4.412887598867633598e-01	-3.020889331849228032e+00
1.736434041264427819e+01	1.113444237368194756e+01	-4.408603529930676501e+00	-3.733850974510209753e+00	-3.821649518975554383e+00	-1.351863083472563121e+00	-2.983919474147792794e+00	-7.049683452451793730e-01	2.129352983174291225e+00	4.169092821697972795e-01
1.927246944151114860e+01	-5.776974885182270647e+00	4.397934003307159223e+00	-3.761236505766671900e+00	-3.882545393687037549e+00	6.318596935233332379e-02	1.317068950337662248e+00	-7.966812101365239318e-01	-5.275196871191247361e+00	-2.444838104845193705e+00
1.585828821166584213e+01	-1.440316666117800182e+01	-1.026234803415001373e+01	1.476815307187347548e+00	4.042334188592507260e+00	1.326944485659629747e+00	2.313142821584643904e+00	-2.714134329034493032e+00	2.480977233948315153e+00	-2.142092886581469902e+00
2.544642929680864540e+01	-1.262481333254452220e+00	1.079104623247925110e+00	3.100320963877938318e+00	1.209980749380483545e+01	-4.409832861435071250e-01	2.304962459642671213e+00	1.459672631786141039e+01	-3.447521296765082788e+00	8.943932596151012993e-01
1.728045279549350255e+01	-7.681841697753717391e-01	-6.116476225301813230e+00	-6.005091030336061841e+00	-5.741266722179692028e-01	4.518647548956693960e+00	1.550551848243058695e+00	7.553170912081866639e+00	3.455847115639933076e+00	-2.400745939406330631e+00
1.686194606863465850e+01	-7.765287002685632878e+00	1.367999246036296190e+00	2.419494951751266942e+00	-2.235273561476016635e-01	-3.499663918802744078e+00	-7.352446775563057813e+00	1.941427931608503243e+00	1.391486543914484342e+00	-8.903643061161109484e-01
1.035367490361702458e+01	3.734885663169542180e+00	-2.725354317857526354e+00	2.388767470439087326e+00	5.387252570484933611e-02	-1.489762695762989253e+00	-1.126969705392623533e+00	6.765352680771912652e+00	-3.430186676912768018e+00	1.997056735103086789e+00
1.511913097981093124e+01	-4.539444969346298819e+00	6.302098562281132077e-01	-3.914424283116329506e-01	-6.044695406076527888e-01	-4.081912321967141821e+00	-5.577624994558296301e+00	-1.948144041267151128e+00	-1.983253105336622468e+00	-5.305141352538526034e-01
1.540921603789826655e+01	6.854322761792928986e+00	-6.633021830806019814e+00	-6.730295131497866734e+00	-4.271563484253675824e+00	1.548150132728270401e-01	-7.433216749064099071e-02	3.583151750724482970e-02	-2.211179349570205677e+00	2.607930337059281456e+00
2.160530897257743277e+01	2.270358919762632821e-01	1.320830317726533032e+00	-1.186084503880793672e+00	-7.715186154597477586e-01	-4.947613436541066001e+00	-6.182877225562910972e+00	2.466071555266193815e+00	-2.889095425101941839e+00	-2.560079246274439946e+00
1.858492423755229339e+01	1.099640561094871316e+01	-1.539044869030613549e+00	-2.579627249272807621e+00	-4.020326089103079426e+00	-2.678545498070811770e-01	-4.297932702666599880e+00	-2.203047155267705559e+00	3.831400147608535978e+00	-2.009591530316440777e-01
1.729006442762301177e+01	9.779695896526808596e+00	-8.831693180095047113e-01	-5.828368744905483290e+00	-2.256069603756961861e+00	3.797713282049966832e+00	1.913790487099005455e+00	6.039150141369503899e+00	4.573753951926186723e+00	5.049278478890145694e-01
1.152484896353798227e+01	-1.374782293234201802e+01	-9.676967591946304736e+00	1.847550456349359660e+00	4.332813014798228224e+00	1.345653835017060151e+00	2.510583075922537599e+00	-2.907825017949122071e+00	2.459196848058546880e+00	-1.023110656799208318e+00
1.918816664034311614e+01	2.385236526808445667e+00	6.033084800685566407e+00	-3.276857196082946899e+00	-2.330269209094728122e+00	-4.570455955986206797e-01	-4.931268871792391373e+00	-2.767224043483098139e+00	3.188323668812782063e+00	-2.351532020095479680e+00
1.833411374214470158e+01	4.001521431175586230e+00	-4.886611830007627333e+00	-3.829094745631328678e+00	-4.301087096940610643e-01	2.873947316597012858e+00	1.330066735440585068e+00	9.490213719053198105e+00	6.091199209970332706e-01	2.054508768214124703e-01
2.222393766910538915e+01	-2.552754914253922536e+00	7.110835962848928382e+00	-7.297814828463113024e+00	-4.945136525617625622e+00	1.418061594454097518e-01	2.520190536254749869e+00	-4.576880963068867381e+00	-5.749215096459439955e+00	-4.891379978083564950e+00
1.652527406173247471e+01	1.161454608489012230e+01	-3.490232435632302455e+00	-1.454171235896607906e+00	-5.071512066464658908e+00	-1.106402339354416897e+00	-5.334513228080163039e+00	-2.501382526465098177e+00	5.323685658270029819e-01	1.090496396519446742e+00
1.417219937739486113e+01	-7.712270287631485921e+00	-2.644175094887730282e+00	3.359865629704733347e+00	7.911920903858348231e-01	-6.204664872777190254e+00	-7.532637862743746027e+00	-7.884904460971814411e-01	-1.569143018310943161e+00	2.054068567672317602e+00
1.524722566078393804e+01	4.407688422885293278e+00	-6.175320131371187848e+00	-6.105182740359175853e+00	-4.203202044257523085e+00	4.363765422825843565e+00	6.851865057603263587e-01	8.274776858493286369e+00	3.288031877909207257e+00	2.051181761993287278e+00
1.553116700519585791e+01	1.077975626216036353e+01	-4.320702705777689445e+00	-2.687818381070631535e+00	-2.313790032228801419e+00	-9.255180533184922398e-01	-3.121848003374254610e+00	-4.240279668141193170e+00	2.310911972249978241e-01	2.187673638135799958e+00
1.572936832309551924e+01	-1.003292867438211644e+01	-4.933724254732791414e-01	-2.412398075126484631e+00	-5.884516021344751158e-01	8.037634844001201317e-02	7.624915462213645023e-01	2.869074918568322308e-01	-3.850069736508461293e+00	-1.977389133131509213e+00
1.717662263326159433e+01	1.135419422472046636e+00	-4.448583502647750265e+00	-6.882337084352877277e+00	-3.011007101430556610e+00	4.563750876651914368e+00	1.966970444910482341e+00	7.821670303124444779e+00	2.753680025202999815e+00	-1.072429034207564635e+00
1.434383041280068305e+01	-8.241190822984650666e+00	-9.088198554906840698e+00	-9.035424308407851157e-01	2.776874935788563037e-01	3.029799222634370182e+00	3.430953437261033301e+00	-1.692719071152793520e+00	-1.210757296751379351e-02	-1.484402540088271660e+00
1.583652351513959289e+01	-3.824324363623680778e+00	-1.087326716117390646e+01	-2.240581690368082413e+00	-2.171217283574680690e-01	3.803763642827065805e+00	3.188503246645756128e+00	-1.477880917521891213e+00	4.819376039132884648e-02	-9.249809261583354925e-01
1.334215393350176271e+01	-1.467888798215857626e+01	3.541973706808561939e+00	-2.133342777885157471e+00	-2.904979821106223881e+00	1.901720872666189388e+00	3.766912828494178855e-01	-1.327211893013779731e+00	-1.054882124366745888e+00	-1.988920753623329762e+00
1.456695362921625581e+01	2.563653341608170599e+00	-6.607647480152070152e+00	-5.919782339289975326e+00	-2.626996717954738880e+00	4.686911737620645724e+00	1.568448200081023147e+00	8.178641787658314399e+00	4.494607052647208612e+00	8.708129964960715785e-01
1.574726193128438112e+01	-1.552964356695029480e+01	-8.112457980146107417e+00	3.129450153255702194e+00	3.559039513557079371e+00	1.823650351639670708e+00	2.617161563200453678e+00	-1.768588516523971643e+00	2.794604336973068648e+00	-1.585720889330455963e+00
1.492989553688984650e+01	8.715934514931143795e+00	-3.388186211179206264e+00	-5.125557478645755616e+00	-4.263481132946895791e+00	-1.362796828340744337e+00	-2.439342203890970229e+00	-7.808058730693805405e-01	-9.720743598633663218e-01	-1.154157178771681114e+00
1.534305564436324687e+01	-1.043324410705332994e+01	1.323661383617932730e+00	1.539164820883218043e+00	-1.292220961061601336e+00	-3.191829264449403958e+00	-7.094887879592779001e+00	9.939042642356653579e-01	7.851750330399910327e-01	2.950692621622305958e-02
1.343425636868392559e+01	9.719432575711790534e+00	-6.191072256567114351e+00	-3.670686472275900059e+00	-4.857722067352496786e+00	-5.630111682308631682e-01	-1.777818662458770627e+00	-3.016070820168201383e+00	-3.835140924790285122e-01	2.669771155873083668e+00
1.419491449950355388e+01	1.171884073098090795e+01	-4.622517631753669143e+00	-2.665570804126025983e+00	-4.234426687650461929e+00	-1.531683594989443176e+00	-3.140467768653193659e+00	-4.684354924116014840e-01	-7.581227928871812072e-01	7.524037694502092588e-01
1.301200412365137815e+01	9.678020930952321521e+00	-3.522686824364127833e+00	-2.566472025186232298e+00	-3.631491171554929842e+00	-7.482690629755263112e-01	-4.515282820122344276e+00	-8.484804735073928628e-01	2.849421197632094227e+00	9.903800174576066206e-01
1.382365236895737759e+01	5.511133901053907991e+00	-4.959103521614190768e+00	-4.556174152048059867e+00	-3.661605224606836906e+00	-1.088303204507858446e+00	-1.465120023424454909e-01	-4.242599995477296382e+00	-3.263365145158408254e+00	-5.194326830721833765e-01
2.158671896231206944e+01	-2.643398422903701084e-01	6.145451430841538887e+00	-5.958804205439554913e+00	-2.539516295297164827e+00	-3.715175235052765035e-01	2.031947752739234669e+00	-3.987589071978894673e+00	-3.939680083226511531e+00	-4.392214813788857697e+00
1.392431558523458435e+01	4.378002397565441406e+00	-5.445226407951625269e+00	-6.315926891930329745e+00	-2.754387093890275917e+00	2.523997545502884243e+00	-1.496901000963386796e-01	8.272932298338609769e+00	1.360358783167320729e+00	6.229186012662749627e-01
1.486470022872000207e+01	-8.949081700106837900e+00	-6.948113340387997106e+00	1.843514017470531785e+00	2.109150737535316456e+00	-5.046238075207626572e+00	-5.749493674756023687e+00	2.666239575348695379e+00	-4.337932468734027047e+00	-1.626543605389734859e+00
1.534093326546382308e+01	8.963745651553583826e+00	-4.591071771827333947e+00	-5.269345876924065308e+00	-2.146383339638588517e+00	-1.042076675894713089e+00	-6.627929458520571970e-02	-1.569943728057840771e+00	-2.525668498807456697e+00	5.564293311334655989e-01
1.635183063219288258e+01	-8.986199364907312415e+00	-1.063204714479128299e+01	-1.422120141196797194e+00	1.038798520981195628e+00	3.906006323248645273e+00	4.246697607316099798e+00	-2.249186833516724882e+00	9.511694274636726121e-01	-2.708530743693450926e+00
1.360901088236205858e+01	8.067180497316769561e+00	-5.473386834146308111e+00	-5.649815817129278273e+00	-4.532994700305433611e+00	2.308139588661252753e-02	-8.448395303957835223e-01	-2.500674166789596420e+00	7.666937421241152295e-01	2.187210400241453190e+00
1.390961265267188196e+01	7.880964410408107135e+00	-4.071877537476635389e+00	-5.307585572855973766e+00	-3.690583415783558863e+00	-8.353657592784745622e-01	-3.050009847261518914e-01	-2.272446326956493401e+00	-2.382999940958026919e+00	1.544447917786127222e+00
1.494919567902579871e+01	-5.519428784679689670e+00	1.463147102319462857e-02	-5.083666356928200347e-01	-2.395582751033771718e+00	-2.242598628990630338e+00	-5.543675649897150670e+00	2.781808561993680318e+00	-3.065243196529732650e+00	-8.661059544582881964e-01
1.112690163080815076e+01	1.059666149868521501e+01	-2.296491004419361381e+00	2.750806183432056518e+00	-4.115309668624904660e+00	1.909750662133637977e+00	-4.222918757073431451e+00	-5.516852741038864139e+00	2.135798796072352790e+00	3.100807736864130693e+00
8.879382494457555453e+00	1.102170006496433174e+01	3.622600931487486520e+00	2.152662824092009597e+00	4.705589037392135410e+00	1.864281321974210481e+00	-1.036655576188201255e+00	-1.044793226922007046e+00	6.481491190781039080e+00	2.258855814066426326e+00
1.147151971989144137e+01	-1.157470666225953515e+01	-1.207179428337801497e+01	2.134066125169673089e+00	4.051241183462485296e+00	6.582791515955377371e-01	2.345526923372857730e+00	-4.006037948630633672e+00	1.008724900582879780e+00	-1.788425922342264052e+00
1.488898622089720014e+01	8.291294019578306917e-01	-9.541759000836067983e+00	-4.124452533180568814e+00	-3.900331069754901403e+00	1.973551379699382657e+00	1.596492401681550710e+00	-8.750227910623373795e-01	-1.822283310414264168e+00	3.200995429899676226e-01
6.000421809662642048e+00	7.206754494045003234e+00	-2.471974032193723581e+00	9.950814738188554998e+00	-5.997601988153100194e+00	1.068845206475864673e+00	1.146780758551816826e+00	-3.851409012178240054e+00	-2.116851455758081091e+00	3.672676237383260212e+00
1.417341583486974343e+01	3.724176176424906171e+00	-8.390857278708764966e+00	-5.584331640600496804e+00	-4.770566031320697675e+00	3.384874842583660115e+00	1.685848693075834959e+00	1.396176573342698402e-01	1.457153877374360418e+00	2.983293458578019752e+00
1.262900086051770288e+01	-1.102648150089053658e+01	3.404831071101855677e+00	3.660421937519199531e+00	-5.041916765280649582e-01	-3.823045477235517353e+00	-8.525604509600318792e+00	2.853551827153298692e+00	1.768963624167309456e+00	1.024528947003404911e+00
1.371977758701398464e+01	9.982336848902695792e+00	-3.667105233156343846e+00	-4.579255913461112826e+00	-4.159190654524755004e+00	-7.516754973471863055e-01	-2.961328290528012275e+00	-9.018158946605007165e-01	9.696960611387097639e-01	7.948256832404864136e-01
1.684555667189655104e+00	-1.572640319814339094e+01	-6.758349990837059451e+00	1.692193980484122839e+00	4.305205944196467627e+00	4.357767945244252594e+00	2.639651998966173974e+00	-3.366121708822353398e+00	7.011229315962984820e+00	-1.926517865316608402e+00
1.397761630110650444e+01	-5.763649749723997573e+00	-1.072501530953853432e+01	-2.143220541205379526e+00	7.047399904287404704e-01	3.318728103967638621e+00	3.632994993566281305e+00	-1.854655789733921534e+00	-4.803884908164102185e-02	-1.285161078616534391e+00
1.214831568214112423e+01	9.378578114072690042e+00	-4.353336820100213167e+00	-2.976937755142917474e+00	-3.658740699194205526e+00	1.404525464059993289e-01	-2.439509838807415232e+00	-2.510672936296958646e+00	8.159307606606917007e-01	2.564832056376239677e+00
9.523861822171106439e+00	9.556462940062374400e+00	-5.608078565811349669e+00	-2.385136200958839936e+00	-4.433627184837826363e+00	-1.962910651509243820e+00	-2.414467603361877490e+00	-3.491809593328517813e+00	-2.752114930854386632e+00	1.516524474530762445e+00
1.401570405788868001e+01	-1.049112236867881132e+00	-2.912583058901183186e+00	-1.851262318900218196e+00	-1.756334148478237989e+00	-3.256302683104683737e+00	-5.245068599675299481e+00	1.103913673770128279e+00	-4.117929368690626646e+00	-1.378293147402671837e+00
1.342520708509192495e+01	-7.470299428049391732e-01	-9.860203355277578297e+00	-4.179346615193415104e+00	-2.195132726859912786e+00	2.528577549632192500e+00	2.888746230848860730e+00	-1.276564214248919082e+00	-8.614488408504753503e-01	1.924090139864919613e-01
2.720010670463902880e+00	8.836721025679736385e+00	-1.541258181399851823e+00	1.277788001640945659e+01	-5.342039629884123286e+00	8.095597554908511739e+00	6.425685836130667905e-01	-3.879477792700842254e-01	-3.914662221410845078e+00	2.343064860508151659e-01
6.730609984234484422e+00	-1.241360010136060410e+01	-6.511029131671482340e+00	1.857969477526424606e+00	1.687751684783911799e+00	1.563317692349131871e+00	1.643149130776969891e+00	-2.381926649024520337e+00	2.651917389123522817e+00	-3.534109190041451742e-01
1.042595888428606443e+01	5.143251168004510987e+00	-5.005155786071318502e+00	-5.350918311610533884e+00	-3.939259343635223676e+00	1.342040577752021235e+00	-1.444861155129873120e+00	-1.852881909668845584e+00	6.751325180769034429e-01	1.008584381903035121e+00
1.290664414641768509e+01	3.911985292821282822e+00	-6.902786870200427138e+00	-5.739332210970196968e+00	-3.507064421879249050e+00	3.275200867776564273e+00	1.539302992828159411e+00	-5.532190556551098704e-01	1.060734234763975659e+00	2.269581496678886978e+00
1.308801713989679527e+01	4.316813777932401841e+00	-5.496531876123690985e+00	-5.685350273918336583e+00	-4.324255321953571318e+00	-6.143526189284361644e-02	6.518575793627430226e-01	-1.332732609849770489e+00	-3.995403404919987356e+00	7.020489750359408532e-02
1.567230292246185464e+01	-1.159031179586654758e+01	2.985011981389537050e-01	-6.509551874977304031e-01	-8.487337810767654478e-01	2.655551014989014358e-01	-5.902476415550418354e-01	4.748956655537018290e-01	-1.064183837164932367e+00	-5.930875840576051994e-01
1.418616231205997735e+01	2.505475908756044756e+00	-9.072753359722886657e+00	-4.737940679272266031e+00	-5.123150532309085570e+00	2.638924668121902961e+00	1.888623628162245272e+00	-1.041759369403638003e+00	4.390094324927868996e-01	2.853086889498881007e+00
1.162260271456192484e+01	1.098554741511030741e+01	-4.126166640121612161e+00	-2.592116009320097336e-01	-4.215317421398709463e+00	-1.557700823321391370e+00	-3.381449028934810919e+00	-3.133787794679383953e+00	-1.393479992737445050e+00	2.731862007179813645e+00
2.274599088319798845e+00	4.897363580768893776e+00	-4.866309980404774471e+00	7.221040457647991850e+00	-8.146371688649606924e+00	-1.183161467244853071e+01	7.065005935832454398e+00	9.494909688759424204e-01	-1.411607386559776023e+00	-1.033806841488743855e-01
6.551944337383700301e+00	-9.332973432831614957e+00	-4.495997770701785967e+00	1.204842720515651555e+00	1.904454130810951940e+00	-2.331528849655961189e+00	-4.387606541126213955e+00	2.960656449875428628e-02	-6.053791049007400948e-01	1.586007474217216440e-01
9.446930152485501608e+00	9.760118859594342666e+00	-5.123191855690945928e+00	-2.099590900340282396e+00	-4.214339552672817568e+00	-9.948273474565603181e-01	-3.538585353270938594e+00	3.155156349629864021e-01	3.810379024910436341e-01	1.818397109469189532e+00
1.016591540603072552e+01	4.139646741611938019e+00	-5.573505690049691985e+00	-5.821448487972743280e+00	-4.592388413693083038e+00	6.242104490433242336e-01	5.088083100858410424e-01	-1.057547318961665761e+00	-2.202088830117576279e+00	1.830491949476048319e+00
3.116602602808571376e-01	4.786154767090462059e+00	-2.837774673750030008e+00	6.234885141996570290e+00	-4.176016959071593426e+00	1.539211531349882867e+00	4.284011716422789218e-01	-7.877054237909248968e-01	-3.296285979621079498e+00	3.220079003204347146e+00
3.779361760894053290e+00	8.120036963878089153e+00	-2.660842098471534189e+00	1.219729990010289633e+01	-5.962034180177707476e+00	6.005167151252124746e+00	-6.460575406930423314e-01	-2.485496701320421220e+00	-1.466784415500101968e+00	3.896648336090562381e+00
1.067519798332724257e+01	3.425167816967588763e+00	-7.835526122192411513e+00	-3.429501121695696764e+00	-4.098696548523062866e+00	8.899550349703850838e-01	1.456954806431198568e+00	1.623331747711702633e-01	1.596364721367308226e-01	2.574662415436418605e+00
9.441005632290830007e+00	6.907184273347080072e+00	-5.290725730450328790e+00	-4.197512771608410631e+00	-3.702904957118890561e+00	-3.996258564148561510e-01	-2.347636541628971507e+00	1.259572282976614943e+00	-8.986919463899719629e-01	9.044457273903261374e-01
4.808850291862579063e+00	-1.036833602609331884e+01	1.617574228575108464e+00	1.690902123206589502e+00	1.028180684422776991e+00	-1.636191380832681341e+00	-4.839075289638684829e+00	-1.055556724311861760e+00	2.211904621862645914e+00	-4.943946802780452843e-01
1.042766385849910726e+01	9.021695776292396829e+00	-5.933658988353906594e+00	-4.482329525638854228e+00	-3.944663143730522403e+00	-8.878308359681964523e-01	-7.785241604213934963e-01	-1.081151762140452277e+00	-2.584823387006877304e+00	2.157107963600541911e+00
1.188536858940753049e+01	3.256620796654015937e+00	-2.759865363111662973e+00	-5.157348292176004989e+00	-2.722752288529560083e+00	1.024878315710622045e+00	-1.683211644090828019e+00	-7.875912332596806120e-01	1.551112443209586189e+00	1.988594039837928484e+00
-3.757986019588591464e+00	2.806071784712098616e+00	-2.050374725171050461e+00	7.706047534044825120e+00	-6.279391954203951798e+00	-9.617130820702016081e+00	7.330170452874199327e+00	4.602070730923633057e+00	1.773662304210276375e+00	-7.486175102199044140e-01
7.576746897437359074e+00	-9.954875950838891541e+00	-5.274310572156815979e+00	4.180752382057649541e+00	2.877473000526689084e+00	-3.440240031656426556e+00	-5.248201993503990970e+00	-1.286894969883974227e+00	-2.804029431723224164e+00	1.548386686287517966e+00
1.278815110263852439e+01	-5.855046366428434901e+00	-9.361167843132824018e+00	-1.376105188046104821e+00	6.051608284830729545e-01	2.212374866407293084e+00	3.718814095012861198e+00	-1.592993856584072443e+00	-5.076792388091161401e-01	-1.206548205607119062e+00
1.077542052221395208e+00	6.451922481824172273e+00	-1.844905835121831261e+00	1.425812915810185011e+01	-4.993387449725886995e+00	8.326392349431342765e+00	-3.314124507074278081e-01	-5.216705313266902788e-01	-3.335746133532056845e+00	1.921539139591852186e+00
9.084862668796837681e+00	2.938604942086379346e+00	-8.604750051596047333e-01	-5.314813334908952136e+00	-2.046396575222803715e+00	4.809192595534458547e+00	9.038381700512027050e-01	5.783068782087752879e+00	6.015451374828514552e+00	1.361311358452849340e+00
-4.134203246682263355e+00	2.094912307275863750e+00	-1.927201901150888297e+00	8.279050681966365843e+00	-5.938907319990380351e+00	-1.025736659630769587e+01	8.076776425866761144e+00	1.735671793631866855e+00	1.703314683140143559e+00	-1.285171980642518363e+00
6.387555488009354576e+00	4.996723289476700636e+00	-6.198789236708482697e+00	-3.675491072065431020e+00	-4.490316117329059331e+00	-9.011502862435040173e-01	-4.435454014392854472e-01	-1.109629156531625416e+00	-1.708594911840460417e+00	1.591732505711767720e+00
-1.020510834872737682e+01	-3.427878125299690826e+00	2.647357147522563015e+00	5.357787868831530576e-01	9.244130038285476580e-02	-6.342204785125876709e-02	-1.579042473677736202e+00	-6.844372831515326272e-01	1.737160791613884925e+00	9.657171366053667327e-01
6.257727540720721571e+00	2.579677393100768601e+00	-4.644294240527634621e+00	-5.078790050097484077e+00	-4.098671702209206735e+00	2.358963368393046878e+00	-4.261830044309738441e-01	5.721935717999702575e+00	5.185077606290622310e-01	6.013829472048526359e-01
-1.179292308115088694e+01	-2.097450626358491554e+00	1.542481512559271906e+00	-1.216298266836892267e-01	4.946435606607977320e-01	5.277053539404144011e-01	-1.118328539983001413e+00	-1.273048921022057245e+00	1.301857021717319762e+00	1.020794308577067433e+00
-6.235077894478249227e-01	5.172793972621261283e+00	-2.448055967640595743e+00	4.537800903953231213e+00	-4.797877376161761021e+00	4.956381898011761877e-01	8.965571330192394495e-01	-3.516996746768248916e-01	-4.034018617836234277e+00	1.954919121405124693e+00
-3.095760115796005962e+00	9.184732481388262482e-01	-1.480244219132689221e+00	6.003128445928177515e-01	-1.844242688895660676e+00	-1.901438713290460658e+00	-5.669219308027254739e-02	4.812204402072873255e-01	-3.497698431373379879e+00	1.546985944838391358e+00
-6.215248490812083304e+00	-7.001145591507069277e+00	-5.287331248225264346e+00	1.545260293208275071e+00	3.941319775099893619e+00	8.559702062531985289e-01	1.208993936102053857e+00	-2.475660688943938759e+00	1.237924417301812685e+00	-5.956994654671883271e-01
-1.698493630519947395e+00	7.223663018352861620e+00	-3.387574086401281104e+00	3.042843914594501431e+00	-5.111177412187883462e+00	2.508994117406754043e+00	-1.983945372878267221e+00	4.508848215192177378e+00	-5.669145362974052915e+00	-2.965048783216995165e+00
-7.847518061654969124e+00	2.153361572670473123e+00	-1.396403555673288999e+00	3.263753641976293807e+00	-2.762032641833984670e+00	-4.718510777913673238e+00	3.803600223818117243e+00	2.384832631124499613e+00	5.571683402636242732e-01	-8.757523438176407771e-01
-7.406186129928715722e+00	-5.199536798351395817e+00	1.054239977289451291e+00	5.695928777618162187e-01	6.049999935981905663e-01	-5.801553958073544237e-01	-2.692241335943790670e+00	2.387501853734634860e-01	7.618463221445584410e-02	1.239133437519194691e+00
-9.826847194551941556e+00	2.761945915959850506e+00	-6.366422231274440069e-01	5.896059571589623793e+00	-3.119960599664803880e+00	5.247806548582125252e+00	-9.525272564284031906e-01	-7.122958795528067100e-01	-9.427979163464885737e-01	6.864989252842872425e-01
-5.129160062547114762e+00	3.909710511112985731e+00	-2.089540739701971184e+00	7.142332370584487666e-01	-2.705426533186788607e+00	-2.854200570496750800e+00	5.091864754976921370e-01	1.247790299771279976e+00	-3.520234485544628811e+00	-1.150730265772326844e+00
-1.392637703255335779e+01	-2.327860855711400223e+00	1.669100001794721955e+00	1.013686371808762976e+00	1.153344771460776519e+00	-5.156424621131040498e-01	-1.525841548756269983e+00	-2.943476253232886197e-01	4.900273323929413838e-01	1.092377775938852436e+00
4.340665770892232489e-01	6.980432338692445171e+00	-8.726358572650023682e-01	-1.793371840678746887e+00	2.512074096543192026e-01	-1.947974316342750312e+00	3.340669886373025532e-01	-1.408219929392207304e+00	-1.737221630687524110e+00	1.047422905723319753e+00
-1.227374274440143509e+01	-3.040510911226226742e+00	2.620295857038727583e+00	-2.766676171881335966e-01	-9.766289279774775789e-01	1.146078370917130274e+00	8.036908614889669566e-01	-6.765331175957742804e-01	-9.890409292261463647e-02	6.138766513934271751e-01
-1.040589092586163211e+01	-4.388908422059683012e+00	6.949776725392647903e-01	1.255405408136500478e+00	3.403844440510042091e+00	1.073559982087234577e+00	-3.876158090818523916e-01	-5.973400516113580583e-01	1.410488316351658611e+00	5.022255668104264714e+00
-2.165451851454764653e-01	4.352792720470064936e+00	-3.890912545285746926e+00	-2.920283254447937349e+00	-2.300205961683764233e+00	-6.054709576204498900e-01	-8.404150664477537669e-01	5.648164546464816027e+00	-3.226251404342871165e+00	3.381509426599234591e-01
-4.720234208482892768e+00	3.827244865666641349e+00	-2.717331188017674037e+00	3.364254719901374369e+00	-3.860132650649902519e+00	-5.677464592946287247e+00	2.613833090695035999e+00	1.510648156775003637e+00	-1.093100394721336022e+00	-7.814422413929054123e-01
-1.318271419855568460e+01	-2.675355245526682246e+00	7.853666378833710215e-01	1.036019969644789152e+00	1.610526202019808784e+00	-2.723370142790576542e-01	-1.133669099151150439e+00	-1.302038402011253204e+00	9.306792942748903785e-02	6.293618138873011691e-01
-7.424297785666778893e+00	2.908638890601702998e-01	-1.614137453332751715e+00	2.719454444491735123e-01	1.971152009685392059e+00	-1.854962543614160631e-01	2.013488911219169619e+00	-3.359769864306580422e-01	-2.081599240838271303e+00	5.164568602253492458e+00
-1.226567892660476922e+01	7.186069090123620162e-01	2.349561487430778250e-01	2.600390467895230096e+00	-2.414319645935044001e+00	-4.622475644712239706e+00	3.799414422266219837e+00	1.390793344541392029e+00	7.852152709220976412e-01	-3.322961261400970145e-01
-8.223036774683968986e+00	2.020654316991161714e+00	-1.413725208758816798e+00	1.596626171713998898e+00	-2.769497124969655832e+00	-4.020205099554888584e+00	1.556480824156842413e+00	2.660568658431802902e+00	-1.553718476396645398e+00	5.820563783919942002e-01
-1.273372148791105118e+01	-2.906354159431967510e+00	1.876760653176656524e+00	5.432237123624845676e-01	9.073776736874163973e-01	2.466298957792726135e-02	-1.683366256582387033e+00	-5.604252827817730598e-01	9.389207683807941907e-01	-1.529961750262196218e-01
-2.318607741267524336e+00	7.528430080688002235e+00	-3.048430864622552749e-01	-2.004740107398978566e+00	1.166005178461658076e+00	-1.048997207605316007e+00	6.067904444573070100e-01	-2.166067093377998631e+00	-1.284686603023859286e+00	-4.842768185059062036e-01
-1.410031643213348573e+01	-1.071158713034554011e-01	1.011353650986474007e+00	3.848592939364880117e+00	-2.937169641072261417e+00	-5.453731227295677719e+00	4.605481331173520765e+00	8.864887728824457636e-01	1.683935540968769962e+00	-9.743135302025465738e-02
-7.375400740678853317e+00	2.745477835804659428e+00	-1.821523905699133250e+00	-5.078167082532479837e-01	-2.404362046134638220e+00	-1.882074377825360800e+00	-1.756999713139579394e-02	1.235657456651778396e+00	-3.460777783525843532e+00	3.986202926361113313e-02
-1.480900936521272726e+01	5.797742836026427149e-01	1.706803659124225492e+00	3.253618290204123020e-02	8.900987065290153488e-01	2.855245249084182868e-01	-6.254573409043139021e-02	-3.945880346216056322e-01	6.389333712291123124e-01	5.425350295762867425e-01
-1.345292340149647714e+01	-1.459790508648124152e-01	1.311987542930473649e-01	3.426274457486597758e+00	-2.130095486298779317e+00	-4.201513757203922950e+00	3.703861836890093073e+00	1.825303887608013265e-01	1.991268239690641373e+00	9.121203580607770145e-02
-1.376522165564715472e+01	-1.891423402006602306e-01	6.021356639753413509e-01	3.378473548733974319e+00	-1.722220417397415826e+00	-3.942824747321877599e+00	3.562110950795546405e+00	4.993799227543183061e-01	1.290136465625057571e+00	2.593950451733993967e-01
-1.369502128588276868e+01	-1.986288036332398421e-01	7.022852886534934891e-01	2.971253580460305521e+00	-2.379734249995465234e+00	-3.746049553586600300e+00	3.397560440051705655e+00	5.069166616654662283e-01	1.174352246949372569e+00	2.163820929354418887e-01
-1.278124431039967490e+01	5.081977393977162860e-01	-2.501226726121264510e-01	2.856367476371982406e+00	-2.414803498974817497e+00	-3.996242790797831290e+00	3.387831183734132168e+00	5.335780465410245865e-01	8.381987632434174662e-01	-1.751776206797673804e-02
-6.579220861771645446e+00	1.833133622268665386e+00	-2.381509347125057463e+00	-2.183619620938959560e+00	-1.787611419863961215e+00	8.420896143394031030e-01	-7.547368161567097333e-02	2.855123782742649663e+00	-5.805936307093603199e-01	4.653361552409788215e-01
-4.107263689859847133e+00	-4.199323345094285731e-01	-5.426630015457264200e+00	-8.244676905965533376e-01	8.494593795818206061e-01	-1.036392202656796213e+00	1.264490973658776163e+00	-1.834151600878531685e+00	-2.744374631835228673e+00	-1.665374914810348717e+00
-1.009870019314843503e+01	-4.828677494485626553e+00	-2.315769389575102810e+00	7.785797137528742695e-01	2.230659738960245164e+00	7.508304973566601870e-01	7.199650102139698582e-01	-2.178759768065340996e+00	1.331148689971026533e+00	-3.317959275141849074e-01
-9.283853414835537166e+00	2.336094352861715517e+00	3.332817521977711195e-01	-1.325484595838245294e+00	-4.143240421188066347e-01	-5.385692990683085130e-02	-1.008535473945311622e+00	-9.768392799436529383e-01	3.489729028254895393e-01	8.318276867533354046e-01
-1.111672507170326618e+01	1.643040438072937759e+00	-7.964572795124408300e-01	3.434042973118605069e+00	-2.205795762646879599e+00	-4.472440347846125874e+00	2.825018697216556962e+00	7.170642952845683871e-01	2.969167706674559759e-01	-9.671346700770925287e-01
-1.575569991464811714e+01	-3.571554673682296455e-02	1.130369133663967185e+00	4.159069378110217818e-01	3.768817441590143202e-01	-2.326777555194995892e-02	1.903614328969307767e-01	-2.733676204644950314e-01	1.702353655380320629e-01	3.233675163615111203e-01
-1.152499380762590775e+01	-4.243153872684647610e+00	-2.326058571795387664e+00	1.229591148505693621e+00	2.975381027950624535e+00	8.209567037778036092e-01	1.192973484397421124e+00	-2.160073870102807270e+00	1.712811886400584127e+00	3.954152541660473363e-01
-1.110048789730457308e+01	-3.351341208455337117e+00	-2.107969768254846166e+00	5.293446695339233399e-01	1.874469433852778089e+00	9.767685295784018784e-01	4.505734727032012499e-01	-1.546031473169941384e+00	4.255033202528715197e-01	3.799259881346900118e-03
-1.346196889376178873e+01	1.430106650752196173e-01	2.575786715967575691e-01	2.056024861154025274e+00	-1.498872084192648613e+00	-2.390840025128873059e+00	1.880574777880982706e+00	7.060339586170234771e-02	1.237490612955109009e-01	9.265880987211609632e-02
-7.515415598082784143e+00	4.369984431971848160e+00	4.652245655463489726e-02	-1.700897108320176265e+00	4.020078341596988181e-01	-1.281728543533525499e+00	3.849441077080946183e-01	-1.104582941496808024e+00	-1.731714009680387578e+00	-8.153791414273197091e-01
-1.088190557644124112e+01	-1.442120154843438973e-01	-1.043563720613990276e+00	3.670114404958942367e-01	2.342373109830750089e+00	1.337591367667819164e-01	1.396149555109561291e+00	2.356551660708114115e-01	-1.273369482809085129e+00	2.791296103372521653e+00
-1.352153048645834943e+01	1.678401075043161467e-02	1.057924648273688817e+00	-4.698400270339851970e-01	1.781686490766092035e-01	8.467510088981077265e-01	2.168466564453301326e-01	-5.496249747037722233e-02	8.164997034295964351e-01	3.801479873461635073e-01
-8.403740249950427454e+00	4.052132470923939245e+00	-1.372932887943775424e-02	7.140669757966294773e-02	1.378043593044833148e+00	-5.485438176210476469e-01	5.143121449187728622e-01	-8.156954367579707932e-02	-1.381280144301805901e+00	-7.436523171894611206e-01
-9.773183960490190003e+00	-2.184873167113581538e-01	-3.718968078607462480e-01	-5.713841184197216982e-01	4.337925941437751898e-01	4.547055404466018858e-02	-1.364470997853653722e-01	1.731692239485440599e+00	-3.530800624786294417e-01	-5.574277958555443613e-01
-1.062699573733038427e+01	1.120436972248016305e+00	-9.454141087021903367e-01	-1.540592196958121551e+00	-8.749691482478079152e-01	2.957532952483764577e-01	3.435221691362447816e-01	1.273504145765150364e+00	-6.642254668006081220e-01	5.438250296260824790e-01
-8.466023678392645024e+00	1.518543793174609302e+00	-1.542382213726637863e+00	-2.608356417252822190e+00	-1.077570749263818906e+00	8.520567602470590085e-01	-1.704157636557700195e-01	2.666956343665479956e+00	-2.352531643897113056e-01	4.627247462293802155e-02
-1.289032342954599919e+01	6.461192322570465940e-01	3.374867086194906496e-01	2.481261416630475392e+00	-8.954068530398218151e-01	-2.120045127740586288e+00	2.524134883689340469e+00	3.103153909646102493e-01	8.007881047433845767e-01	-1.080167948128031019e-01
-1.437741642085231142e+01	-1.339768306088642058e+00	1.482660622635987302e+00	-1.287499105462363569e-01	5.291395820159729146e-03	4.472160051564150751e-01	9.368861277431396462e-02	-7.010479037725587670e-01	-4.252855073869684643e-01	3.391501332262469304e-01
-1.362525472831148932e+01	8.928652723110368505e-01	-3.978172524875651234e-02	2.336511496586870074e+00	-1.182746939890800153e+00	-3.453098878226316337e+00	2.464499262639679777e+00	6.403766976558977753e-01	8.458685192887392956e-01	-1.025098665617325100e+00
-1.335068796724151774e+01	1.898909449583088938e+00	1.001035757438623053e+00	1.488316074402453948e+00	7.711358938644079231e-02	8.280868452451370931e-01	-2.018415819985626691e-01	1.621711861250433595e-01	-1.137147067476921736e+00	-9.561159220361685751e-01
-1.131582911698724381e+01	2.554333180069185527e+00	-2.206131037882702872e-01	-1.472006942012266784e+00	2.571180337594078380e-01	-2.596979290665911710e-01	8.980565446133553786e-02	1.776421870407513814e-01	-1.004366412613596715e+00	9.533857746366400376e-02
-6.274372137627367785e+00	4.584080203856524705e+00	2.309376907981469884e+00	-2.419452050330406667e+00	2.257763202273015413e+00	1.200839131338083121e-01	7.800279825193471295e-01	-1.434366003244062826e+00	4.431933280738415415e-01	1.877576904297369731e-01
-1.259495489957013703e+01	-2.907060630931368905e+00	-2.433146020084127059e+00	2.326509207206182983e-01	3.059588771231500637e+00	9.393547153376690106e-01	1.461465874088577976e+00	-1.980419753048814568e+00	7.265395740740775432e-01	-9.540313090394314521e-01
-6.155068940240666642e+00	-1.984581916493145970e+00	6.399887728459341396e-01	7.458021756362323562e-02	-1.735674001117131215e-01	-1.475334120484316225e+00	-4.061975762687591640e+00	2.307673686205300445e+00	1.757638215919280628e-02	-6.366043649410800809e-01
-1.314572489962131030e+01	5.059062451610425448e-01	7.695192459169170052e-01	-6.613672271714100548e-01	4.026235036768262554e-01	2.654805258718996933e-02	-5.165761914801781929e-01	4.958204126954975921e-01	-5.454368909530231679e-01	-6.772334101769463821e-01
-1.185427667406993457e+01	9.260931116271194918e-01	-9.088174922665339661e-01	-1.286404696946035431e+00	-3.546505024819381346e-01	3.061915404761973436e-01	3.298747316845060396e-02	1.542649701504626769e+00	-7.404327920647950645e-01	-3.699180726627335214e-02
-1.392075163846611119e+01	1.085325436174100711e+00	2.358183107021636360e-01	4.206298690656262163e-01	1.250309100602026713e-01	-9.583991461396666744e-02	1.355825582843754040e-01	-4.278451216816759883e-01	-5.511925848661691774e-01	-2.689284668962565461e-01
-7.806484364908502727e+00	-6.387346766882822102e+00	5.063876732689262639e+00	-5.460719654762266062e-01	-6.190603693910159411e-01	8.470524062319336744e-01	-1.217814912402801708e+00	-3.092320242099754202e-01	3.173861482755712671e-01	-4.394749382708909580e-01
-1.278775026793868363e+01	8.479997055559718167e-01	-1.938269221582339941e-01	-1.082260064566565649e+00	2.169044023829868328e-01	2.238382463136610878e-01	-1.248308875189335088e-01	1.241992894722335539e+00	-4.792301605657761088e-01	-3.667964805673774586e-01
-6.945597728751052635e+00	3.007998063056465554e+00	2.989658792031722800e+00	-1.178554976105120167e+00	1.907291892287491075e+00	-9.844275705637484108e-01	-1.270430185947419410e+00	9.026200624910112047e-02	-3.054023455346981386e-01	-1.235090824551291044e+00
-1.412273711164354140e+01	9.200697603547968173e-01	-2.008602238916420285e-02	5.740576612740101448e-01	-1.366479246060273989e-01	-1.352822205050027593e+00	1.138931902686844300e+00	2.095635177093937151e-01	-3.888149454265473204e-01	-6.004690526160454400e-01
-1.217914707557247489e+01	1.573547046703557939e+00	-1.908831125455151823e-01	-1.152168629917301512e+00	-7.670459788931532907e-02	-1.931456089541293553e-01	-2.588435381466107632e-01	2.696430090241022648e-02	-9.681867777804521458e-01	-7.373485495992609939e-01
-1.279229886084384482e+01	1.699494430668529565e+00	3.704907681702135358e-01	-1.395252537183588215e+00	-5.261678854021034982e-03	-1.798072430245826747e-01	-1.615810315425410537e-01	-2.895676208505461036e-01	-6.759955739343512793e-01	-3.581483320064319797e-01
-1.194429620974759665e+01	2.793447973756282288e+00	5.459452851585545607e-01	-1.261080371864167660e+00	1.611276374697509506e-01	-4.357346145587550623e-01	-1.531212030297394999e-01	-7.724570080525685611e-01	-7.497263535065886719e-01	-4.364212363149670981e-01
-8.050806533447310898e+00	4.412836907922797813e+00	1.443701237679356320e+00	-1.440699719871933571e+00	1.653909622675969748e+00	-6.721953660079799109e-01	2.805692166649283170e-02	1.872994246401011864e-01	-4.744906127560187259e-01	-8.447652201623326307e-02
-9.170383092395221425e+00	3.677125491861235496e+00	2.392314551060252814e+00	-1.499245499829173989e+00	1.845317960943998248e+00	-5.356807894098831735e-01	1.481637533701472553e-01	-1.413476484110633979e+00	-6.423383168910916652e-01	-2.813074339321451345e-01
-1.281614886584218027e+01	2.126032928477555650e+00	5.299073923507306993e-01	-3.952017627790273546e-01	6.517693251652455499e-01	-6.274677114199245231e-01	1.424573705916802879e-01	-3.752947504933440981e-01	-1.200610083147286566e+00	-3.490875972840488672e-01
-1.103595259165003206e+01	3.543922343363776317e+00	4.486327969609935629e-01	5.162326582755672355e+00	-2.047737478011073531e-01	3.474214562611591450e+00	-4.989790028560391888e-01	-4.306563619898692505e-04	-2.182524954185786292e+00	-7.704432157405803894e-01
-9.246795046631335779e+00	3.782523954844557945e+00	1.441816285513954687e+00	-8.579492655150467995e-01	1.325235219747774584e+00	-3.742252623908399745e-01	-2.994990784643228321e-01	-1.364066192743299100e+00	2.308899309297493263e-01	-3.462248042479975640e-01
-1.159751421115053560e+01	-5.070569918628290651e+00	5.749968361999192368e+00	-6.350430390458539076e-01	-1.225829087144358454e+00	1.819884534963474687e+00	1.847077866023907111e+00	-5.584176607982815899e-01	2.164983315776758399e-02	1.722090594768427740e+00
-1.028868955869604207e+01	1.982536823763817013e+00	2.279422817196676831e+00	-7.925674533337986327e-01	1.455186765610894106e+00	-2.863056982440474463e-01	-8.212568698839205483e-01	6.398382909727194923e-01	1.790889524278610478e-01	-5.085847274225283737e-02
-1.357614769541135580e+01	1.186624854584372279e+00	7.179026244854103123e-01	1.924149501344275759e+00	-5.372678637512297017e-01	8.909105158509517119e-01	-1.127133260012296162e-01	-4.187438349994463960e-01	-2.680450366830495201e-01	7.275209837560479009e-01
-9.911897170017955006e+00	-3.688122073131096190e+00	3.553896698899869921e-01	-1.303389152469315970e+00	3.678162330375077116e-01	1.535963192464626870e+00	-2.270397884946261102e-01	1.742515761929275486e+00	1.076779352141238544e+00	-2.174082373377333177e-01
-1.051482257545604071e+01	-4.646046626045852168e-01	1.285254302005429894e+00	-5.076066960823311103e-01	1.127259359715801601e+00	-1.791145253072415067e-01	-2.547576651896811817e-01	1.102364893141443813e+00	-9.405272334227982034e-01	-4.803964947644374095e-01
-1.581168508204972589e+01	-9.558456694030198486e-01	1.198882732962947451e+00	4.425599219453965963e-03	1.214746375546722712e+00	6.784941487108152591e-01	3.093485111830988205e-02	-4.955086870439952551e-01	3.166461400866230624e-01	-1.972000519696673893e-01
-1.119314469898115938e+01	2.023852755980958928e+00	9.737582639568682918e-02	-9.667522104299419716e-01	-7.366680522181162649e-01	-2.186647895254380525e-01	-1.387845237540549004e+00	2.450880103493779383e-01	3.682052913877456035e-01	3.880201176153794673e-01
-1.135124986276386494e+01	-5.261306113637576942e+00	4.755041694560378090e-02	1.942646869944446797e+00	2.280175863654265722e+00	-1.390460184757152051e+00	-2.809565653560915699e+00	-8.685316420647309910e-01	6.231943245442328472e-01	6.640134769380118263e-01
-1.086220291482399070e+01	-4.084945256566012262e+00	1.232154521978750111e-01	-5.119473233144186120e-01	7.898259215810141676e-01	3.788648667604528897e-01	-1.029806535027883108e+00	1.974896591599962226e-01	2.754512300350007992e-02	-2.146225066827805728e-01
-1.054644375423083069e+01	5.370256878407975165e-02	1.859751084217461825e+00	-1.620860944077859189e+00	5.223283654251348329e-01	8.935589596310851146e-01	2.880581423312403300e-01	2.313944722426596545e+00	2.289372248684028166e-01	-3.918019063766317589e-01
-1.146016069357541411e+01	-5.589090339716432432e+00	-2.993145244691436169e+00	1.118304993410699000e+00	3.850489202946265177e+00	1.091555175656490739e+00	1.090039237114430737e+00	-2.337138488274158821e+00	2.022866554893983260e+00	-1.048485074218790114e+00
-1.112014892746565486e+01	-2.945101311552819734e+00	-2.788838362857340769e+00	-3.208929611535183968e-01	2.150786196063888323e+00	1.837186490540861916e+00	1.846523157584769592e+00	-1.305611764973814370e+00	9.776975424368606893e-01	-5.931082806603040769e-01
-1.230567674369012465e+01	2.722862691879288199e+00	5.505088312168356923e-01	3.631832171297146861e+00	-1.834300951952445857e-02	2.321344062752033199e+00	-1.959039347344580795e-01	-1.798394945959178870e-01	-1.878215273679036734e+00	-4.302382094329565421e-01
-1.096224262858188325e+01	7.810457784749547105e-01	-6.530571749287329419e-01	-1.334082365288608241e+00	-1.550207675545932084e-01	9.893911688717925701e-01	1.830751174650507296e-01	2.114848299094648887e+00	-3.329994182706381700e-01	-1.365367834264597791e-01
-1.139948009780310656e+01	1.723955674217464651e+00	2.031032600458112736e+00	-9.568556851225705762e-01	1.331794941781412334e+00	-2.249874978271517445e-01	-4.634144482362077544e-01	4.992983918762354811e-01	-2.998711350006338927e-01	-7.893572196100618887e-01
-1.393195276941456839e+01	1.538837886172689018e+00	1.195857388417112865e+00	4.321967872296927915e+00	-9.313104644993861481e-01	3.661732759964155370e+00	-8.220085884787426966e-01	-5.016779752610428522e-02	-7.678665589906220612e-01	-9.286325764852920717e-01
-1.179119543473038689e+01	-4.895199188251403655e+00	-3.275758668144869823e+00	5.220859537230249092e-01	3.647078904679353251e+00	1.618393645592306473e+00	1.206410783967035050e+00	-2.521675457006995913e+00	1.510162035134144265e+00	-1.067523587517979378e+00
-1.148857397448745132e+01	-1.183895251249497349e+00	-7.590190576619697538e-01	-2.256246848563408403e+00	4.653948807769088813e-01	1.964273714279615612e+00	5.388190026354456874e-01	1.095311654300944681e+00	1.099107623469493422e+00	-7.139212671953796274e-01
-1.177043451775603522e+01	9.709518975964217535e-01	-3.467685372068782246e-01	-1.185288691683167306e+00	-3.930622471961300324e-01	2.362768016983216590e-01	-4.397641719631113777e-02	-4.354286581287416524e-01	-4.710083971986217533e-01	-1.925366737321607957e-01
-1.236118390532316269e+01	-3.859709911546718164e+00	2.716611350714714046e+00	-1.109240947569585467e+00	4.349179090205463893e-01	1.915305359407256436e+00	3.876066716397866818e-01	1.039234964437533604e+00	1.211169182127806332e+00	8.998229375082376566e-03
-1.312694702940661706e+01	-3.104578568863672672e+00	2.072806280985205696e+00	-1.048404059610678896e-01	9.275742305188912074e-01	4.657347857320893736e-01	-2.108217109243990528e+00	3.201795598529100784e-01	1.086978900311041496e+00	3.549486637353886920e-01
-1.225099166974998433e+01	-1.016748218652875568e+00	3.962000271676003327e-01	-9.059429584534968161e-01	-7.950153063917060614e-03	2.036587762569123661e-01	-7.370489677517623184e-01	1.698524555635490207e+00	-2.979566293408367206e-01	-6.031907765930950571e-01
-1.333709524842159766e+01	1.970095779131093350e+00	1.682686307317377672e+00	-1.565166540462709366e-01	5.630084671515478423e-01	5.235212701202370811e-01	-1.056553482923356713e+00	-9.459543878163110264e-01	1.741680066399330151e+00	-2.710180733661036179e-01
-1.298717380225104812e+01	-3.654227458063701306e+00	4.483122302636254553e+00	-6.552891132938646335e-01	-1.148822680478072789e+00	1.075469246850683236e+00	7.327920546153608994e-01	-2.670629753978852605e-01	-3.054192533842217672e-01	6.394104226207485420e-01
-1.181710091961111964e+01	1.185147618218644339e-01	2.185757673701810011e-01	-1.610818969079013341e+00	8.988254207727705558e-02	6.175177392654345176e-01	-3.925176560621611993e-02	-1.415665916200744834e-01	-5.453199012655263189e-01	-2.965152128601100667e-01
-1.186815317766269118e+01	1.416050295063024933e+00	1.097506337249462893e+00	-1.289476602904787050e+00	8.066122755669509203e-01	3.701363752889377801e-01	8.878138695018701620e-02	1.682965714025359549e+00	-6.988569737354847211e-01	-6.398538763656893558e-01
-1.566653628542099241e+01	-1.051217044769820891e-01	1.784714486465361238e+00	1.432790389456314595e-01	1.659015585649980640e+00	1.485191945252485324e-01	4.339393252173838755e-01	-1.918259700768175091e-01	-4.147134515680892530e-01	1.920449539642719694e+00
-1.334190566752297435e+01	1.539721638730954689e+00	1.510478926843822345e+00	-6.946315920509715802e-01	1.063232177492519526e+00	6.396516848744941697e-02	2.618666147592743632e-01	4.464542422531630472e-01	-1.062286475213152226e-01	-3.057996585624783714e-01
-1.331011468136474996e+01	2.194839447680262623e+00	2.202361207474310856e+00	-5.398910882323895710e-02	1.256433393928391373e+00	1.739291707949116583e-01	-6.355669730802895323e-01	-4.546863407995146988e-01	1.435178844014026067e+00	-1.840520298681794231e-01
-1.234808239504821081e+01	-2.863240752170733483e+00	-1.232789460786039681e+00	5.535993640378412683e-01	2.010364949079478158e+00	-8.327143740639832981e-01	-1.415443731135289207e+00	2.145810326830677461e-01	-1.380208316258535739e-01	-8.713778907661564599e-01
-1.339061930046131366e+01	-3.508626280144170106e+00	4.424382576808933543e+00	-4.182787065458331566e-01	-6.536277868770348221e-01	1.399287724267367361e+00	1.046918545396581024e+00	-5.112759884499910035e-01	6.466052567438788923e-02	8.921174220864782622e-01
-1.175898710266795177e+01	-1.400339109473500931e+00	-1.951352438140024015e+00	-1.105771112803176193e+00	7.267954853213898225e-01	1.359414827987971863e+00	1.212021702141200086e+00	-2.587490003965846608e-01	6.563316139087909118e-01	-7.483601443085867722e-01
-1.325283570433943581e+01	1.422933365897133928e+00	1.470992759570743269e+00	-9.863270136148418743e-01	3.220372039464946545e-01	3.647048697880740653e-02	-7.745178575977418323e-01	-2.246945085573387457e-01	3.596134954151245511e-01	-8.300826868394236557e-01
-1.280175471773791962e+01	7.210587053862911600e-02	-4.968433953119134050e-01	-1.484314606718568186e+00	-5.213946000411936316e-02	1.512062809379359773e+00	3.510304567061314773e-01	1.992700207147746483e-01	1.123627769054146075e+00	3.874645641608607805e-01
-1.342090116062505700e+01	-1.713038405047554225e+00	1.806074275384172312e+00	-1.063591331337292306e-01	6.716108066494914652e-01	4.675721505371498998e-01	-9.497506745718918841e-01	8.486314218381281194e-01	9.818084647842469925e-01	-2.818295526741691481e-01
-1.479654332271722517e+01	1.162453468023281866e+00	1.152932903260579289e+00	-2.914294628099976525e-01	1.259856077599857516e+00	-1.419683411381389426e-01	-4.591996322094520355e-01	-2.916799122534873834e-01	8.118367889610614285e-02	-3.244644908891021196e-01
-1.385957458495690453e+01	-1.088282228051324463e+00	2.183203856805442378e+00	-3.256892367680361278e-01	6.455951262163694970e-01	1.742597905684287463e-01	-1.537102469911431513e+00	-2.365036904456518929e-01	5.413026812183804326e-01	-4.912071634757538829e-01
-1.322526801205266445e+01	-2.620296224043849431e+00	2.172523991459921699e+00	-1.103343064019499220e+00	2.674170030633330475e-01	1.609358454451580434e+00	4.178444115855142749e-01	1.141908124629008814e+00	1.211472099108686695e+00	-6.591149282384783925e-02
-1.387996209379758206e+01	1.731518549884522029e+00	2.016897914094933242e+00	-5.372541277473254218e-02	6.892055991480208199e-01	1.003733484103988660e+00	-1.276067997820043542e+00	-1.055543524872342598e+00	2.060479385047514711e+00	-7.316478240472741312e-01
-1.387350671029558313e+01	2.296360091474277443e+00	1.790414681127809660e+00	-3.324015183032469345e-01	3.622605244025319249e-01	4.998789620194090677e-01	-1.080209972904291993e+00	-7.032815851326769119e-01	1.512524275808184715e+00	-7.912475026547142187e-01
-1.365298458408672388e+01	1.672718537163789154e+00	1.297619814767742685e+00	-7.243275780084362792e-01	5.471882914161174671e-01	1.365811952470985247e-01	-4.458673503759035817e-01	1.589961292396093739e-01	1.256316620405324436e-01	-9.037485121940624921e-01
-1.406285652196205049e+01	5.719898786424213455e-01	1.422334657652380097e+00	-4.887886861858747878e-01	1.028241100807993025e+00	1.711076340254235606e-01	-4.515707782252003644e-01	7.859823708411926013e-01	2.424020544051241552e-02	-4.978011145015780459e-01
-1.282652326348624605e+01	2.024016671955316760e+00	1.854323718214131667e+00	-1.283656546564751366e+00	1.042291044363101493e+00	3.241501666826787087e-01	6.799768905907149774e-01	-7.140646127544153510e-01	2.320415410126798125e-02	-3.463237408749718083e-01
-1.394726987291379139e+01	1.672233448023462188e+00	1.249902911150070794e+00	-8.295259216061010576e-01	6.980979189286667941e-01	4.037242796285015617e-02	-5.405764543541169420e-01	-2.786501755176689077e-01	1.453150636830586595e-01	-4.505564332270519112e-01
-1.445677764646610619e+01	1.108928485003237707e+00	1.001950755616285438e+00	2.105992003264777424e+00	-4.805943879318476109e-01	1.659023675250419272e+00	-4.574376119558883347e-01	-7.067817178352852059e-01	4.330950867551571215e-01	8.538407614460323813e-01
-1.348572822098915047e+01	-1.756882612830900525e+00	1.906369783731883150e+00	-4.954526161064646411e-02	5.058692479610145121e-01	3.370739230075290860e-01	-9.354861422570053264e-01	6.769091431194180775e-01	9.994634596452910413e-01	-5.344855337692746428e-02
-1.338094485280614521e+01	-4.116502018247950034e-01	9.651111529906969411e-01	-7.508542195222495108e-01	1.208303018875213075e+00	5.498632441859594433e-01	-4.460599346056889902e-01	1.730728978096277793e+00	-2.404018794519505731e-01	-6.630631359095454647e-01
-1.310792634130848455e+01	1.963547931689181514e+00	1.655673801852337590e+00	-7.473063785608405896e-01	1.292906517033873159e+00	-4.174790571871277445e-01	-5.245771566874651154e-02	-6.925463490238478181e-01	-6.190824973741224646e-01	-6.271615227441935669e-01
-1.378929968599229738e+01	1.734196498472870607e+00	2.169594086825173740e+00	-8.966025527464586142e-01	1.009644525810379223e+00	8.050327849376066880e-02	2.781543415320663071e-01	-7.225172112723554640e-01	-1.308905395082522183e-01	-3.349309487136612473e-01
-1.527735885246651826e+01	2.328740004696311927e-01	8.168836534104195746e-01	8.035293013124692463e-01	-1.045435653748650467e-01	-1.225936830418922208e+00	6.485483336861765924e-01	8.784050267033874371e-02	3.181989676810596107e-02	-3.526312097388993594e-02
-1.280748102596792570e+01	1.570112578160159256e+00	5.929266300569644432e-01	-1.483691687147420391e+00	-2.674146715615232650e-01	3.609226324687525578e-01	-4.615793232779231148e-01	2.522220219477188524e-02	1.145017856945222540e-01	-1.868955703490616724e-02
-1.414393810668593687e+01	1.489460103012588688e+00	2.181363791741326885e+00	2.158676797899285738e-01	1.254013481471305758e+00	3.083386526234518921e-01	-1.691816485658159674e-01	-3.541199306162891025e-01	8.534993313753042044e-01	1.134139353898259706e-01
-1.373425817122536330e+01	-3.915970532095906509e-01	1.863235429157030776e+00	-5.956383759826998636e-01	7.261272308744665116e-01	-6.051008625265055785e-02	-1.476365245768360035e+00	7.324415105769549461e-02	4.168268829619399818e-01	-6.103748831116083684e-01
-1.313578314781476308e+01	1.696973693188225774e+00	1.724729099296278934e+00	-1.125199725919105775e+00	9.998083411425783273e-01	3.409680423858434395e-01	5.191392800601160040e-01	-3.371984764787454014e-01	2.143413896148486930e-01	-2.285516196396678856e-01
-1.420036298062501601e+01	-2.425717004774006647e+00	1.269735985093908281e-01	6.268947829725707299e-01	1.852448706275785728e+00	-9.782103169389344544e-01	-2.396210549157343106e+00	-3.940027875892841425e-01	2.658817670293041058e-01	2.156011599116235689e-01
-1.564926604986312242e+01	3.701987695289569308e-02	8.833760442946083646e-01	2.432394435721965120e+00	-8.262044915988758786e-01	-3.246732794661333354e+00	2.536474249103027212e+00	4.964164013111112550e-01	1.512562641064673530e+00	-7.382393623528110682e-01
-1.334938145230655238e+01	-2.243836983573678889e+00	1.072359865763429232e+00	1.224174833439194143e-01	1.066049882073698774e+00	-2.070411346419344656e-01	-2.156308094627609417e+00	2.287919163744042694e-01	8.788544090969877542e-01	-6.921785452689455109e-02
-1.357731724582231969e+01	5.484296972102987722e-01	6.503757629977001686e-01	-1.501267139450026988e+00	1.966504362142360018e-01	6.708570832697522413e-01	-8.376118257379673582e-02	1.008750879902236691e-01	4.736737598730538235e-01	3.132047564772396653e-01
-1.361513033072713874e+01	-3.520603626358652372e-02	2.327390387369111524e-01	-3.686235300161792017e-01	1.159800875413394605e+00	3.969097265950806142e-01	-1.458980257723318519e-01	8.895519611110421776e-01	-4.008114020041898540e-01	-4.257047840789749404e-01
-1.454384990219056562e+01	1.169544871040939960e+00	1.274079602942471912e+00	3.961908965836378332e-02	1.578255474155655369e-01	6.034435960237485297e-01	-4.941359159952863900e-01	-6.698510754772853959e-01	4.143728023519042680e-01	2.470728278585786197e-01
-1.292669381975427001e+01	-6.342102844865185052e-01	3.821143599152057591e-01	-1.251284169782563183e+00	1.507380504757453998e-01	5.516824799022488346e-01	1.224825314212134308e-01	1.171601336884533773e-01	-5.512996932507170378e-01	-5.302366736313126605e-01
-1.384812254640329243e+01	8.046631569594890898e-01	1.102565001241403664e+00	-2.993555361141522764e-01	6.482676786119418999e-01	2.148958644063796442e-01	-3.322442964555195055e-01	-5.861333339036067791e-02	-6.738370094722733183e-01	-1.470357789025293627e-01
-1.354447486747761786e+01	1.668298442676213300e+00	1.337379895053147250e+00	-1.583859136426427616e+00	6.482216352671092974e-01	5.260191694919231775e-01	-5.461373014897948075e-02	-3.129475540548579682e-01	8.179026673577723949e-01	-3.884748607820113775e-01
-1.485498080412871147e+01	1.186907711564238799e+00	1.205674359315391131e+00	-5.091352369144627188e-01	5.640577540789503130e-01	4.599216303646974646e-02	-2.189036393592631857e-01	1.729699590156978661e-01	1.761361328546202087e-01	-2.815119537331178257e-01
-1.419364895522861758e+01	8.732197894375912650e-01	1.422158290553893867e+00	-4.337908871240481190e-01	1.000131011914353163e+00	3.350696361619125846e-02	-2.712091941091464009e-01	7.773322962062653163e-01	-6.134679161885469023e-01	-3.507456029083222959e-01
-1.375593505241045733e+01	-3.189741614439836059e-01	1.185266587831501628e+00	-8.028749374036504571e-01	9.491405776054628873e-01	4.854330034908826974e-01	-1.864053751706550022e-01	1.399888260306703991e+00	-2.862797637454163602e-01	-5.748361555495333786e-01
-1.371618591212922667e+01	2.639727569420762809e-01	1.745605895496994686e-01	-1.241913735287853537e+00	4.271782405704815239e-02	4.581547784011126279e-01	3.556862102508557416e-02	7.978620175327480468e-02	-3.856152149673859331e-01	-7.585153234229867480e-02
-1.407636009649661268e+01	-1.062145504512732153e+00	1.000649043185815934e+00	-3.782689621569342853e-01	5.635788664789992408e-01	1.595769147768233975e-01	-3.666880015766023626e-01	2.112910037511123995e-01	-4.211031013093681219e-01	-1.933577630686604543e-01
-1.436482423875576941e+01	-1.823810547077077793e+00	6.369218042091621124e-01	-3.559275853170899839e-02	1.278336372298752188e+00	6.525757299535355806e-03	-1.151016309764096635e+00	-2.387173828796633201e-01	7.589991416566556348e-02	1.893088449245853011e-01
-1.405344167078856010e+01	-1.172487897637759735e+00	7.158692598900368020e-01	-2.628674951351944178e-01	4.587411715811463564e-01	-1.333175281685415881e-01	-8.288146739100138438e-01	1.456361772714168945e-01	-3.296851192811384168e-01	-9.907044449853456836e-02
-1.395383556246021151e+01	5.121491605557123572e-01	3.807570965552783959e-01	-1.359566598060276243e+00	2.330844989093615316e-01	6.039724648975507426e-01	-1.620486533949071564e-02	9.370171660002245273e-02	8.237586196995180798e-02	-1.630567289746846782e-01
-1.381587429964265823e+01	-2.493547199562041961e+00	-1.224152681278036559e+00	4.335481266764933950e-01	2.023229053583591952e+00	3.012360889373821848e-01	1.020110046682314309e-01	-1.444098664878823213e+00	8.728221797001268767e-01	-3.411483515572042435e-01
-1.357873879601932821e+01	-1.863240285579265576e+00	3.706013273275222453e+00	-1.348336871172912010e+00	-6.328403376618617626e-01	1.284889070614576134e+00	7.713888639580157580e-01	-6.054132370556083442e-01	1.352187483467798546e-01	3.399505713307786614e-01
-1.365254845182655252e+01	-1.807460654915822307e-01	1.247727476163087212e+00	-4.454842562417952734e-01	4.939423930956102216e-01	-3.194575418642487397e-01	-1.099160446609880326e+00	5.550453581379976020e-01	-3.015830667532871656e-01	-5.528571735136601495e-01
-1.457332557321822364e+01	6.953965250217337690e-01	1.169897948918128483e+00	-3.365218620055511756e-01	1.085492996508002905e+00	2.527221907261422706e-01	2.717780892352525957e-01	5.613049776221380738e-02	-5.702037139598088444e-01	-3.344824296703742816e-01
-1.433434081754886691e+01	5.529070839222022249e-01	7.099767544102885131e-01	-6.728041018523525096e-01	1.519073940254407340e-01	4.078539826216636133e-01	3.650287020030028307e-02	-2.880185450358188626e-01	-9.403832698387927513e-02	1.585715645970635079e-01
-1.379215423768119742e+01	-6.847924234429768608e-01	1.361538154999261119e+00	-6.180833088471007208e-01	8.528892882256146057e-01	6.506282119471424874e-01	-1.432022810303180960e-01	1.523495061153576025e+00	-1.651989995158332225e-01	-4.362974065638111076e-01
-1.482766799037966798e+01	-1.015882992128352980e-01	4.074330042541532415e-01	-1.033474246169676647e+00	1.743867537728573114e-01	7.439963273626947204e-01	-6.136156013638319889e-02	2.285375117842455561e-01	3.261352642309260363e-01	5.996283290502308488e-02
-1.443061789560028529e+01	1.688439396982784058e-01	9.481406034857158271e-01	-4.204839288339337622e-01	6.814409411739988931e-01	6.733385087963802973e-02	-3.196993526145641695e-01	6.853544493051304531e-01	-4.706357033507100329e-01	-2.936261372384060264e-01
-1.479053007431775058e+01	-1.315510374843574581e+00	1.643001188113173416e+00	-6.864822582786854754e-01	1.601630795168100807e-01	8.856214837652068850e-01	4.591327143644403641e-01	-1.078845836447569900e-01	-2.550330341909245666e-02	-1.861001062675948226e-01
-1.505051383414797961e+01	1.165454125941422392e+00	1.055947084013121318e+00	1.707867610881879106e+00	2.613301041148761994e-02	1.481435712328172283e+00	-8.901455392834435598e-02	-1.339712304048216729e-01	-9.332042012469232706e-01	-4.749464093687038591e-01
-1.420098697142462996e+01	-7.368185040689628762e-02	7.269862160829881903e-01	-5.581565239187946670e-01	3.526463270275801420e-01	2.190186963564378364e-01	-2.068555110873978309e-01	1.447855376538512984e-01	-3.067241716374627947e-01	-2.117328061799064742e-01
-1.483772379066695990e+01	-1.310483566282597767e+00	8.021914464463136829e-01	2.952514291996314877e-01	1.021113347942504745e+00	-1.744020015204200413e-01	-1.181580158089213795e+00	-1.877366422126891810e-01	1.758093530007946367e-02	-1.099843331363166941e-02
-1.425708096595471908e+01	1.045457072668071863e+00	7.845418527622542992e-01	-8.825726297391994768e-01	2.121613466566209250e-01	3.153638439039719854e-01	-3.083946241553774392e-01	-2.695802905418649420e-01	3.545943090473941406e-01	1.773628323100076287e-01
-1.462262079027540551e+01	4.912991122169664826e-01	7.670383454307637683e-01	-9.535626501000206146e-01	1.304358156148229808e-01	6.222622356745298733e-01	-2.026326936981656668e-01	-5.159346650096302556e-01	3.292773907286024593e-01	3.509520536493420106e-01
-1.414974456388043578e+01	-5.445854217765796479e-01	2.315745178579743158e+00	-1.179761067605676672e+00	2.058086908580658847e-01	6.780800492487293329e-01	6.416442117808870416e-01	-3.886204951283927511e-01	-6.413364979013170819e-01	-4.472223410521357079e-01
-1.566292589021122694e+01	4.003181361742740307e-01	1.273396968761555614e+00	4.096622337949452630e-01	7.433835375134055512e-02	5.063725376506449383e-01	1.023637179980919354e-01	-2.358557442751104127e-01	-2.480497520443975257e-01	8.610392591206264545e-02
-1.482247758727756448e+01	8.898017633472459220e-01	9.227002872384894028e-01	-6.158703581794601201e-01	2.854231645373785375e-01	1.674688465715501728e-01	-4.312281808342267597e-01	-6.650509800655113324e-01	8.197248952992884641e-02	2.208317030158409855e-01
-1.437671007238493104e+01	1.105461827203079173e+00	8.297322141615717239e-01	-3.992814974197276268e-01	1.528621013879048474e-01	2.116994724366978997e-01	-2.399828526522270744e-01	-2.433975422185903625e-01	-1.181652613547951453e-01	8.200460530373092360e-02
-1.486221987900050756e+01	1.019075823235020994e+00	1.058600089114020371e+00	-6.497053024890400152e-01	5.391418393077610505e-01	1.405409959395824693e-01	-3.255448769487755967e-01	1.420223339459658063e-01	4.904928061686407437e-02	-2.500630032209857356e-01
-1.453990132591244588e+01	-1.568169551927407479e+00	7.143875978983585950e-01	-2.682894988053894925e-01	6.506636028209010769e-01	5.032233713211630155e-01	-1.521698220543476754e-01	1.206704579599595234e-01	2.524556143799920882e-01	-2.126758645260630742e-01
-1.393836655600467900e+01	8.349633467589366864e-01	8.565162234770606897e-01	-4.827957751985963997e-01	8.362562229977522632e-01	-2.936771601736946902e-02	-8.479696692144683690e-02	7.058706720452647687e-01	-5.629292144098146933e-01	-4.172712788630161262e-01
-1.505082212845415590e+01	-2.022951616866282443e+00	3.015521180155567027e+00	-1.409394769240581158e-01	-2.287866409416907873e-02	6.864680772008896481e-01	3.457960246187541942e-01	-2.695875103782528481e-01	2.557182893699696050e-02	4.809722223117746664e-01
-1.443322066049896080e+01	-1.573435704187578152e-02	4.530728351245147389e-01	-1.007761424286819141e+00	1.274360250737510136e-01	9.552850235824458247e-01	1.957610104512525762e-01	7.956628824860341453e-02	3.510312468514616424e-01	2.805388379993129511e-01
-1.461946949141155372e+01	-1.213798094569977559e+00	1.898180565272085563e+00	-5.345672562111809523e-01	7.538730903969161901e-01	4.306555921487598693e-01	-1.309558141283121433e-03	-5.559544800505610007e-02	-4.031572273679904783e-01	-5.915872756415186950e-01
-1.417379025881738031e+01	-2.514445825595872375e-01	3.323403358660254048e-01	-1.433931657923925851e+00	4.698909814715213074e-01	1.203176445934354799e+00	3.894613436400238271e-01	1.163837377105625182e+00	3.686591760201186618e-01	-4.434841381740065591e-01
-1.475888244442868036e+01	-5.273871380988998103e-01	1.642776772083912151e+00	-7.014810465668915862e-01	6.635520185388176229e-01	5.913885772564874133e-01	3.947184223523137470e-01	-9.002880823918349429e-02	-5.838938675151230662e-01	-2.853416180117331336e-01
-1.467669979549103054e+01	-1.202698961056712035e+00	5.584837087245937415e-01	1.378797716135314322e-01	1.909766949432602612e+00	6.790800990466241416e-01	5.698714092243111207e-01	-2.701140617203088845e-01	1.509228843064388259e-01	-1.371258543504656202e-01
-1.504553375770514023e+01	7.638165709272752846e-01	1.174489060871896307e+00	1.532191883174636837e+00	-7.141173065159182876e-02	1.769703473681458750e+00	-4.146137083533192325e-01	5.304832006879504902e-02	-6.842239765101560955e-01	-5.724929744470453885e-01
-1.420334873647427720e+01	-4.253147379753165203e-02	8.471261144665297449e-01	-5.609932367309512502e-01	5.064731583485897470e-01	-8.330007817715767704e-02	-6.589842706352110335e-01	6.986488785493104592e-01	-2.905389640124764750e-01	-4.723252175724916846e-01
-1.498029930343837179e+01	1.313986030921063586e+00	1.895971591766778097e+00	-3.696521618908121115e-02	5.831130641540747117e-01	5.200040500302308688e-01	-4.899508105119178003e-01	-9.165216963534499328e-01	7.789967191606987917e-01	-5.476894894343429243e-01
-1.490184337372538437e+01	9.341623540589831798e-01	1.767278290676996821e+00	-8.140185190471882493e-01	1.307483491949209764e+00	1.436908868470877509e-01	7.042088886287353744e-02	-5.737023892253633184e-01	2.526066958109472044e-02	-2.364615076519790693e-01
-1.432315521268730052e+01	7.308493268528751807e-01	6.244304870615691172e-01	-7.511611353847855721e-01	1.148769556772480105e-01	3.792659609129187537e-01	-2.666880865617702878e-01	1.958782639469226206e-01	-9.680048387281738054e-02	2.629711836083300711e-02
-1.455152846463653837e+01	-7.508694959482460352e-01	1.245581390487596973e+00	-3.640551051287603812e-01	4.281355510478924153e-01	1.112318317522687783e-01	-1.025403391262669883e+00	-2.163819964000068541e-01	2.268426113197894722e-01	-1.598333563318823092e-01
-1.482358696317912994e+01	9.146208755371278976e-01	1.196647462149159402e+00	-4.800401129057027538e-01	2.977245331841145703e-01	1.349294669492590859e-01	-3.813567682294159988e-01	6.311506198504059084e-02	5.217643795969900689e-02	-2.434298275066990314e-01
-1.464210277685555006e+01	1.033822950180065980e+00	1.101140614096996151e+00	-9.296830899454283648e-01	3.352821714052839908e-01	2.655960903907499948e-01	-4.926120718412494992e-01	-1.434252724686745778e-02	1.636691883970359251e-01	-2.437185988260914815e-01
-1.509799035374471998e+01	7.424916127488375706e-01	1.144419063270586623e+00	-7.864753879547827786e-01	4.625234606057788134e-01	3.097881024859038268e-01	-3.862430119329403055e-01	3.819974342821116919e-01	1.870075171661683688e-01	-4.698465540623389947e-01
-1.466704028344672039e+01	1.094097479969721398e+00	1.610609004873840622e+00	-8.923888978287596030e-02	1.004151272449042676e+00	1.732476326219775375e-01	-7.554636303011748322e-02	-3.055050040740607820e-01	4.611808277368048548e-02	-1.973764451662091413e-01
-1.535245418940773021e+01	7.588959463003115413e-01	1.924832354755306563e+00	-4.769290230679888998e-01	1.179604714508193819e+00	1.209096044717709040e-01	-1.632692168142601541e-01	-2.082597618258695271e-01	3.761063310445549035e-02	-6.510804308958945130e-01
-1.558423838526683802e+01	1.039438028653896229e+00	1.474762112070966413e+00	2.005699042376669183e+00	1.543012847506811946e-01	2.070393638232608691e+00	-3.587150164421720189e-01	-1.184297968445377908e-01	-3.842778906579855103e-01	-7.511766522414391467e-01
-1.444844633813569956e+01	-1.567370868866687861e+00	9.319542806722989070e-01	1.638046447291205132e-01	9.155168748424376002e-01	-4.174373597205435771e-01	-1.089956693459992243e+00	-1.418303227422312018e-01	-1.427181266939736744e-02	8.721332310473747795e-02
-1.456768489396097976e+01	-1.202208448912573724e+00	6.752926879715694941e-01	-2.072174170301993301e-01	7.219308677064222302e-01	3.437323799587072570e-01	-1.332505244891646901e-01	-1.206673359553173536e-01	-2.690387103976432104e-01	-1.659732545817213800e-01
-1.477645034686179137e+01	5.955175962679783996e-01	1.347788549426755633e+00	-6.599898185501404946e-01	9.495867206407201389e-01	2.513436208802869443e-01	1.032202208105579277e-01	7.055513143167380097e-01	-3.768641355196215015e-01	-4.648431440015910465e-01
-1.388236695709653468e+01	1.473530199968869176e-03	1.049464380219733872e+00	-5.645246455058124946e-01	5.205269997869550469e-01	-1.557317606381492525e-01	-7.330593662225367568e-01	8.390918334858531447e-01	-6.023555845889951854e-01	-3.605253224400077894e-01
-1.500365634091715705e+01	-1.365122459201869587e+00	7.808720155619695014e-01	7.789349360088151930e-02	1.327079367431273305e+00	-1.143385237692404605e-01	-1.146161290623846307e+00	-2.620854027193825209e-01	4.150274843717576684e-02	-7.699469391110272398e-02
-1.519666042160626063e+01	-9.240722511243956161e-01	1.421272952341219975e+00	-2.941989566602547512e-01	1.084242430915748789e+00	4.117973209424903303e-01	-5.563314026417500724e-01	5.295994310906383395e-01	3.392466352239427718e-01	-3.081137186678873929e-01
-1.462676551478767450e+01	-2.897913876595498373e+00	-1.045508077106418687e+00	5.538438716410594154e-01	2.518479159975665294e+00	1.000124367608578924e+00	1.143205732260840213e+00	-1.714678283422651717e+00	1.275307189708972722e+00	-7.155967968739441742e-01
-1.599787592750000087e+01	1.917434395210305953e-01	1.141161920605265445e+00	6.344332055505235157e-01	1.109172231301172734e-01	-6.859083771703823329e-01	9.159558740441411384e-01	1.593855822795087196e-01	3.777199044874907652e-01	-1.725276257711947925e-01
-1.452358336815828999e+01	-1.807765164773619815e-01	1.745473671790274128e+00	-7.373703632859412993e-01	1.334035164113035743e-01	3.177893558464945922e-01	1.076384203920458388e-01	-5.442066734904109637e-01	-6.620900019939720549e-01	-4.921657831876513622e-01
-1.444070142418642355e+01	-9.936085395480852567e-01	6.453048087031981739e-01	-7.279708331772577479e-01	4.735025175735613212e-01	6.628045636841738419e-01	-1.806946572958053332e-01	4.529429706013567425e-01	-3.069828773106580630e-02	-2.098393076792965106e-01
-1.465499507318367556e+01	-2.194122401550298029e-01	1.128931012687522939e+00	-3.835674927674271872e-01	4.432467113514685364e-01	2.769323760958077307e-01	-1.006813570053119444e-01	1.389696927375883573e-01	-3.793930347042031026e-01	-1.512963766418039813e-01
-1.483017227351655798e+01	-1.642417308870403270e+00	2.064955537638303529e+00	-1.465938941969043563e-01	7.294380943782979854e-01	3.388611026216716837e-01	-5.897877100783620596e-01	-4.640544952260202693e-01	3.177693962325123800e-01	-4.493796204262193728e-01
-1.464922832985603662e+01	-1.992536888770267689e+00	1.083401505027687506e+00	1.670360674688916025e-01	1.054264680832425416e+00	-2.230759139244043454e-01	-1.608443891458402719e+00	5.426671398653806766e-02	3.710489344514323329e-01	-2.678181696166176962e-01
-1.452151767906272184e+01	4.882823121659413124e-01	8.835197025577465890e-01	-1.212483762027869894e+00	3.420405225330172549e-01	6.403748801036385219e-01	2.451147425752698006e-01	2.546299939505067278e-01	1.560009051797816015e-01	-5.162606823023553615e-02
-1.511564018527505127e+01	-4.555116506633746787e-01	2.061056084687773460e+00	-6.754630747536520541e-02	5.256325275282123233e-01	9.274230025908827835e-02	-7.468078788328021966e-01	-1.068843931593802393e-01	1.585270342756801842e-02	-5.589490943977147852e-01
-1.530708746254403962e+01	-5.788210153028632288e-01	1.685570876194595114e+00	-4.100634496609563140e-01	7.452026371778509573e-01	2.920531701098754152e-01	-1.970993885474238427e-01	-2.101366714470384311e-01	-2.357746731208911206e-01	-6.492532097783376699e-01
-1.489544193996602495e+01	4.142925878222826763e-01	1.114854238750552229e+00	-7.190899664577770078e-01	4.725700819281463128e-01	2.961366485001795112e-01	-3.418828113464166263e-01	-3.593640545856823243e-01	3.160161508581585399e-02	-9.821048122305084394e-02
-1.486633892874637830e+01	1.130988747276780115e+00	1.600183316036587922e+00	-5.994312323892990735e-01	1.225504893374351978e+00	-7.817149443931170269e-03	-2.507538094488347968e-01	-5.002849240069434655e-01	-5.325614183455119194e-02	-9.369677241507139154e-02
-1.482221144775409449e+01	-1.656908456984020894e+00	4.656397179174396883e-01	3.174370017947722999e-01	1.461764534243249036e+00	-3.544132551116491725e-01	-8.180622306613702932e-01	-2.386069013781633996e-01	1.313803243324654368e-01	-1.016369866112215581e-01
-1.481652490695085334e+01	-4.115406148955263466e-01	6.923173013338339565e-01	-2.629237364265581967e-01	8.187940117997214440e-01	1.628847535764210985e-01	-8.518723086519053300e-01	-7.345243997049841211e-02	-1.893372626965943509e-02	-3.914459481036541844e-01
-1.474762657984958381e+01	8.879196455451617009e-02	1.311148795358577646e+00	-9.646459151894232198e-01	7.537482637117685069e-01	6.108997356217902297e-01	-2.052676834377178405e-01	9.504790234073703381e-01	4.822163518405607752e-01	-4.417622320259544932e-01
-1.451391924638888042e+01	-1.493247543916323083e+00	4.708691775276382385e-01	3.503626413116023297e-01	1.104227538930225627e+00	-4.980205253747799765e-01	-9.285020582772055553e-01	-3.197956415861286095e-01	-5.676449927498285891e-02	-1.067502484817502671e-02
-1.487642782507980321e+01	1.111455622409504018e+00	1.327799206913014674e+00	-4.151752262461995691e-01	7.122253648128075154e-01	9.871258805613099263e-02	-2.071460824809071843e-01	4.416524866840020325e-01	-1.554709420607868625e-02	-4.675149933380343681e-01
-1.470344616887675571e+01	2.065385801344227223e-01	1.232426323169353077e+00	-4.105041780352211567e-01	6.965493104913240696e-01	1.346449101136939497e-01	-2.532443659075849784e-01	7.576453656771447998e-01	-5.484913585821866722e-01	-6.158071262079050090e-01
-1.492892208435106660e+01	6.520698550152774498e-02	1.489142916940140005e+00	-4.461658397740580484e-01	8.277566190627353437e-01	3.790263166171537468e-01	6.751197876374105677e-02	7.109450100435386055e-01	-2.170147616722734318e-01	-6.339046673184466352e-01
-1.519475170262654906e+01	-6.097939200494167933e-01	1.558676832652497346e+00	-3.170334884982798501e-02	8.023453817550145750e-01	1.163077691990456325e-01	-5.237918107415403535e-01	-2.473684066738559562e-01	1.791197438221249147e-02	9.962837595091754081e-03
-1.526160039000137658e+01	6.458068261791769515e-01	1.640444524330754605e+00	-7.329086424935589150e-01	9.638865484784432391e-01	2.381965525454135257e-01	2.482168766486925540e-02	-6.615605178676819964e-01	-1.275307273638234262e-01	-6.709005633979673311e-01
-1.499079842444991684e+01	-1.984642918800848532e-01	1.036538595817006359e+00	-4.565217957301967444e-01	3.008291289496987098e-01	3.401287239810083518e-01	2.358693572344008806e-03	3.910125076812496873e-03	-3.136000073151097300e-01	-8.519484695193924040e-02
-1.460003883122620927e+01	-8.018000400415840057e-01	6.037545695428297998e-01	-1.459545153527108952e-01	1.164263675663214537e+00	6.041779883268489915e-01	2.635755287292108617e-01	-2.412236874013627963e-01	3.233012832817052096e-01	-5.564399667838944019e-01
-1.420757297787554840e+01	1.253820080001602166e+00	6.483103387311245358e-01	-9.700629615958376029e-01	2.930916148660253628e-01	1.787442716058567638e-01	-6.409000119828739406e-01	2.588038022134726002e-01	-8.143427455118902591e-03	-3.478410652896805622e-01
-1.537963719726170631e+01	4.902676680987183011e-01	1.622626989117376572e+00	-4.732412680825608953e-01	1.007301606109267667e+00	9.782523420488943577e-02	-3.439353400732993449e-01	-2.438544818137139136e-01	-5.797743044042727445e-02	-4.728271751617559304e-01
-1.494022098914305197e+01	1.286937473804576682e+00	1.592120770658192574e+00	-1.551449170175384917e-01	1.127288195315777175e+00	8.262009100015681173e-02	-1.509322403309032792e-02	-6.009728187502854091e-01	3.585706491814981134e-01	-4.548210994444120137e-01
-1.469755246725392972e+01	7.448506774500637251e-01	1.266222544285551255e+00	-5.013629929905603078e-01	9.349813863721887497e-01	1.935795552616328408e-01	-3.952259989407909679e-01	1.044315379339289862e+00	6.600927654147657753e-02	-6.869692588531501887e-01
-1.478749169103335426e+01	-5.304856339424035561e-01	3.644443025437540257e-02	-6.006834268953817890e-01	1.010325439170383310e+00	1.038494073241072568e+00	5.374190608842660533e-01	-3.302432128636386688e-01	4.689927704517178886e-01	-1.556370277008263525e-01
-1.520755051731923579e+01	9.363060376939172924e-01	1.495422132646269775e+00	-5.827080222275838883e-01	9.353697045583595493e-01	1.223972699966505151e-01	-1.888142587631351163e-02	-1.772129456478492848e-01	-7.806317448772352730e-02	-2.702229113403449845e-01
-1.500699346438131343e+01	1.096409897790271204e+00	1.442374903085481330e+00	1.458730718921875391e-01	6.139518112159063623e-01	1.562883580516469528e-01	-2.882873772172128701e-01	-3.799264468291770336e-01	-1.139554636078891764e-01	-3.561435355058073515e-01
-1.503073047007359087e+01	-1.049583310870195962e+00	7.013839204789126258e-01	-1.015151556021927359e-01	1.596939912035451936e+00	4.405043770867030917e-01	1.720344933427738702e-03	-3.773551528068765371e-01	5.450624080468623456e-01	-5.477093268315763597e-01
-1.509822973066916241e+01	2.434136117319214698e-02	1.609782261895155830e+00	-6.368751397322582886e-01	1.081386337524071539e+00	5.429622715720940906e-01	-7.663924804817819070e-02	6.402446623227744382e-01	2.202204779526120704e-01	-5.646963511285162385e-01
-1.490700026143804990e+01	1.273181787293089062e+00	1.421224275588915509e+00	-6.735515159334409807e-01	9.956198068452583039e-01	1.629164297264664441e-01	-1.445904544110593049e-01	-9.411559571008773495e-02	-5.627200853382416379e-02	-3.933662739578175360e-01
