570
-29.4840145111084 21.552656173706055
-32.03525924682617 22.592721939086914
-30.607526779174805 21.69648551940918
-28.715490341186523 18.93425750732422
-30.070945739746094 20.725431442260742
-32.580326080322266 17.045103073120117
-29.59503746032715 22.99481773376465
-31.906864166259766 20.50989532470703
-28.60901641845703 23.748615264892578
-27.960935592651367 22.156293869018555
-26.455364227294922 22.955095291137695
-33.09272003173828 13.82449722290039
-30.736621856689453 19.323162078857422
-23.259056091308594 23.960365295410156
-28.594818115234375 20.897640228271484
-26.608444213867188 9.09543514251709
-24.916189193725586 8.675435066223145
-32.27415466308594 23.908090591430664
-29.131189346313477 19.997451782226562
-22.74748992919922 5.965849876403809
-25.416492462158203 8.811388969421387
-27.6878662109375 19.602155685424805
-20.675189971923828 4.878772258758545
-33.76622009277344 14.331096649169922
-22.947277069091797 -8.05998420715332
11.120365142822266 -33.97081756591797
-24.53794288635254 24.464780807495117
-27.16683006286621 20.670827865600586
-20.05095863342285 27.865442276000977
-32.31309127807617 23.980594635009766
-22.287612915039062 26.600610733032227
-24.21354103088379 25.343210220336914
-29.314233779907227 18.419862747192383
-25.86933708190918 20.890369415283203
-21.822811126708984 23.681617736816406
-21.2584228515625 -6.473198413848877
-28.795719146728516 17.588504791259766
-31.943622589111328 13.727584838867188
-22.142372131347656 -7.252956867218018
-23.591428756713867 -7.312865734100342
-23.939783096313477 6.734946250915527
-27.908000946044922 21.563716888427734
-10.397467613220215 -1.793118953704834
-23.558767318725586 -8.71256160736084
-32.39366149902344 12.70648193359375
19.2392635345459 -13.214343070983887
-33.14435958862305 12.815381050109863
-16.86350440979004 28.417207717895508
19.233137130737305 -13.17141056060791
-26.855642318725586 22.06363868713379
-19.148841857910156 27.893402099609375
-19.432405471801758 -13.452930450439453
-29.95528221130371 12.587044715881348
-32.5059814453125 15.266977310180664
-22.508052825927734 -9.677882194519043
8.67565631866455 -33.07977294921875
-31.199630737304688 12.129305839538574
-18.407339096069336 26.14508628845215
-22.375015258789062 -12.67504596710205
12.772575378417969 -33.3050422668457
7.852940559387207 -34.89690017700195
-25.854656219482422 17.22161293029785
-31.681386947631836 15.396961212158203
-22.443235397338867 9.625142097473145
-21.085460662841797 26.742002487182617
-23.446815490722656 10.819311141967773
-22.884937286376953 7.511428356170654
1.5057733058929443 24.27475357055664
-23.287694931030273 -11.839173316955566
-8.858009338378906 -1.0062854290008545
-26.925521850585938 21.899402618408203
-30.66059112548828 14.448389053344727
-21.969017028808594 -11.878437042236328
-22.816444396972656 -10.556801795959473
-21.981287002563477 25.954252243041992
-22.741294860839844 12.522931098937988
9.818988800048828 -32.152984619140625
-20.671207427978516 -8.374822616577148
-23.970449447631836 11.628305435180664
-28.05181884765625 14.987201690673828
-20.434389114379883 -12.681294441223145
-20.917034149169922 -11.837541580200195
12.78166675567627 -33.275020599365234
11.54859447479248 -32.040409088134766
-22.303098678588867 11.370611190795898
-19.350584030151367 26.327905654907227
5.229457855224609 -29.792255401611328
-20.3338680267334 23.246707916259766
7.0745768547058105 -34.823326110839844
-31.582033157348633 12.518630027770996
-25.670921325683594 19.096454620361328
-22.721242904663086 12.359343528747559
-17.926759719848633 27.645885467529297
-19.582992553710938 22.602073669433594
-21.422054290771484 24.84062385559082
-6.420634746551514 -1.7925140857696533
22.990026473999023 -10.731156349182129
-21.22235107421875 18.941925048828125
31.540456771850586 7.213504791259766
-7.750528335571289 -0.3540976047515869
9.98231315612793 -31.05913543701172
-8.826224327087402 -2.2415618896484375
30.532041549682617 7.708330154418945
29.403635025024414 6.047860145568848
-18.632652282714844 23.536365509033203
-19.851600646972656 24.990591049194336
-22.949260711669922 10.789560317993164
7.529789447784424 -32.50936508178711
22.232925415039062 -19.68702507019043
-20.884489059448242 -10.962803840637207
30.13916778564453 6.886414527893066
9.580589294433594 -13.235350608825684
-21.19808578491211 -10.704607009887695
-19.775440216064453 -9.858743667602539
-29.203887939453125 14.599614143371582
11.531293869018555 -32.48371124267578
7.911777496337891 -13.734349250793457
31.37860679626465 6.092061519622803
-16.90241813659668 24.364707946777344
-19.200294494628906 -11.494619369506836
-24.504257202148438 18.34956169128418
6.958939552307129 -30.102420806884766
-18.7958984375 -12.169865608215332
7.287630558013916 -30.91812515258789
6.83821964263916 -31.55044174194336
25.40680503845215 -24.120275497436523
20.854074478149414 -24.966768264770508
21.397436141967773 12.322561264038086
21.378509521484375 -10.54090404510498
6.135728359222412 -30.856706619262695
6.327540397644043 -33.298465728759766
8.859319686889648 -31.033794403076172
-18.066537857055664 22.872398376464844
-5.85201358795166 11.963871955871582
6.692464351654053 -12.621832847595215
-1.3644680976867676 -5.476137638092041
-21.469240188598633 17.13829231262207
30.06441307067871 5.155884265899658
8.358214378356934 -27.539291381835938
-20.068925857543945 -10.974884986877441
24.204801559448242 -25.202760696411133
6.571768760681152 -33.05901336669922
-29.02565574645996 14.606046676635742
-24.450523376464844 18.30889129638672
12.604558944702148 -25.809045791625977
8.514425277709961 -13.203548431396484
10.641901016235352 -29.079256057739258
-29.0340576171875 11.815902709960938
8.264225959777832 -29.812633514404297
7.52805757522583 -11.905965805053711
22.411195755004883 -26.80068016052246
8.848334312438965 -14.076827049255371
7.652303695678711 -12.904156684875488
20.085845947265625 -26.358991622924805
30.034536361694336 5.107422351837158
-5.467136383056641 -1.3996942043304443
9.036383628845215 -30.368972778320312
-28.925621032714844 11.77390193939209
25.861608505249023 -22.17955780029297
6.532206058502197 -33.02993392944336
-17.426496505737305 22.583040237426758
-6.666220664978027 25.77337074279785
3.061962366104126 -10.005195617675781
-20.901884078979492 14.23238468170166
3.546496868133545 -9.4808931350708
-16.173032760620117 21.621700286865234
-30.194114685058594 10.9736909866333
24.984989166259766 -23.1313533782959
23.510271072387695 -23.69601058959961
8.807825088500977 -12.06490707397461
-16.79768943786621 24.137290954589844
22.609861373901367 -25.02020263671875
-24.76576805114746 17.220468521118164
22.141996383666992 -24.23896026611328
22.857418060302734 -8.953213691711426
6.530714511871338 -27.781169891357422
8.242329597473145 -28.335243225097656
-18.815156936645508 21.598438262939453
-18.507230758666992 16.15952491760254
29.175859451293945 11.74397087097168
21.91455841064453 -8.345512390136719
21.99913215637207 -22.676191329956055
18.958393096923828 -9.847406387329102
27.76861572265625 12.339632987976074
-13.954256057739258 25.50421905517578
28.811269760131836 9.084308624267578
28.540237426757812 9.843774795532227
-11.498287200927734 26.566877365112305
20.605188369750977 -26.892887115478516
25.641979217529297 2.3929786682128906
26.864965438842773 2.7873809337615967
-15.321136474609375 -11.165816307067871
5.3780107498168945 -31.670419692993164
5.881190299987793 15.615922927856445
-20.184377670288086 26.293787002563477
-20.269216537475586 21.04608726501465
22.353425979614258 -25.982267379760742
-5.513848781585693 -0.7306725382804871
12.062049865722656 -21.963939666748047
28.340576171875 11.455656051635742
17.171537399291992 -25.20318031311035
-20.266618728637695 21.193336486816406
-16.892988204956055 -7.853289604187012
10.245576858520508 -26.111753463745117
-17.92524528503418 -11.564682006835938
16.468246459960938 -24.984458923339844
-0.8210526704788208 -6.7578582763671875
23.744678497314453 -22.466537475585938
19.75200080871582 -19.867279052734375
-16.742225646972656 -11.844316482543945
19.120676040649414 -24.159902572631836
11.864304542541504 -27.203807830810547
-18.13759422302246 -10.11172103881836
-16.55768394470215 -11.048988342285156
-6.260797023773193 7.755048751831055
29.35010528564453 10.039040565490723
13.676716804504395 -6.758222579956055
21.515174865722656 -21.761011123657227
20.33354377746582 11.873759269714355
22.477460861206055 -23.061038970947266
2.083393096923828 3.43035888671875
3.7062814235687256 -9.528264045715332
14.482747077941895 -7.750574588775635
20.873586654663086 -23.62098503112793
21.63606834411621 -9.152213096618652
19.035093307495117 -1.2846745252609253
-18.065467834472656 -10.25922679901123
27.70843505859375 4.818439483642578
17.26133155822754 -1.0930585861206055
20.25689697265625 -10.0151948928833
23.797988891601562 -24.529253005981445
27.3658504486084 11.6884126663208
19.97473907470703 -9.084207534790039
22.71280288696289 -21.171478271484375
20.548133850097656 -21.503862380981445
-11.146683692932129 23.39057159423828
1.6023476123809814 -6.997807025909424
24.315937042236328 -22.419288635253906
22.66214942932129 -7.810984134674072
-9.345684051513672 23.97832489013672
15.684160232543945 0.9884945750236511
9.593708038330078 -29.27610969543457
24.450273513793945 -8.808490753173828
-0.20736108720302582 -6.371105670928955
4.047062397003174 -7.632483959197998
20.335206985473633 11.869828224182129
-18.72637176513672 18.674301147460938
25.595775604248047 10.926258087158203
-6.527223587036133 24.673267364501953
28.424867630004883 10.893861770629883
24.460399627685547 -8.809320449829102
8.825315475463867 -12.280707359313965
-4.781096458435059 8.453337669372559
-15.937138557434082 14.616262435913086
17.04323387145996 -2.407000780105591
-13.419255256652832 -9.114413261413574
-4.722744464874268 23.301530838012695
13.935108184814453 -12.061809539794922
27.727935791015625 10.75682544708252
9.066229820251465 -10.571390151977539
6.547331809997559 -27.645780563354492
-15.00041675567627 22.60879135131836
-17.06606674194336 19.717941284179688
13.930060386657715 -12.06867790222168
15.897363662719727 0.009493164718151093
20.90772247314453 -22.840608596801758
-10.715874671936035 24.710216522216797
-11.621416091918945 9.492514610290527
10.259503364562988 -25.95684051513672
13.568161964416504 -25.481212615966797
-1.7879838943481445 -1.4837998151779175
14.361968040466309 -13.619690895080566
-2.8431715965270996 0.295116126537323
0.3754599094390869 -6.334264278411865
-16.88321876525879 -7.8632307052612305
-4.019697666168213 12.44719123840332
13.231146812438965 -21.22793197631836
21.485658645629883 -7.1276373863220215
7.371047019958496 7.996802806854248
-15.03096866607666 -13.55646800994873
17.6473445892334 0.31461554765701294
16.431697845458984 -0.9209533333778381
15.35659122467041 -24.414566040039062
0.5675477385520935 -6.520304203033447
15.682948112487793 -1.2980343103408813
4.469218730926514 19.578266143798828
-14.347562789916992 22.525766372680664
6.2843828201293945 3.4610748291015625
4.847122669219971 12.13377571105957
14.49433708190918 -0.821742594242096
-6.6872878074646 6.9945573806762695
-14.203483581542969 -10.510818481445312
20.900331497192383 -8.033961296081543
15.837285041809082 -2.2920830249786377
16.743431091308594 -8.947938919067383
-3.5366673469543457 -1.5213589668273926
18.2813720703125 0.12834462523460388
14.324881553649902 -13.489214897155762
-18.74445915222168 21.34235954284668
3.8194732666015625 -2.5317156314849854
-13.880882263183594 25.45042610168457
13.593427658081055 -23.40056037902832
-15.87421989440918 19.617080688476562
6.714443683624268 -6.231717586517334
25.082218170166016 10.7591552734375
18.26375961303711 -0.21723023056983948
17.016244888305664 -6.058677673339844
4.674000263214111 -5.037678241729736
-14.49145221710205 20.64891815185547
19.432661056518555 -8.525634765625
4.572798728942871 9.639572143554688
7.521744251251221 9.812936782836914
19.544815063476562 -21.19943618774414
-6.328257083892822 -0.09343991428613663
18.3029727935791 -0.9469958543777466
-1.1358689069747925 0.08207898586988449
14.23774528503418 -24.94611167907715
2.1586642265319824 -2.56190824508667
18.586448669433594 -41.99635696411133
-1.0370733737945557 1.4089831113815308
-10.83768081665039 21.239606857299805
-1.7511311769485474 -2.7090156078338623
-5.188045978546143 7.431993007659912
16.9247989654541 3.8256032466888428
20.23975372314453 -7.055613994598389
-0.6289936900138855 -0.6330223083496094
19.761526107788086 -22.888334274291992
13.448718070983887 -21.24556541442871
26.432117462158203 4.073268890380859
4.984677314758301 14.258487701416016
8.92712688446045 -8.87368392944336
-13.843343734741211 20.78443717956543
7.779655933380127 -10.055309295654297
-9.524620056152344 20.76435089111328
-9.897957801818848 22.70018768310547
4.61046838760376 9.595162391662598
18.586416244506836 -41.99059295654297
7.718857288360596 -9.958419799804688
9.017364501953125 -8.650500297546387
-14.365928649902344 -12.369817733764648
2.6871418952941895 -0.07358399778604507
15.268706321716309 -23.61888885498047
23.57685089111328 9.741116523742676
4.344751358032227 -4.3782267570495605
20.044010162353516 -22.56839370727539
-12.9428071975708 20.363548278808594
13.417304992675781 -1.5717750787734985
7.31068229675293 -8.457557678222656
7.259431838989258 -5.975017070770264
3.372356653213501 8.125787734985352
-0.352451354265213 1.2763736248016357
7.407828330993652 9.763490676879883
-13.092925071716309 21.587303161621094
-15.470237731933594 17.41466522216797
2.754807949066162 10.606780052185059
4.102392673492432 2.763587236404419
14.383688926696777 -2.2232933044433594
-14.412357330322266 19.478328704833984
18.344820022583008 -21.987070083618164
4.754360198974609 -6.743368148803711
16.469839096069336 -8.291849136352539
25.778261184692383 6.46475076675415
-11.51086711883545 -9.026156425476074
-4.369258403778076 20.691190719604492
-13.174592971801758 19.415491104125977
2.9435181617736816 10.696566581726074
2.5900373458862305 1.5783331394195557
5.445995330810547 19.605804443359375
-5.463832855224609 17.104148864746094
24.52644920349121 4.323674201965332
4.0575761795043945 13.817030906677246
23.62451934814453 7.806290626525879
4.349429130554199 0.11075557768344879
6.266799449920654 -0.35559865832328796
-9.430386543273926 22.68948745727539
-5.062708377838135 19.092731475830078
0.6795090436935425 -1.9015568494796753
10.731388092041016 -1.2784836292266846
-2.9902870655059814 -1.565490484237671
-13.82435131072998 18.91360092163086
14.46865463256836 -1.6462184190750122
25.43032455444336 7.471907615661621
-5.039139270782471 19.08449935913086
7.121591567993164 6.590334415435791
18.420434951782227 -21.956899642944336
-11.458436965942383 22.318647384643555
-12.610345840454102 21.50348663330078
-13.565239906311035 20.203351974487305
16.978933334350586 -7.512379169464111
4.175318717956543 -0.3417973220348358
26.877840042114258 7.691524982452393
5.702035903930664 19.491682052612305
-14.421728134155273 14.447738647460938
-12.065559387207031 -13.569916725158691
5.894679546356201 19.39304542541504
0.9690755009651184 1.3391447067260742
7.089052200317383 -5.003251075744629
24.676389694213867 7.857481479644775
6.342095851898193 8.179759979248047
6.4811882972717285 -4.076151371002197
-11.10965347290039 20.858129501342773
-12.747490882873535 -12.9027099609375
0.7842413783073425 -0.34881484508514404
-11.819120407104492 -14.975828170776367
-3.8875019550323486 12.261446952819824
16.920198440551758 -7.568421363830566
1.8158023357391357 -0.18857775628566742
3.6052474975585938 16.566011428833008
24.284622192382812 7.031001091003418
11.201313018798828 3.2444205284118652
12.891274452209473 -6.68902063369751
11.273950576782227 -4.096680641174316
-4.24119758605957 -0.45604828000068665
-0.91825270652771 17.099502563476562
-6.276354789733887 3.5576391220092773
-10.56491470336914 -12.621829986572266
-2.593522310256958 18.882169723510742
4.859155178070068 -2.0579895973205566
24.70631980895996 6.452435493469238
23.376739501953125 4.393013954162598
-12.36055850982666 19.663806915283203
6.135484218597412 8.151726722717285
-4.563004970550537 3.2735679149627686
-4.890644550323486 4.975016117095947
3.495009422302246 14.465312957763672
21.136150360107422 3.8246192932128906
-5.393892288208008 2.6543514728546143
-6.850332736968994 -16.927722930908203
6.144092559814453 1.9183720350265503
-10.628233909606934 -16.638792037963867
-3.2041938304901123 -15.433393478393555
-10.0219144821167 -11.337747573852539
-9.439186096191406 -14.904629707336426
23.80759048461914 6.106978893280029
3.150204658508301 15.456293106079102
-10.48615837097168 -13.830961227416992
-1.7292951345443726 14.766244888305664
5.26890754699707 5.988150596618652
6.842283248901367 -2.5286829471588135
-8.190934181213379 -16.348140716552734
-6.200417995452881 20.414621353149414
-3.6280980110168457 20.63978385925293
4.774598598480225 2.1981570720672607
-5.060841083526611 5.103181838989258
-6.592461109161377 -15.104393005371094
-7.978951930999756 -14.823737144470215
21.335918426513672 4.793440818786621
21.716480255126953 4.844577789306641
-6.580132484436035 -13.602917671203613
5.252610206604004 5.9975762367248535
-4.58192253112793 3.1362695693969727
5.837419509887695 0.6891646385192871
1.8100980520248413 -1.247918725013733
-6.057187080383301 22.769004821777344
23.758264541625977 5.306231498718262
5.539538383483887 -1.6524590253829956
5.414066314697266 -0.6494573354721069
-3.2920820713043213 15.362587928771973
5.956401824951172 -1.6787725687026978
-7.188187599182129 -13.584179878234863
22.984285354614258 5.77218770980835
-5.7948431968688965 3.6851797103881836
-9.013422012329102 -12.608148574829102
22.924739837646484 6.594674110412598
2.050489664077759 -1.4737117290496826
-8.739922523498535 -10.306058883666992
-8.387382507324219 -13.496930122375488
-8.842961311340332 -11.62152099609375
10.235530853271484 -2.880985975265503
-2.347569465637207 -13.412607192993164
24.92869758605957 5.441121578216553
-5.187864303588867 -13.59616470336914
22.977996826171875 5.052915573120117
22.362903594970703 4.1298089027404785
-1.7239962816238403 7.559506893157959
-4.026604652404785 -14.03055477142334
20.537656784057617 9.261314392089844
22.01251983642578 8.750462532043457
19.648088455200195 5.396923542022705
3.452331304550171 14.784645080566406
0.6103227138519287 -2.850057363510132
3.1845390796661377 16.023151397705078
4.749478340148926 -0.7808765769004822
21.747812271118164 6.4609503746032715
11.027341842651367 2.823312759399414
-7.666764736175537 -9.708030700683594
-7.6699113845825195 -11.555216789245605
-1.4954723119735718 17.341106414794922
-4.107963562011719 13.572538375854492
-7.296698093414307 -10.139995574951172
2.3023622035980225 12.571313858032227
20.379253387451172 6.532283306121826
-3.8897266387939453 -10.902806282043457
-7.838757038116455 -12.183136940002441
-4.452944755554199 -12.862736701965332
-3.460078239440918 16.32500457763672
-14.392742156982422 17.695632934570312
-6.852853298187256 -12.603596687316895
-2.9517712593078613 -11.866081237792969
-5.692978382110596 -11.90571403503418
-4.0525221824646 14.755134582519531
-4.783371448516846 -8.1004638671875
-7.620064735412598 -11.237150192260742
9.774321556091309 -1.9877394437789917
-8.33890151977539 22.28043556213379
-3.9983012676239014 -13.25449275970459
8.89075756072998 -2.119069814682007
22.301576614379883 5.836702346801758
21.67784309387207 6.827754020690918
-14.012650489807129 17.404743194580078
21.197864532470703 5.772634506225586
8.838743209838867 -25.02062225341797
-5.558016300201416 -10.41536808013916
10.962993621826172 2.672128200531006
-4.866530418395996 -14.945049285888672
-6.731799602508545 -11.388815879821777
-3.316497564315796 -13.079273223876953
-5.699143409729004 22.209959030151367
-6.67967414855957 -10.699403762817383
-4.529760837554932 -11.941082000732422
-13.030505180358887 18.161943435668945
1.855872631072998 15.20439624786377
-8.374561309814453 19.000595092773438
-3.928443193435669 -11.882829666137695
-11.114922523498535 19.72262191772461
-7.997467041015625 18.32647705078125
-2.4606688022613525 21.18612289428711
-10.819082260131836 16.92835807800293
6.946471214294434 -23.10540199279785
-1.2562530040740967 7.010781764984131
-1.2045527696609497 10.484004020690918
-8.738457679748535 -7.858581066131592
-7.197080135345459 20.336238861083984
2.7456977367401123 13.555415153503418
-11.176640510559082 14.410799980163574
-6.832791805267334 -8.395259857177734
2.048675060272217 -4.57738733291626
3.0291225910186768 12.633737564086914
2.263622522354126 13.653356552124023
-11.357965469360352 18.47882080078125
-12.876041412353516 16.6785945892334
-7.469857692718506 19.02694320678711
7.264098644256592 -22.723390579223633
-11.998804092407227 18.380462646484375
-3.0018532276153564 20.892093658447266
-12.366182327270508 -10.617300033569336
-7.649221420288086 20.857027053833008
9.047740936279297 -0.4088446795940399
1.5271480083465576 -14.556530952453613
8.693116188049316 -7.175997734069824
-1.7108893394470215 11.553703308105469
-0.30303388833999634 6.0087785720825195
-12.531427383422852 16.74053955078125
-0.9902724027633667 11.345820426940918
9.308218002319336 -23.911426544189453
-0.9776638746261597 11.21358871459961
9.575162887573242 -23.20162010192871
8.023637771606445 -21.743196487426758
-0.6327131986618042 6.325424671173096
-7.425853729248047 19.339298248291016
-12.276081085205078 17.114887237548828
7.300060272216797 -22.630422592163086
-12.1558837890625 -10.653131484985352
-10.199586868286133 -9.946701049804688
-11.175579071044922 14.643223762512207
1.530455231666565 -14.556513786315918
8.3832368850708 -3.8918874263763428
9.865972518920898 -3.2720065116882324
9.44346809387207 -23.71770668029785
10.424417495727539 -23.48394203186035
