4.713727870039927104e-02
4.983561657394565136e-01
2.705467294281433885e-02
4.728100966177612580e-02
5.549698288258974460e-02
1.360400246543146466e-02
3.184408186781257505e-02
4.874273444108091768e-02
5.630194060405547402e-02
9.928195305651772717e-02
3.042668721239178906e-02
1.129020230535941888e-01
1.587359660224205715e-01
2.015368812772239462e-02
1.348058606893852707e-01
1.713020475153946565e-02
1.566648754514796127e-02
5.095509249557361731e-02
1.515665495535800308e-02
3.732575979655920057e-02
9.710283707975662926e-02
5.865513821827176427e-02
4.612435225876253958e-02
1.254304529185723771e+00
4.552724807154829439e-02
1.929395204246790174e-01
4.256149772265032660e-01
9.250065608597814182e-02
2.251531836387104732e-02
3.027806609337828012e-02
2.518018855260184194e-02
1.393128580607651788e-02
1.527010833037184268e-01
5.469862764696302448e-02
9.982199672500789711e-02
4.452414217888518017e-02
1.423283377333848208e-02
2.422130284184617621e-02
4.725259861170363895e-02
1.870135940924981879e-02
3.936668964873492327e-02
5.139135419305274066e-02
2.322052263788621645e-02
1.010548283125263014e+00
2.382232964739548070e-02
2.815131459400696187e-02
3.435048055232904629e-02
3.428060085338582169e-02
1.107642332351158054e-01
8.305501657586500386e-02
4.188361654328631029e-02
2.073142625275642068e-02
1.946776630935408647e+00
1.445102266710185206e-02
3.380789230572350118e-02
4.279574219548525765e-02
3.174872266373762741e-02
3.788003162945315916e-01
2.126673617777066760e-02
1.826692732346975601e-01
1.831924314068536508e-02
2.905992259118518328e-01
2.562062334372412417e-02
3.558304728456279653e-02
2.794189637567131776e-02
3.962744896186767840e-02
6.805322455057918329e-01
2.489008883612599948e-02
3.765775400623933705e-02
3.970524113784923426e-02
6.908304364924454655e-01
7.449156755202188673e-01
5.217020675274382929e-02
5.434913614458960485e-01
1.206567203632393781e+00
1.574111279095941507e+00
8.768262526823528136e-02
2.383365041611996624e-02
4.652597744174648969e-02
2.703262336605825489e+00
1.672669319569454124e-02
1.113993541101275520e-01
5.072536466697603191e-02
2.403943964510105169e-02
5.048571837233194887e-02
2.209996508069232007e-02
2.935374637512623563e-02
4.012656645834513508e-02
4.296464742834838618e-02
2.517356264984512912e-02
1.095939660822752987e-01
1.648942936899809239e-02
2.946467358007275397e-02
2.856737074636807316e-02
3.806965758866508176e-02
3.047135276779967469e-02
4.433223764508521791e-02
3.425443746576175424e-02
2.269481373954370870e-02
5.736110554891505897e-01
7.159701033799449610e-02
2.482064714203922329e-01
2.340995447175449329e-02
3.468333142338081432e-02
1.831561921444814500e-02
2.360479865148296108e-01
4.649438612109384195e-02
2.663208645403633903e-02
1.461075470670859973e-02
1.999992812543282400e-02
4.639960637271607624e-02
2.612740206004183705e-02
9.587352638403755234e-02
4.864869246123006141e-02
1.616067742596171697e-01
2.726688979926053177e-02
8.982361289737890442e-02
2.718161610793922711e-01
5.009933199717955810e-02
5.510329802378950009e-02
7.125550271165520533e-02
1.303362801168106953e-02
7.038503919173969003e-02
2.107344950334927303e-02
1.691201585777609567e-02
6.001931227740800456e-02
1.604145659069514118e-02
8.764180967108878284e-02
2.822514732181460873e-02
4.837109746922133718e-02
4.482984334897217177e-02
2.702124859285842673e-02
1.886109144885656647e-02
9.837321309280250281e-02
4.086439655638120921e-02
4.306860299195400948e-02
5.074386683475985010e-02
4.225836407744979623e-02
3.974031432813254772e-01
1.779353424234285386e-02
7.923388200860426167e-02
4.433011556602943493e-02
4.581791115024119732e-02
6.016644927015076666e-02
1.098876297812955566e-01
7.211757538035641624e-02
9.994939117663097228e-02
1.629100381130063613e-02
2.029612736128747971e-02
2.419319964739062231e-02
3.745975646278285748e-02
9.281882961274640076e-02
2.822642639183301980e-02
2.279160103022170869e+00
1.959304516632809010e-02
2.088626515110379028e-02
3.445883506077639102e-02
1.378980543652311430e-01
5.962033917337011824e-02
6.066413969084038377e-02
3.230216089956770148e-02
4.106417893911339101e-02
2.558150181139243196e-02
5.629594569229744855e-02
7.212954721172333550e-02
2.019619962506372102e-01
1.867825121512501629e-01
2.833431337564155106e-01
2.159873038745080062e-02
1.036157643293222352e-01
1.321658740045448255e-01
7.572826762338637219e-02
1.863861970029909859e-02
1.104010315975728768e-01
2.286422846667188757e-01
6.072893475419335191e-02
5.819226161159708061e-02
1.241930025655481051e-01
4.878099994493063918e-02
1.263720491052713717e-02
7.537543760089202016e-02
3.010454275502279925e-02
2.022468225495761829e-02
3.829298536570450995e-02
9.947228938013394361e-02
4.924676777243297554e-02
7.704267313772410197e-02
1.054921343690932295e-01
1.550841250110404808e-02
8.605400006970899407e-02
4.961077914709931258e-02
3.609139692344853767e-02
2.564126838550994519e-02
2.865852132456565837e-02
3.200381390741931925e-02
1.970299564169173887e-02
3.443949973895145400e-02
2.184182150055614599e-02
1.393202574451086334e-02
7.573842993278054325e-02
2.245494927878989230e-02
1.305853023102304319e-02
1.562917616767868847e-02
5.451099457594314746e-02
7.192886929011137187e-02
1.579145830058219582e-02
2.667520757782942953e-02
9.742134278318761997e-02
2.263038484806990935e-02
1.860605626111687047e-02
4.952061488224242247e-02
1.264191577956221696e-02
6.850029674496757592e-02
5.021767386623435941e-02
1.958051503586145242e-02
2.708459858827442709e-02
4.902922994131204970e-02
2.272333988512290071e-02
2.888713761808115593e-02
1.753250730729347118e-02
3.508766636868340671e-02
5.903275147685057428e-02
6.024432932738332108e-02
1.902877759065508601e+00
1.421433160555466736e-02
5.104719150414464834e-02
1.282582926759224390e-02
1.915350112220668560e-02
3.791589758637550767e-02
2.457147662640522118e-02
9.314813431257726317e-02
2.116235259992406414e-02
2.817009161673217701e-02
1.296448825117219039e-02
4.988840119062068479e-01
2.352804264246535770e-02
2.671264969222148650e-02
4.901288448069011233e-02
4.046277300082783135e-02
1.387381526526059415e-02
6.069012885298021714e-02
9.841819120529342324e-02
1.273777722679488196e-02
3.287102545939660225e-02
4.057950660682421024e-02
3.561552085341220808e-01
1.360400246543146466e-02
3.361751204148177852e-02
6.460847138544804913e-02
1.230750733991441415e-01
2.784280827608712552e-02
1.539931805422236483e-02
5.416374573618976118e-02
6.176903359041007596e-02
1.476451470899817035e-02
5.799567125311031607e-02
2.120230728629686826e-02
1.607878695485444667e-02
7.357479443729127155e-02
3.395331751274077020e-02
2.961364965977703045e-02
1.549637276971706397e-02
3.013083642750560148e-02
1.312312738977692017e-01
6.432323786721430570e-02
2.569573514155017863e-02
1.112652699243041332e-01
8.555060460072916317e-02
3.942087811414698995e-02
1.380242802312892265e-02
4.603865013730132350e-02
3.932421181208263505e-02
1.875345280191235697e-01
3.175262867794102079e-02
6.011409491899567803e-02
1.615380616996339724e-02
3.138067978188807672e-02
1.382219135919483463e-02
4.215900112292420010e-02
1.410523715867298238e-02
1.423880581065565913e-02
2.183711063152106446e-02
2.458985058882492275e-02
3.902847133082425202e-02
8.050282036756356563e-02
5.716912928159190860e-02
1.720630286270621867e-02
6.845899662557405896e-02
6.802075226559166354e-02
1.577376403454175402e-01
3.583306600797072500e-02
5.809682817860539056e-02
2.451503154767658080e-02
1.442948126367967487e-01
3.677388751059262190e-02
2.151998960027018404e-02
2.080419500261986021e-02
3.827824545575671256e-02
2.143998145424239166e+00
7.875197404797076861e-02
5.252539112480201361e-02
2.082183625962999093e-02
1.411975675068617708e-01
7.693749654912387936e-02
4.620854448630224570e-02
2.741843866587679798e-02
8.162320125812737304e-02
2.327166835060162989e-02
3.809395919571240824e-02
1.601007520858654595e-02
1.382261937343581479e-02
3.106149055761598526e-02
1.464412923920638265e-01
4.520179224502511584e-02
3.399358412330694135e-02
2.310671732196945341e-02
3.610772583852629725e-02
2.395844839267492060e-02
4.555266371811254600e-01
2.400908598539998329e-02
2.504769879667696417e-02
5.338287118442319734e-02
3.429910302116963988e-02
7.892804259733128547e-02
2.288852842820608344e-02
6.755106621815663848e-02
2.922076513516799062e-02
1.806081030465546577e+00
3.430606137182751203e-02
2.806110979708750230e-01
3.242042835888014202e-02
1.477490485867271296e-02
2.636197104253324222e-02
4.163200329956702472e-02
2.260591064296891758e-02
1.702111030465778066e-02
2.374487208560600582e+00
3.159233833923455470e-02
4.335998358670445363e-02
3.286556895592016719e-02
2.278414485035947998e-02
1.842471366132982999e-02
4.295486453630999457e-01
2.410614070089468070e-02
1.801848935954354636e-02
7.820838683023116633e-02
2.689451288896661102e-02
1.392190035066687703e-01
2.416942754296312612e-01
5.091031085011811508e-02
4.225504484238116337e-02
7.703444575286969020e-02
3.358416725479837495e-02
3.196484553438721371e-02
4.485187884935792207e-02
3.855489120367670136e-02
1.518112916045899485e-02
1.680292141089441069e-02
2.941993497111465572e-02
9.627357341142871172e-02
1.664318937128766301e-02
4.273660878227387300e-02
2.672406176884245532e-01
8.676252375961841790e-02
1.958051503586145242e-02
2.788150179417783411e-02
2.306346609414324650e-02
1.272013596978475124e-02
1.570884896626651428e-01
2.966157830389874045e-02
6.379768619674780483e-02
6.618468418779542561e-02
2.154809279472573794e-02
4.270704424557560802e-02
5.897043978214083076e-02
1.510285852440930610e+00
1.331239095636511764e-02
8.978320849769080847e-02
3.688812084075036857e-02
1.868756811050108213e-02
3.044370516349205122e-02
2.536802378666414351e-02
1.478407998585908878e+00
2.284260170451610228e-02
3.059211643437431336e-02
4.660215752116649290e-01
2.256124508756103195e-02
4.546827568355093357e-02
1.574648876826691690e-01
3.993454095220583949e-02
1.496294026669562661e-02
9.881612121674614169e-02
1.721317542969027781e-01
2.658699288438746977e-02
3.666522107795191360e-02
2.507429508083373892e-02
1.679392768706523126e-02
1.925794256425147899e-02
2.078569283483604202e-02
1.392531376875934084e-02
3.220244524467158476e-02
4.377141033197199521e-02
8.743255745067170237e-02
6.120044397593538826e-02
5.089338267893785822e-02
1.842487137743501702e+00
2.497160068551021114e-02
2.667758516348534004e-02
1.128315770811414431e+00
5.736694789809804185e-01
8.069347024280372482e-02
6.049067161279416682e-01
5.373570780705266142e-02
2.448075614194323776e-02
1.066748737068306419e+00
4.364996592927078423e-01
7.158775306082513223e-01
2.706814804988509349e-01
2.689714750015785305e-01
1.198948133068641619e-01
3.682966398659374280e-02
1.618597545450186637e-01
2.725182518074807936e-01
7.300459816910617183e-01
7.818506259469765185e-01
2.803181209571441873e-02
6.077498968324744621e-02
6.460986283858888291e-02
6.345257724737370097e-02
2.204024705825360225e-02
1.561153491066855602e-02
2.632599039424944110e+00
3.238309799472084000e-02
4.855555008883543494e-02
2.394828102016340401e-02
6.579908856307642440e-02
1.484913495077886184e-02
2.135414928932464762e-01
1.501668625181716739e-02
1.938680034719907769e-02
8.113397772582497947e-02
9.115813390567621688e-02
2.740229257996623868e+00
5.097722645550909620e-02
3.306399451361761999e-02
1.948522127257814596e-01
4.162766927112265120e-02
1.104437849220562262e-01
6.787877757304267012e-02
2.533883871252807021e-02
4.302656175875962247e-02
5.551203534962057679e-02
3.296632860752955058e-02
1.719777759476778523e-01
2.061688036551564268e-02
2.065640703764746663e-02
2.575139234135627397e+00
4.428332714497432709e-01
3.826839507055589812e-02
7.944368981573678157e-02
3.729094399346245814e-02
1.272013596978475124e-02
4.694101880073185684e-02
1.679821054185933263e-02
1.096992273876781915e-01
7.046714921227267836e-02
1.593319367042399792e-01
1.810288176104386804e-02
1.855652260879788601e-02
3.692563573745420713e-02
3.547128448442930099e-02
3.330871296688422967e-02
6.800200055845316560e-02
2.872070273441666363e-02
7.178376170329446582e-02
1.389288756718091156e-01
1.074892103920662839e-01
1.828351660935680773e-02
3.115778001908963216e-02
1.910390613383762259e-01
9.100046975168712970e-01
1.566217250339362044e-02
1.054780959721356576e-01
5.034433534120943965e-02
6.527766251952800414e-02
5.494113966602243160e-02
1.349490801854978141e-02
2.444841493744718056e-02
2.375211099082880084e-02
9.312991540812613767e-02
7.434273832984435171e-02
1.172678591764737266e-01
2.672299065732756940e-02
2.427485597644468973e-01
5.858334583633995757e-02
2.004650591176524582e-02
1.679821054185933263e-02
1.922875749011540569e-02
3.757430235002363894e-02
2.827918606361386200e-02
2.141089515338849905e-02
2.998559855582997105e-02
3.351180084193797204e-02
5.956711279066575354e-02
3.119190392007780699e-01
1.256894968565910875e-01
8.178687799053748764e-01
8.711042646481134688e-02
9.814517444672800350e-02
2.498284189096218466e-02
2.120230728629686826e-02
3.528232910798542732e-01
2.181371180541957500e-01
2.204244336622612072e-02
4.278960913295405677e-02
3.242582130215138081e-02
3.528735309466295850e-02
4.109034232673746539e-02
1.607878695485444667e-02
3.600720469590882461e-02
3.392715412511670275e-02
9.889245141759531177e-02
6.438809477292908867e-02
8.708069728638667684e-02
6.989842660055496648e-02
3.667076510102811049e-02
2.098224097054068871e-02
1.494317693062971464e-02
3.048086121175430999e-02
2.434698957632019378e-01
9.126072631535044055e-02
4.837330869530745425e-02
1.850293385155236253e-02
2.441950535114217544e-02
5.224599999191636979e-02
3.152277056448469367e-02
8.756893821227355879e-02
3.954282872008698518e-02
1.763041853045802521e-01
2.224956559646658616e-01
2.033252169066954718e-01
1.935486988809735284e-02
5.555675876922665235e-02
2.762504739656473571e-02
3.712136220154456379e-02
2.346361375099156182e-02
9.690518084465665760e-02
2.480803948258829272e-02
2.655706217581004294e-02
2.225386552119915096e-01
1.313637841774018544e-01
2.207380169306824916e-02
1.849953270247817194e-02
4.539036741752176113e-02
2.058330965349517871e+00
2.244575058912118976e-02
1.366843135690526401e-02
2.676691627430111131e-02
1.701085541254650571e-02
3.865246651612948281e-02
1.647926199648657927e-02
1.873768510626806424e-02
4.284885031823457147e-02
5.107028926463121760e-02
3.081756629046952453e-02
1.730446802832929371e-02
7.790323527961415251e-02
9.435153712727240016e-02
1.377324294899284762e-02
9.826654523531958008e-02
1.909476082389174878e-02
1.199817932325644571e-01
7.223153448846243718e-02
1.422812290430340229e-02
1.734242160798565857e-02
2.188177618692895010e-02
9.825559651530688110e-02
1.607878695485444667e-02
2.998968897147932910e+00
1.442659615475795909e-01
9.682856195570620217e-02
3.688981002327344078e-02
4.397793000604240804e-02
1.478501798349842605e-02
2.555321634471258152e-02
4.460663102909069588e-02
1.403440821564102582e-02
1.262671736817401469e-01
3.003026411123785669e-02
4.858940245303232375e-02
8.717455762690290433e-02
3.881355538077095602e-02
1.593884474226684236e-02
1.044643870076312209e-01
2.898355718358791577e-02
7.345107553761973107e-02
3.923530871550784394e-02
1.378047696830740805e-02
8.413749280010247855e-02
4.156032330075764419e-02
1.852909723917643345e-02
1.215487517413651741e-01
1.428347136606354650e-02
2.519010150346694468e-02
3.506445333186451047e-02
1.874063627078852157e-02
4.509166447014170687e-02
4.616129413716125174e-01
1.870733144656699584e-02
3.327252957962840291e-02
5.836533623117816372e-02
2.986145164191745388e-02
2.449526821161067056e-02
1.274629935740882042e-02
1.315005764981133467e-02
3.576496961128544649e-02
8.867346413170790198e-02
3.858939444969041593e-02
4.416763750856737142e-02
1.377144798348245713e-01
1.112474216219598577e-01
3.269569196617869850e-02
8.261745700250307245e-02
2.580011871939678209e-02
8.305294838284379977e-02
2.011093480323904170e-02
7.371479740728696939e-01
1.832968084749779514e-01
6.282030156402819143e-01
1.837378738050348681e-01
2.518978957927358112e-02
4.262751433539218454e-02
2.302209708018876019e-02
1.647563807024935920e-02
4.572303601634922915e-02
8.710584588063499667e-02
6.693579529468245137e-02
2.819028296703907088e-02
1.962518059126933806e-02
4.931781976386639260e-02
3.117101301873865041e-02
1.813267413802250108e-02
7.246828621700490691e-02
2.557091333217859641e-01
3.865019435180964968e-02
3.380971981984537411e-02
2.523916600371654828e-02
6.448355514893805429e-02
1.037412159904911035e-01
4.060887096956185965e-02
3.303075749900334646e-02
1.790939491266186137e-02
1.962989146030441959e-02
2.987747938288492500e-01
1.324848133278110074e-01
3.694528876989232324e-02
3.529134953071730307e-01
2.539292600600611891e-02
2.083422747081457027e-01
1.965008281061131346e-02
2.416579715221001470e-02
3.508550071065336118e-02
4.773406996887924469e-02
2.203553618921852073e-02
3.517228652005128381e-02
7.554252689247289987e-02
2.093945283712561264e-02
3.988861422851585486e-02
1.833538255051405524e-02
1.869557291348413530e+00
1.907330830530275939e-02
1.117911837884861675e-01
5.267702904803580471e-02
9.112884765960611866e-02
2.983654942257548195e-02
2.051323735899305070e-02
2.341810430954205102e-01
6.137484902001077991e-02
5.404406096567292150e-02
7.559991190277087769e-02
8.713490066991233518e-02
1.666465678990768640e-01
2.819071098128005104e-02
1.244782361741946647e-01
1.613597702609348983e-01
1.638159609039850639e-02
2.366247138517753701e+00
3.233623613134043590e-02
1.303362801168106953e-02
2.378492505431943627e-02
1.457967583681988311e-01
1.065263191226037687e-01
1.568707472273559236e-02
8.697688819153272244e-02
2.145663960485418714e-02
3.928115028298891254e+00
3.239198792464452192e-01
3.773671413489620985e-02
4.659480527806200700e-02
7.736939519564672851e-02
3.378022218862626602e-02
1.360599212588620155e-01
1.458628050160760622e-02
5.335941938545651908e-01
4.994824767157938356e-02
3.747099766823483447e-02
3.852967642725169811e-02
1.302082302627303144e-02
3.314456281492011297e-02
2.968792830356197301e-02
2.361831197604836452e-01
8.419193758582996234e-02
1.471984915359028298e-02
1.032381618298677806e-01
2.372594389627953604e-01
2.511363190414781510e-01
1.978365146259399021e-02
4.969842098497919552e-02
8.152402645265870162e-02
2.709891048398124433e-02
2.225246376099801748e-01
6.392229656672270277e-01
1.487360915587985360e-02
2.755621956024922187e-02
1.573719171850257101e-02
2.148366390325193859e-02
9.992162223833277179e-02
1.524555805193279420e-02
2.683059871761826753e-02
7.092522824402781867e-02
1.654006696172315855e-02
2.013459785173551397e-01
1.257413268044087928e+00
2.539837744636521191e-02
1.428347136606354650e-02
2.098882926156857981e-02
2.484274290256261591e-02
2.881223015320495337e-02
2.130495865416427437e-01
9.625638014989049140e-02
4.466145889389275259e-02
3.396640858236116833e-01
1.798833587380309004e-02
7.317052576457816482e-02
2.865627384294286428e-02
5.372191650830392823e-02
5.060376296406855767e-02
1.568707472273559236e-02
3.136986659067708683e-02
7.747600555058270499e-02
2.131611260221363477e-02
3.418529770525287337e-02
4.955106112466059476e-02
5.573941579044068562e-02
4.012505894228053371e-01
1.329691047509330530e-02
3.131837296947006383e-02
2.293864479108339433e-02
3.262717626200601351e-01
3.284763313397612294e-02
3.469595413656455241e-02
5.504181948312087541e-02
1.825664176333343866e-02
2.649766177357169850e-02
3.412557968281415555e-02
1.890147414947035420e-02
1.133652329038027595e+00
3.007492966664574233e-02
1.947421922709031278e-02
2.415813511865447238e-02
2.970298077059280173e-02
7.428513759458250931e-02
2.462507509398650374e-01
3.626148584081587134e-02
1.454632581523480038e-02
2.490674377979543164e-02
2.906346655633352746e-02
1.129109731984491161e-01
4.671449004857884668e-02
3.739489955706808144e-02
9.806894623152813406e-02
1.012337760216456550e-01
1.915429955772888701e-02
1.621393176430682981e-01
6.476223138773762322e-02
2.966302608421999762e-02
1.837533723688686282e-02
4.484415524467899594e-02
3.506916420089958852e-02
6.904576897937599045e-02
1.609045617454740035e-02
1.399614271179129739e-02
3.551320402198186732e-02
6.448512824141350297e-02
2.354823399277225157e-02
3.050170642750074310e-02
8.648747144705606904e-02
1.960306870110070099e-01
1.953218365692034608e-01
1.483551386318561205e-01
1.113936584647695488e-01
1.731366454809056543e-02
2.189775222081056683e+00
2.056750394107267552e-02
6.337368049809641302e-02
9.876846173155881536e-02
1.342576825804090226e-02
1.497632091950411859e-01
2.371323520051379571e-02
8.191733835861905733e-02
4.365488594121719884e-02
2.632111674870421178e-02
1.255320330031405585e-01
1.783266364058898670e-02
1.685666739601595146e-02
9.506061911628152505e-02
2.583838422324651052e-02
2.027848610427734899e-02
2.944483719045662765e-02
1.338482590213525281e-01
1.899329514769292626e-01
4.969050923124334468e-02
4.766200433231276845e-01
1.970598957147117261e-02
8.139302091341737988e-02
4.692722750198312365e-02
8.731790957778161333e-02
3.587302874108359158e-02
3.164353423105933233e-02
2.684679165183028737e-01
2.695210883234954932e-02
3.635256219009671413e-02
2.229870256258313990e-02
2.413366091355348061e-02
4.767082810718361596e-01
7.080083260447589399e-02
2.744669709912655672e-02
1.632189910159582924e+00
7.336936866780506550e-02
2.255144388692868068e-02
3.946345974470477636e-02
3.521192286292124107e-02
2.790536894959213532e-01
2.510516933749289137e-02
1.214112720120617689e-01
1.190217884824634892e-01
5.150527559901712377e-02
2.413282775951236525e-02
1.355336487270640197e-02
2.190625039202994187e-02
3.846693671830097444e-02
4.764326784165013456e-02
1.723929919842115063e-02
2.740214763376628768e-02
3.880069922171264923e-02
1.731431841353010467e-02
2.286876509214017320e-02
5.967823772842702212e-02
2.037689764480677540e-02
2.992588053339125323e-02
5.391049231369024475e-02
5.657730230925252235e-02
1.488527837557280901e-02
4.067875066850508425e-02
6.927861849105308722e-02
7.802963835477919052e-02
4.625769035808055540e-01
2.801035957712542934e-02
3.524739840829015092e-02
2.160992801392851506e-02
6.383336019823394880e-02
7.688891313543454176e-02
1.335436459694299138e-01
2.166389921735894369e-02
2.577992736908988822e-02
2.208565318498549937e-02
2.387831597152785187e-02
1.546718135764303115e-01
3.102892223614203346e-02
8.624592991909567352e-02
4.248391664249678845e-02
2.504074044601909202e-02
1.449909711092043640e-01
2.954069863768929438e-02
2.770923962410444877e-02
3.261768162408740929e-02
1.371193507154375713e-01
8.741655420253437170e-02
4.771847122765238147e-02
7.699496502852773983e-01
2.902713579619794343e-02
4.743268718582054760e-02
3.424652562161309421e-02
9.150277903733670948e-02
2.272333988512290071e-02
5.630108457557351370e-02
3.992612912521970037e-02
5.169856227343851834e-02
8.368389688751487476e-02
1.848914255280362587e-02
4.014632979441105226e-02
9.298268574225346250e-02
9.420438232320613170e-02
2.148963594056911564e-02
4.289036878456344015e-02
1.102826637800417009e-01
4.460180407000799430e-02
2.026278257460407961e-02
2.629058380040156725e-02
2.626610959530057549e-02
5.438783072051018436e-02
5.095466448133263715e-02
9.531682777187794331e-02
3.797186138867699179e-01
8.424963958343864578e-02
1.512032419522241732e-02
4.415017427437948477e-02
3.153503119244827069e-01
1.882156477672474251e-02
4.889969035536672476e-02
2.815075629490724693e-02
4.771107998046180548e-02
2.442570043686080952e-02
1.399588130123469720e-01
9.565885102247079219e-02
3.644872136671162277e-02
1.789900476298731877e-02
3.188874742322046069e-02
5.378902577793322204e-02
7.252765949540035395e-02
2.445605409656187446e-02
2.337428264017578708e-02
1.703659078592959300e-02
1.339903888622829276e-01
8.750166053974497427e-01
6.263994501538469595e-02
3.661692653318946583e-02
9.002331562642577889e-02
1.739305920071072126e-02
1.255366665149756811e+00
3.751947448522157530e-02
3.990230987051195805e-02
3.227710328592149125e+00
1.086591650782365581e-01
3.887523888727910382e-02
6.823591459055131092e-02
4.113845758289833010e-02
2.217883014932111041e-01
4.155205034784715395e-02
9.712091123329946729e-02
6.384438224303527754e-02
2.425838900100655768e-02
6.560361190957918198e-02
1.577126695027530542e-02
2.506995061875113007e-01
3.304713758773138166e-02
3.264920757627867015e-02
1.735898396893799031e-02
2.393994622489110588e-02
1.454715234201696683e-01
4.333145744112525816e-02
3.193938501594552337e-02
2.623140617532625229e-02
4.116720569192526546e-02
6.681526254242371732e-02
5.121728972499010046e-01
1.674252094352702003e-01
1.258086547916659748e-01
1.614835472960430424e-02
9.820093745122047968e-02
2.885689570861283901e-02
1.420473057888292819e-02
1.638325977650925691e-01
3.279237725493308608e-02
5.682753404524003293e-02
1.587438935983980989e-02
1.457444737253199840e-01
4.357014960938888903e-02
1.511198939995011571e-02
3.169620132012307412e-02
2.498987552836667292e-01
3.236766868709930328e-02
1.556480251843159746e-01
2.347628863236648350e-02
4.651606449088138695e-02
1.704826000562254668e-02
1.127104879465345433e-01
1.741604918912816047e-02
1.718866160569608795e-02
2.728981202327712130e-01
3.680036282241005291e-02
1.677204715423526171e-02
1.005559580589181629e-01
3.643281287119883027e-02
2.595858959072143424e-02
4.850478221125163053e-02
4.627266082069301373e-02
4.988003446154400805e-02
2.007793846752411321e-02
9.710842965451162156e-02
1.414350266252271081e-02
3.902577223721714894e-02
1.452304676802356476e-01
2.866280417935975627e-02
5.053250094367827544e-02
1.271496794736425962e+00
6.831684942538421290e-02
1.333046510990795221e-02
4.253479997723853823e-02
5.805259063743848508e-02
3.595316337734449363e-01
1.185291179617924129e-01
4.191676884109792056e-02
1.537484384912137132e-02
4.541452969842939280e-02
4.009301182353049164e-02
4.787863128150011277e-02
3.492011506764509943e-02
5.062098108912942845e-02
4.568000846981414703e-02
3.383581123887294956e-02
1.091482101356526652e-01
2.170185279701530856e-02
2.715736733813786663e-02
6.303740343362217169e-02
4.532897651398954952e-01
4.423970555915586467e-02
9.253635829626090381e-02
1.013132190451189879e-01
4.501339572824037544e-02
4.599262775685871579e-02
2.013069813930495541e-02
1.037823435118309656e-01
1.285539380429050541e-02
7.857377078888494459e-01
2.366585571475674499e-01
1.003219730527644127e-01
2.389999153851829830e-02
5.551605275240548143e-02
1.402780886712651220e-01
1.757944502702119341e-02
1.785433920757943313e-02
1.746482328343310075e-02
1.706106499103058477e-02
8.521207517234041795e-02
4.876529641525736980e-02
3.393826504570993802e-02
8.918364896980433831e-02
5.158306768458586350e-02
2.854717939606117930e-02
3.434502974485962451e-02
3.305826031623756434e-01
1.144932671663749374e-01
3.141881500087907036e-02
2.195247321767159615e-02
4.446463183467027486e-02
9.140941886048357945e-02
1.916767766993742947e-02
2.753528827150798428e-02
2.108315479407312232e-01
2.873283894531284965e-01
2.072406258147279148e-02
1.428981494578078326e+00
4.106023739267580103e-02
4.717684895150536101e-02
2.868069018384566612e-02
1.382219135919483463e-02
3.407620325837119185e-02
1.913433604770236468e-02
5.248669760671130502e-02
2.350895061246996987e-01
3.655781581359331123e-02
1.681840189216622303e-02
4.991361115708421725e-02
3.600551551338574546e-02
4.151166764723336622e-02
5.315154205455353137e-02
1.519492045920773152e-02
3.420111949488119363e-02
8.579658223319605592e-02
2.752324854012099670e-02
3.603596175580391775e-02
8.600613353918752646e-02
1.067934435879501626e-01
2.172801618463937948e-02
3.245912187697085755e-02
1.741966629191063376e+00
9.188133322202576836e-02
8.671884451755122736e-02
2.954922076830323457e-02
3.038716054025996510e-02
2.577992736908988822e-02
1.011032497607083913e-01
1.089997492281378905e-01
2.646410713875705159e-02
1.246133335259632519e-01
5.316939315969491237e-02
3.930253624509218863e-02
1.668816901175506628e-01
1.207662040101428469e-01
9.134757333422051373e-02
1.784962833854435160e-02
1.874401318922972251e-02
1.732863030923692191e-02
3.656680953742248719e-02
1.319777816364518276e-02
1.865329270476774257e-02
7.725849124487484954e-01
1.675228381816934800e-02
1.958565391913751411e-02
2.393142409427716569e-02
2.000184035635736018e-02
4.545919525383727844e-02
2.441366070547382194e-02
1.405197936655853963e-01
2.303268740382391488e-02
4.109034232673746539e-02
2.660822183922198825e+00
2.128390241492006951e-01
1.322673273032300145e-01
1.324584486812726072e-02
9.899776154591542754e-02
3.465254974943876576e-02
2.194494391012065046e-02
3.987701923773964013e-02
3.285008027420651677e-01
3.813451449437985780e-02
8.277343410771137444e-02
4.304444071104637781e-02
2.471120186090740578e+00
9.377660298374597136e-01
2.163825177043326164e-01
4.120902950039495583e-01
3.378493305766135102e-02
1.410994802770806217e-02
6.060165377064640618e-02
5.184801292998075795e-01
4.751182126872323386e-02
9.312461206394928581e-02
2.136985858733517554e-02
1.925603033332694627e-02
1.575432470182057954e-01
4.833125887289615313e-02
4.314983998639682072e-02
4.101043295399185024e-02
3.211333636854198786e-02
8.467568336764565162e-02
5.514579792116734713e-02
1.075852591746405823e-01
4.984352866220890382e-02
4.253735007053530137e-02
1.270634467103601457e-02
4.778609919557075952e-02
4.365916879601129674e-02
2.092786799609141379e+00
3.695381090050626344e-02
1.806564641170624597e-01
1.532057726704174651e-02
2.357581659026972143e-02
5.547420256147793383e-02
6.357767295331090418e-02
3.535052081785466233e-02
2.906860543960958915e-02
3.833722290687141543e-02
6.134493539945438251e-02
5.113803757199926470e-02
3.041419712575855194e-01
8.213615173365883260e-02
7.928614753821513483e-01
1.581593250568319106e-02
2.065212418285336526e-02
2.624400601406914890e-02
1.281543911791769956e-02
1.364461844013548364e-01
3.993249906931223975e-02
1.768071812393541553e-01
7.896702516517450920e-02
1.905951700655402273e-02
3.678028756215077910e-02
3.415131505619724978e-02
4.851478157868021612e-01
4.021758675168398550e-02
4.575348225876740144e-02
2.807266638954344917e-02
3.908197672745925694e-02
6.636946301682682126e-02
4.068860105370589175e-02
1.058087641875491564e-01
4.538008267110072991e-01
9.795511442465812402e-02
6.666024128143924199e-02
1.428347136606354650e-02
1.291856152748220750e-02
1.747767944249141100e-02
1.266241946996139733e-01
1.287214941358222620e-01
4.734082478757242751e-02
8.759104179350499231e-02
1.786230665560604169e-01
3.632153070556154439e-02
7.996137683754125924e-02
3.631133557631745917e-02
1.713298591466215770e+00
9.250759242111686875e-01
