8.036489072053329408e-03	3.457093179374561703e-03	1.685802874177001198e-01
2.475786672122236576e-01	3.494782583077352123e-01	9.712026781120965957e-01
1.387678782145182303e-02	4.062929325864796798e-02	2.014962739722673223e-03
6.027366804039996188e-03	7.513786744595762901e-02	3.022444109584009834e-03
6.049957275390625139e-02	5.715640792228337402e-02	4.911964092143746019e-02
2.009122268013332352e-03	1.580970305159799458e-02	1.427593550016713689e-02
2.288855884386145623e-02	3.403287308471755757e-02	3.123192246570143452e-02
2.009122268013332352e-03	7.451600832237567640e-02	1.208977643833603934e-02
6.027366804039996188e-03	1.296409942265460639e-03	2.097519393577132185e-01
8.790891896123471938e-02	1.055003959044553963e-01	9.048735194428023099e-02
1.925736164701157688e-02	4.026213905163239515e-02	1.309725780819737638e-02
3.650560102600982487e-02	5.947539247479521896e-02	2.757698734139287233e-01
5.341244020323822339e-02	9.847132523458200504e-02	3.520515186842097521e-01
1.724823937899824453e-02	1.858187583913827046e-02	2.527515139690665255e-02
4.018244536026664704e-03	1.037127953812368511e-02	4.904959707759147247e-01
4.018244536026664704e-03	9.507006243280043817e-03	4.147793248642322322e-02
0.000000000000000000e+00	8.642732948436404258e-04	5.803231583085170786e-02
7.885150080141814510e-02	5.903251985659326018e-02	1.813466465750405987e-02
1.122087257495824920e-02	2.207216390053233154e-02	1.007481369861336611e-03
3.248735648998316017e-02	3.701759365728668483e-02	4.047045111656188965e-02
2.812771175218664946e-02	1.418474836837026465e-01	2.737319330836451500e-02
7.100207978400631392e-02	7.428433012189412932e-02	1.602589598921842426e-02
2.930297298707823864e-02	3.138403300929842182e-02	8.892500331235486666e-02
6.944515953893246607e-01	1.099837140400808044e+00	1.895169287573459593e+00
4.537595113118489398e-02	5.205015678358197034e-02	3.039563741794852267e-02
1.011389138042062957e-01	6.526178582350809776e-02	5.366405314484308242e-01
1.262725816256758116e-01	2.757379500348668966e-01	9.251438698103261471e-01
1.607297814410665882e-02	4.336052642498824938e-02	2.453906515309977054e-01
2.009122268013332352e-03	3.024956531952741490e-03	7.823796085146970947e-02
2.611858948417331711e-02	3.285083360505520328e-02	2.636571193850317796e-02
1.004561134006666176e-02	1.908744332796320428e-02	4.697407296923703651e-02
8.036489072053329408e-03	1.123555283296732467e-02	2.317207150681074163e-02
1.720708798671114204e-01	1.108161903676249394e-01	2.406382758257001042e-01
7.668804638627646497e-02	5.520756880838674496e-02	4.248541385628456374e-02
1.205473360807999238e-02	1.598905595460734658e-02	3.392809251713198027e-01
3.013683402019998181e-02	4.330749642521960346e-02	5.457519029462060134e-02
3.184383502904919797e-03	2.160683237109101065e-03	4.791807331318079233e-02
6.027366804039996188e-03	2.600162968671232769e-02	2.919406980969185134e-02
2.327560618303824158e-02	4.768189289920644891e-02	5.827509040056273043e-02
4.018244536026664704e-03	1.882484146484413035e-02	2.577637309251829684e-02
2.410946721615998475e-02	4.206411648272279091e-02	4.072870868583058218e-02
6.312230704487234445e-02	4.923108658588438297e-02	5.054526481517525316e-02
5.193505770918252148e-03	2.376751560820011128e-02	3.098497626393340379e-02
8.765919450400532220e-01	1.171832416420268252e+00	7.017040779424268404e-01
3.616420082423998233e-02	2.384094644960322446e-02	1.759005216665046265e-02
1.406385587609332473e-02	3.176788929989213250e-02	2.678385446237963388e-02
3.047823422196982435e-02	3.619477279168412109e-02	3.199245763379474083e-02
2.729385071906490629e-02	4.011598103064253906e-02	2.417955287667207867e-02
7.100207978400631392e-02	9.318327903747558594e-02	1.716912586328595280e-01
2.126648391502490923e-02	9.324814598459257864e-02	9.027487732643305063e-02
2.009122268013332352e-02	4.134670487068537598e-02	5.406324184218118389e-02
4.018244536026664704e-03	2.600162968671232769e-02	1.682538175305654804e-02
1.967971845295118261e+00	2.075827248524549251e+00	1.635280207146045717e+00
2.410946721615998475e-02	1.684351113074438258e-02	4.029925479445346445e-03
1.406385587609332473e-02	4.711730075893259123e-02	1.267911528432092046e-02
9.084109568941420298e-02	3.378008934030508892e-02	3.972228321918221117e-02
7.820470782293789669e-02	3.234958054121592902e-02	7.052369589029356713e-03
1.917397554369940360e-01	2.200203155936148458e-01	8.427814421958701452e-01
1.004561134006666176e-02	2.031042242882554957e-02	2.912315379741579890e-02
5.928874637769616235e-02	1.178200007079545364e-01	3.957281611686528922e-01
4.018244536026664704e-03	2.579574335245717401e-02	8.059850958890692890e-03
3.131209525509157099e-02	4.523593353808966766e-01	4.349289522614589731e-02
4.018244536026664704e-03	3.996000489094608116e-02	3.022444109584009834e-03
4.018244536026664704e-03	8.642732948436404258e-04	1.323545159295547724e-01
2.210034494814665587e-02	3.277425902740022101e-02	1.960501490637313327e-02
0.000000000000000000e+00	2.160683237109101065e-03	1.468486148257588109e-01
4.616220183994458881e-01	2.721104598104804873e-01	1.742498194062432670e+00
8.036489072053329408e-03	3.098053557617111431e-02	1.914214602736539692e-02
2.930297298707823864e-02	3.601420341881730880e-02	4.567905428797700007e-02
2.009122268013332352e-02	5.131833898159036955e-02	2.246603681597598642e-02
9.594540803328804879e-02	3.985034132241608296e-01	1.670667471580727259e+00
1.034894362739894741e-01	1.134076029285231157e-01	2.538856083917063522e+00
4.018244536026664704e-03	2.592819884530921277e-03	1.919006653303323706e-01
5.424630123635997003e-02	6.244796975295145020e-02	1.910327329538589192e+00
3.155377844105596297e-01	9.145851160522707746e-01	2.334102695071420097e+00
3.338281334310337911e-01	1.335041543492057947e+00	2.753421658693357976e+00
6.708924874015476103e-02	7.649663499465904348e-02	1.240882114615551313e-01
1.808210041211999117e-02	2.294103819830459190e-02	2.879881720210230797e-02
2.611858948417331711e-02	3.709153730673088456e-02	7.875474317129267654e-02
2.808191584158634679e+00	2.887248121740812135e+00	2.221701595672341156e+00
8.036489072053329408e-03	1.266717093246536030e-02	3.054877769115359187e-02
7.885150080141814510e-02	9.277941431487884971e-02	1.711310297250747681e-01
7.345801574596459715e-02	4.169766593752359529e-02	6.037313231202059288e-02
1.406385587609332473e-02	1.939012894309369642e-02	3.988111227057700853e-02
1.523911711098491217e-02	5.442517475594308568e-02	5.897581923839657903e-02
2.392239916151848306e-02	1.469264601234188637e-02	3.845548837683921556e-02
3.480187153470688799e-02	3.360558819592444901e-02	1.670904076376626690e-02
2.812771175218664946e-02	2.960558454889311922e-02	7.067200229611507456e-02
4.135770659515822928e-02	2.592819884530921277e-03	1.378931444744731227e-01
8.199023716691611341e-02	3.457093179374561703e-03	4.731231893217840989e-02
3.768086226090140711e-02	1.209982612781096596e-02	3.729524272818898201e-01
4.973559586898140122e-02	7.515857790473690764e-03	2.073896624321161161e-02
5.193505770918252148e-03	9.074869595858224905e-03	8.917222951733788650e-02
2.009122268013332352e-03	4.455171796746384971e-02	4.619264325430226699e-03
3.733946205913156458e-02	3.856678734396461194e-02	3.727681068486945332e-02
2.009122268013332352e-02	3.626698716322977051e-02	2.216459013694940458e-02
4.131205945775128646e-02	5.052749652814984144e-02	3.140311878780985971e-02
1.406385587609332473e-02	3.128337339867379857e-02	5.130579998326856295e-02
1.004561134006666176e-02	2.038385327022866275e-02	3.442556289739386738e-02
5.659682370614314145e-02	1.749573801818334051e-01	1.762288969963095919e+00
8.036489072053329408e-03	5.438423513474309468e-03	2.577114770578783354e-01
2.611858948417331711e-02	1.652292175185947898e-01	5.530259983484134834e-01
1.255210378895635082e-01	3.889229826796381916e-03	1.771652213362760395e-02
2.378074390300806140e-01	3.889229826796381916e-03	4.619264325430226699e-03
2.009122268013332352e-03	2.492551226865620875e-02	1.108229506847470229e-02
2.930297298707823864e-02	3.678619213532331456e-01	3.241060015767119329e-02
2.009122268013332352e-03	7.470891986999131373e-02	3.022444109584009834e-03
2.009122268013332352e-03	4.291927532067620066e-02	1.007481369861336611e-03
1.406385587609332473e-02	1.667397634644163587e-02	1.007481369861336698e-02
1.607297814410665882e-02	1.944614913398190828e-02	2.326018865718397846e-02
1.127011865809343927e-01	3.709562550161842054e-02	3.484370542127032677e-02
8.036489072053329408e-03	1.695221023369311228e-02	5.659015303434327543e-02
3.851472329402315375e-02	5.078028027256231008e-02	2.297664825306382219e-01
3.533033979111823569e-02	5.545331147543509920e-02	3.946296974670055607e-02
4.655121236607648316e-02	2.211239985991594534e-02	5.445183227921641667e-01
8.036489072053329408e-03	6.734833455739770540e-03	8.477838198805964787e-02
7.903856885605964333e-02	1.015379607231539638e-01	6.792103481847186486e-02
1.200588095015373835e-01	1.212036630459259884e-01	6.990526918061944484e-01
2.812771175218664946e-02	4.678198464790781635e-02	6.885112579478773476e-02
2.930297298707823864e-02	4.584742424791293097e-02	8.962006208508513372e-02
5.978120720904806645e-02	9.409500862892131168e-02	2.376141035279562275e-02
1.322999484297157982e-02	9.507006243280043817e-03	2.115710876708807101e-02
8.036489072053329408e-03	1.364901981448889308e-02	2.339240288318589767e-01
4.018244536026664704e-03	1.728546589687280852e-03	7.472645820573318998e-02
2.009122268013332352e-03	1.779103338569774234e-02	2.233578645905782978e-02
3.013683402019998181e-02	4.757597083760021356e-02	1.040143335974493682e-01
4.509061730426290604e-02	1.037127953812368511e-02	1.469407802404359281e-02
1.652797657510508555e-01	8.487327735025686215e-02	5.516452914060548246e-02
3.256677337314771437e-02	3.007021241651806204e-02	2.174644761307294866e-02
4.738507339919822980e-02	4.793589311347638132e-02	4.988017608953076998e-02
3.874673083208610147e-02	4.404544681682253521e-02	4.970897976742234131e-02
1.607297814410665882e-02	2.755082337339025481e-02	3.127664882083271841e-02
1.607297814410665882e-02	1.797038628870709434e-02	2.233578645905782978e-02
7.987242988918138997e-02	3.680504587225782998e-02	2.511902340622835239e-01
4.018244536026664704e-02	3.505670578402474147e-02	5.474638661672903001e-02
4.973559586898140122e-02	4.040900073443862150e-02	4.592600048974503080e-02
3.013683402019998181e-02	5.344653099849634020e-02	5.477635666381481389e-02
5.056945690210314787e-02	4.379266307241006656e-02	3.451368004776710768e-02
5.978120720904806645e-02	3.847455846103944310e-01	5.962146142887514433e-01
1.406385587609332473e-02	6.482049711327302760e-03	4.603533689365830323e-02
1.435208210046740596e-01	6.808265709222997841e-02	7.299488609613374868e-02
2.930297298707823864e-02	5.915692262816012875e-02	1.729837960975114802e-02
5.341244020323822339e-02	4.691023481754293123e-02	3.946296974670055607e-02
4.821893443231996951e-02	7.168993405867693514e-02	3.929177342459212741e-02
5.174471813699473705e-02	3.612012548042354415e-02	3.110248120718224207e-01
1.111845251442729610e-01	6.737100765889422749e-02	6.359344304994095365e-02
9.060084163278772640e-02	9.246079226087156044e-02	1.220961386381193697e-01
6.027366804039996188e-03	2.073274095754076493e-02	1.108229506847470229e-02
1.523911711098491217e-02	1.816892356349345677e-02	2.779133583224097093e-02
0.000000000000000000e+00	1.580970305159799458e-02	5.587020897588064472e-02
4.018244536026664704e-03	3.457093179374561703e-03	1.335027703019075751e-01
3.013683402019998181e-02	9.406929598782128032e-02	1.213356034700260599e-01
1.641437834587650135e-02	2.620016696149869012e-02	3.887363090071567495e-02
2.338151875786159462e+00	2.579348523271945748e+00	1.549720586039299297e+00
2.333537253780641404e-02	1.735889673827592170e-02	2.292512530504271090e-02
1.808210041211999117e-02	2.483032617783011500e-02	1.309725780819737638e-02
2.930297298707823864e-02	3.669912381065159462e-02	3.182126131168631911e-02
1.083415418431378785e-01	1.054441566181896356e-01	2.283821369326392015e-01
6.262419051018314198e-02	6.045333257042558722e-02	5.617201051046682297e-02
4.856033463408981204e-02	6.721587906454566663e-02	5.145894025647362868e-02
2.410946721615998475e-02	3.343879418480128624e-02	3.376047417174938420e-02
1.607297814410665882e-02	5.886739165408355623e-02	1.208977643833603934e-02
8.036489072053329408e-03	2.376751560820011128e-02	3.860862865004428823e-02
4.336682886317156510e-02	5.869785686978080952e-02	5.717949188032815655e-02
3.248735648998316017e-02	1.035631942630111380e-01	1.872400350348894099e-02
2.139944325322690188e-01	8.266091852116763672e-02	4.740662668333497365e-01
7.619558555492456087e-02	1.458483069317596525e-01	3.376705279183942476e-01
5.659682370614314145e-02	4.105009830503392187e-01	1.005906434946281930e-01
2.009122268013332352e-02	2.013106952581619757e-02	2.577637309251829684e-02
1.808210041211999117e-02	1.586781774375801424e-01	1.813466465750405987e-02
1.270152658656023559e-02	2.056954568460992450e-01	2.064516031464865009e-02
1.406385587609332473e-02	6.906984006972087531e-02	1.221735290316648265e-01
0.000000000000000000e+00	2.891362307969471551e-02	4.029925479445346445e-03
1.523911711098491217e-02	1.701919641577989417e-01	1.872400350348894099e-02
9.746206946994946663e-02	3.024619679498553593e-01	1.223201949236004810e-01
2.812771175218664946e-02	7.029986024794733501e-02	5.476332057354062199e-02
3.131209525509157099e-02	7.787791541092413394e-02	2.577637309251829684e-02
4.135770659515822928e-02	1.270157207277350375e-01	1.591501786958339493e-01
6.027366804039996188e-03	3.616106510162353516e-02	9.964201582032580773e-02
1.925736164701157688e-02	1.360878385510527928e-02	7.052369589029356713e-03
1.607297814410665882e-02	1.339623607007642617e-02	2.496108849381291628e-01
0.000000000000000000e+00	1.296409942265460639e-03	1.123637175837228497e-01
1.004561134006666176e-02	2.272388941034711798e-02	1.950237293576085121e-02
4.772647360096807234e-02	4.753503121640021908e-03	1.117563226888346056e-01
1.033343964728756226e-01	1.053997362938307730e-01	8.371640014093975624e-02
1.205473360807999238e-02	5.185639769061842555e-03	1.706207519353822311e-01
6.285619804824607582e-02	8.421907445736359632e-02	6.742550190104994179e-02
9.962225236754486402e-02	3.510194942540956209e-02	2.725429569565972487e-01
2.611858948417331711e-02	1.598905595460734658e-02	9.067332328752029935e-03
7.149454061535821803e-02	7.224095462266345857e-02	1.255585617104242047e-01
4.169910679692807182e-02	4.659028600278935367e-02	6.062007851378862361e-02
3.214595628821331763e-02	3.963586368465661647e-02	2.980629857196364155e-02
4.780589048413262654e-02	2.211239985991594534e-02	2.275392898293428570e-02
6.027366804039996188e-03	3.294901092748094701e-02	3.000416520029999465e-02
1.205473360807999238e-02	2.841509666823389610e-02	5.037406849306683143e-02
3.184383502904919797e-03	7.240400944564705232e-03	5.704154663307722112e-02
6.027366804039996188e-03	5.489050628538440918e-02	1.007481369861336611e-03
2.009122268013332352e-03	1.934022707237566946e-02	3.761920332908630371e-02
1.004561134006666176e-02	1.616962532747416234e-02	1.066415254459824637e-02
6.630103484443995721e-02	9.015602438229872173e-02	4.685773197994675537e-02
8.036489072053329408e-03	2.362595859013888119e-02	2.695505078448805561e-02
9.579434740370598722e-02	8.642732948436404258e-04	0.000000000000000000e+00
2.611858948417331711e-02	9.273406870644585603e-03	2.518703424653341572e-02
2.009122268013332352e-03	5.185639769061842555e-03	1.958351443673289061e-01
2.126648391502490923e-02	9.939142890701864463e-03	2.418562589689742803e-01
8.036489072053329408e-03	1.533733044479256014e-02	2.073896624321161161e-02
2.009122268013332352e-02	2.278566672617657676e-02	3.904482722282409668e-02
1.203962754512178657e-01	9.362221596544223479e-02	9.475774924422419865e-02
0.000000000000000000e+00	3.024956531952741490e-03	7.968647466149440806e-02
1.607297814410665882e-02	1.805667211290012258e-02	2.115710876708807101e-02
1.645185823025910876e-01	3.799553375291705309e-02	1.872400350348894099e-02
0.000000000000000000e+00	1.948708875518189929e-02	3.022444109584009834e-03
7.912776228310405835e-02	7.729953661226572625e-02	4.265661017839298547e-02
1.004561134006666176e-02	7.780510410109066355e-02	6.044888219168019668e-03
1.205473360807999238e-02	2.354792674580714201e-02	1.410473917805871343e-02
1.724823937899824453e-02	2.513735639186868639e-02	3.655686662640682261e-02
4.018244536026664704e-03	6.914186358749123407e-03	1.697869623123213212e-01
1.004561134006666176e-02	1.865530668054138363e-02	3.856482478075249493e-02
1.607297814410665882e-02	3.038477347675998946e-02	3.182126131168631911e-02
1.406385587609332473e-02	2.203896901851283216e-02	8.765530794165855150e-03
2.611858948417331711e-02	2.375769748949350599e-02	6.599987800731214882e-02
3.214595628821331763e-02	3.192805783112447754e-02	1.357069854126420061e-01
2.009122268013332352e-02	4.736412671438773592e-02	1.104080891886422833e-01
2.025247803287229864e+00	2.115136158882531259e+00	1.346656627433244546e+00
6.027366804039996188e-03	1.818293407373594919e-02	9.067332328752029935e-03
4.219156762827997592e-02	4.920455315463857782e-02	5.978379346603571176e-02
8.036489072053329408e-03	9.939142890701864463e-03	2.195746780827988187e-02
8.036489072053329408e-03	1.189563161417135813e-02	4.164912880853165189e-02
4.537595113118489398e-02	4.040125599525812988e-02	2.838067467822584858e-02
1.808210041211999117e-02	2.555636753167891961e-02	2.552942689075026264e-02
7.536172452180281423e-02	5.404636702335386539e-02	1.932288699371870200e-01
1.925736164701157688e-02	2.193304695690659334e-02	2.032082371933515569e-02
2.611858948417331711e-02	2.506392555046557322e-02	3.644052563711654147e-02
4.018244536026664704e-03	1.396748966112398502e-02	1.511222054792005047e-02
3.093455210975978864e-01	1.986353676812607216e-01	1.293927041943683243e+00
1.406385587609332473e-02	2.269139819014399581e-02	3.022444109584010094e-02
2.528472845105157393e-02	2.655709904625528847e-02	2.779133583224097093e-02
5.415427581123683637e-02	4.966322323330620014e-02	4.491851911988369028e-02
2.410946721615998475e-02	4.710774632760711400e-02	3.317113532576450308e-02
2.009122268013332352e-02	1.416602693591034572e-02	1.007481369861336698e-02
8.036489072053329408e-03	8.828714333864816355e-02	2.275392898293428570e-02
7.251874122066774564e-02	1.114853265279546340e-01	8.094090223312377930e-02
6.027366804039996188e-03	1.229836340259732666e-02	1.712718328764272283e-02
2.528472845105157393e-02	3.279233112596811189e-02	3.685866816099300086e-02
3.214595628821331763e-02	1.426050936492006746e-02	1.061685275892878672e-01
1.536718458369158435e-01	1.528740410792857329e-01	9.316199654063512803e-01
0.000000000000000000e+00	8.642732948436404258e-04	5.012712229129880070e-02
3.943777775418930848e-02	4.159948861509784462e-02	1.208977643833603934e-02
3.047823422196982435e-02	9.317976340391391499e-02	1.511222054792005047e-02
9.673362192900283874e-02	1.325852787702755387e-01	1.141120375588882824e-01
2.244174514991649841e-02	2.989085951350871004e-02	2.577637309251829684e-02
1.607297814410665882e-02	1.512478265976370702e-02	1.570155939390492986e-02
5.458770143812981257e-02	5.428727532265489875e-02	5.366315536720808049e-02
1.470466047093488271e-01	4.645891379834410362e-02	5.470024014628210862e-02
1.523911711098491217e-02	9.507006243280043817e-03	2.678385446237963388e-02
4.018244536026664704e-03	9.232079477381527344e-02	5.037406849306683490e-03
2.392239916151848306e-02	2.099534282065983887e-02	2.032082371933515569e-02
1.607297814410665882e-02	1.433394020632318064e-02	2.014962739722673396e-02
2.964804020480833469e-01	1.797038628870709434e-02	9.143385845561359526e-02
2.009122268013332352e-03	2.160683237109101065e-03	1.240930453289386809e-01
4.219156762827997592e-02	3.053554394595938207e-02	2.115710876708807101e-02
2.009122268013332352e-03	2.072276557770155736e-02	1.007481369861336698e-02
3.826251651929772624e-02	3.352730559589262027e-02	1.813466465750405987e-02
6.815909648287123146e-02	1.010569131879735238e-01	2.332074014946471929e-01
7.335260225378949228e-02	6.234204769134521484e-02	6.441436915896660287e-02
2.210034494814665587e-02	1.890809042495385228e-02	4.332333941792333026e-02
5.943980700727822392e-02	6.940309573290057155e-02	2.348506072925966859e-01
4.582276482512985527e-02	7.987047921392388672e-02	1.187148863493010104e-01
2.009122268013332352e-03	6.307996686854565327e-02	3.022444109584009834e-03
0.000000000000000000e+00	1.296409942265460639e-03	4.988017608953076998e-02
3.332121752310489987e-02	2.445243600003440057e-02	1.027418503234552721e-01
5.777208494103473063e-02	3.349481437568949810e-02	4.366409154825432598e-02
8.104769112407297915e-02	1.141173074073030536e-01	4.120972905048104207e-01
2.812771175218664946e-02	3.595995694919119912e-02	2.376141035279562275e-02
7.585418535315471833e-02	6.774712411542782586e-02	3.442556289739386738e-02
1.406385587609332473e-02	1.222315883993210610e-02	2.636571193850317796e-02
3.616420082423998233e-02	3.077431718012935830e-02	3.039563741794852267e-02
1.724823937899824453e-02	1.598905595460734658e-02	7.052369589029356713e-03
1.335806231567825131e-01	7.599106750583410966e-03	7.688808683739152550e-02
1.205473360807999238e-02	2.160683237109101065e-03	4.298094677370647987e-02
2.210034494814665587e-02	1.433394020632318064e-02	1.007481369861336698e-02
8.036489072053329408e-03	1.779103338569774234e-02	3.819048612616782884e-02
1.004561134006666176e-02	2.479573214737851652e-02	3.140311878780985971e-02
2.210034494814665587e-02	3.722405701206806666e-02	5.172394250714501540e-02
8.036489072053329408e-03	1.228408349719725401e-01	1.813466465750405987e-02
4.052384556203648958e-02	6.412853564407462736e-02	4.929083724354588886e-02
4.018244536026664704e-03	2.266964294072101177e-02	1.108229506847470229e-02
1.051571583402329535e-01	5.403449157824243010e-02	8.368579939354298114e-02
4.135770659515822928e-02	7.851167301881938065e-02	5.693254567856012582e-02
3.567173999288807823e-02	2.216855092833464325e-01	6.986024767853492301e-02
2.528472845105157393e-02	3.697704971579839767e-02	3.845548837683921556e-02
3.184383502904919797e-03	6.482049711327302760e-03	2.059673195661500533e-01
3.332121752310489987e-02	2.596913846650920205e-02	1.670904076376626690e-02
2.410946721615998475e-02	2.225301849871799409e-01	2.216459013694940458e-02
2.812771175218664946e-02	3.989361512690708239e-02	3.383622405140898626e-02
1.808210041211999117e-02	2.284722212246825812e-02	2.014962739722673396e-02
1.406385587609332473e-02	1.986846766269712364e-02	2.636571193850317796e-02
2.611858948417331711e-02	4.577399340650981779e-02	2.690019545166991502e-02
2.212330558334571595e+00	2.345159931373120621e+00	1.640744966476462618e+00
2.660349037336266487e-01	3.360073643729574039e-02	9.010368100432462890e-02
2.930297298707823864e-02	5.682037521776118344e-02	5.415704777074414888e-02
2.729385071906490629e-02	2.162601674286801848e-02	1.570155939390492986e-02
7.100207978400631392e-02	2.108093562566134005e-01	1.410473917805871343e-02
4.018244536026664704e-03	6.565260188537939967e-02	1.398126607717469772e-01
4.420068989629331174e-02	4.440415262284124615e-02	5.142214097255884409e-02
1.693897945293481866e-01	6.482049711327302760e-03	5.037406849306683490e-03
6.027366804039996188e-03	1.598905595460734658e-02	2.725501372370608966e-01
1.937568636908047412e-02	3.098387373355855970e-03	7.225721554700718918e-02
1.980588885321133211e-02	9.958327262478873163e-03	1.128598572902901193e-01
0.000000000000000000e+00	1.728546589687280852e-03	5.733427266741907696e-02
2.009122268013332352e-03	2.413466981521568411e-03	4.634578352750733793e-02
3.214595628821331763e-02	3.395944224331444439e-02	2.376141035279562275e-02
5.424630123635997003e-02	8.937748545720393401e-02	3.257110863924026489e-01
4.420068989629331174e-02	4.571797321562160593e-02	4.450037659600723783e-02
3.063495055488918081e-02	4.169766593752359529e-02	1.771652213362760395e-02
1.205473360807999238e-02	2.747739253198714163e-02	1.845900125281755427e-02
4.620981216430664062e-02	4.182339190247647692e-02	1.771652213362760395e-02
2.009122268013332352e-02	2.175369405389723787e-02	3.103783622730610023e-02
6.118788401285807366e-01	4.165444788790105823e-01	4.680061021516489506e-01
3.533033979111823569e-02	1.822317003311956299e-02	3.182126131168631911e-02
1.275989034901494623e-01	1.728546589687280852e-03	2.798920246057732056e-02
6.027366804039996362e-02	5.074464531610731188e-02	5.607820458190385798e-02
1.686119203982145917e-02	4.411887765822564839e-02	2.014962739722673396e-02
4.301588625147722555e-01	2.402029935261257992e-02	3.081377994182497859e-02
1.406385587609332473e-02	1.382837271749824681e-02	4.843649614688962102e-02
4.856033463408981204e-02	7.547289683039944130e-02	5.860511577406594952e-02
3.533033979111823569e-02	3.024834171494938245e-02	2.376141035279562275e-02
1.797353998819986920e+00	1.915223720810954378e+00	1.556002470296482754e+00
2.126648391502490923e-02	3.562392424466901547e-02	3.777234360229137639e-02
1.070152199786642278e-01	1.696376998228325272e-01	6.263842208440913994e-01
3.616420082423998233e-02	3.298924688686456774e-02	2.921695972597876390e-02
6.027366804039996188e-03	9.939142890701864463e-03	3.043546129104703069e-02
5.193505770918252148e-03	1.303753026405772043e-02	6.804151105326275428e-02
3.415507855622664651e-02	3.784867207011082674e-02	5.420177412587542931e-02
4.018244536026664704e-03	5.617776416483662334e-03	7.153281777404076058e-02
6.027366804039996188e-03	1.761168048268839034e-02	2.115710876708807101e-02
2.444639386992523811e+00	2.610063070668246610e+00	1.790088684752930037e+00
4.018244536026664704e-03	4.761691045880020456e-02	8.059850958890692890e-03
4.336682886317156510e-02	4.383956048256738847e-02	4.223846765451653301e-02
1.808210041211999117e-02	4.366020757955803300e-02	1.511222054792005047e-02
1.724823937899824453e-02	2.330288774057516846e-02	2.435074919878050387e-02
3.934858432714490040e-02	2.160683237109101065e-03	4.585025061008542180e-02
8.104769112407297915e-02	6.428410355884237593e-01	1.070367780535720070e-01
2.410946721615998475e-02	2.796316652226626259e-02	1.511222054792005047e-02
1.808210041211999117e-02	1.934022707237566946e-02	1.490509821925052429e-02
5.978120720904806645e-02	9.126514478811896536e-02	5.700829555821973482e-02
1.607297814410665882e-02	3.384370206300160028e-02	1.611970191778138578e-02
2.410946721615998475e-02	2.172104353619335182e-01	1.511222054792005047e-02
6.027366804039996188e-03	3.811071654804923936e-01	3.484370542127032677e-02
2.611858948417331711e-02	5.733576082529272255e-02	4.836194182551184495e-02
4.879234217215275282e-02	4.143506407440451789e-02	4.088859364043834904e-02
1.607297814410665882e-02	1.858187583913827046e-02	2.438798359660215020e-01
3.650560102600982487e-02	3.731061336108276727e-02	2.343138497929240366e-02
2.004557554272637723e-02	3.934361928716264417e-02	2.073896624321161161e-02
4.018244536026664704e-02	3.576141967440484015e-02	6.838683680046436786e-02
3.934858432714490040e-02	3.806810872513159694e-02	3.929177342459212741e-02
1.607297814410665882e-02	1.717954383526656970e-02	1.007481369861336698e-02
1.406385587609332473e-02	1.415458730331382864e-02	2.435074919878050387e-02
1.406385587609332473e-02	3.385352018170820210e-02	2.678385446237963388e-02
8.188155215719471192e-02	1.073480532353655592e-01	7.767151192177174091e-02
1.122087257495824920e-02	2.192322883819998805e-02	7.052369589029356713e-03
5.022805670033330533e-02	3.576141967440484015e-02	5.524191953415094614e-02
1.152027696802996187e-01	1.668401610226999676e-01	5.775536846282870451e-01
1.808210041211999117e-02	1.209982612781096596e-02	2.952708276205284754e-01
1.808210041211999117e-02	1.526389960338944522e-02	3.039563741794852267e-02
3.930293718973795758e-02	2.978493745190247122e-02	1.771652213362760395e-02
1.381117786186328855e-01	6.049913063905482981e-03	5.037406849306683490e-03
2.009122268013332352e-03	1.788713732859737587e-02	6.044888219168019668e-03
2.009122268013332352e-03	1.123555283296732467e-02	5.748944379562554996e-01
2.410946721615998475e-02	3.165796555188528372e-02	2.779133583224097093e-02
4.336682886317156510e-02	7.087111383899488692e-02	5.755185457163079082e-02
2.410946721615998475e-02	6.356502679220756014e-02	9.339090557985527119e-02
1.004561134006666176e-02	2.246128754722804405e-02	2.518703424653341572e-02
3.851472329402315375e-02	4.672877910428510639e-02	3.543304426725520789e-02
6.027366804039996188e-03	6.302696808317949893e-03	2.083082594150720557e-01
3.257875130833058908e+00	8.285137527898660537e-01	2.223431414642999204e+00
8.036489072053329408e-03	3.889229826796381916e-03	3.792712438938229680e-02
3.214595628821331763e-02	4.678512838415968544e-02	2.189311336639315486e-01
4.018244536026664704e-03	3.233544799752366417e-02	6.398491526758948167e-02
1.004561134006666176e-02	2.035136205002554058e-02	1.914214602736539692e-02
2.445086741792983076e-02	3.265321418234237716e-02	2.829759550649066369e-02
2.729385071906490629e-02	3.108134739416792969e-02	1.108229506847470229e-02
1.295868791359058303e+00	1.387173743765253153e+00	1.782646038157995383e+00
2.009122268013332352e-03	9.580437084683158730e-03	6.420897155307060677e-02
5.751987816630930311e-02	2.859444957124324810e-02	2.174644761307294866e-02
2.528505560280620013e-01	2.977158868699299465e-01	9.653040253838827134e-01
2.126648391502490923e-02	5.617776416483662334e-03	6.271243164705675444e-02
3.934858432714490040e-02	3.316859978987391627e-02	7.721242343270501296e-02
4.219156762827997592e-02	3.741653542268900262e-02	4.951492662346640428e-01
2.009122268013332352e-03	6.050757904005169691e-02	1.098848913991174077e-02
9.211750306944916852e-03	1.476607685374500128e-02	1.830586097961248507e-02
9.511154700016630215e-02	9.892264625378083265e-02	1.004254409047060231e-01
3.975171738776607788e-01	1.296409942265460552e-02	4.301941796790721972e-01
2.812771175218664946e-02	2.988104139480210475e-02	1.813466465750405987e-02
8.624119689499122610e-02	3.024956531952741490e-03	9.023393136124278902e-02
1.808210041211999117e-02	2.047995721312829628e-02	3.929177342459212741e-02
6.027366804039996188e-03	1.728546589687280852e-03	5.731621661851572097e-02
2.361700638480808412e-02	8.031243398005231612e-03	4.324594902437786659e-02
1.406385587609332473e-02	2.423284713764143131e-02	1.611970191778138578e-02
9.658564000889876405e-03	1.519821350116682193e-02	1.309725780819737638e-02
4.135770659515822928e-02	1.588313389300110776e-02	6.565827408502268592e-02
2.812771175218664946e-02	5.312619393603165707e-02	2.980629857196364155e-02
5.223717896834663421e-02	9.288066268859064556e-02	9.237971555354983211e-02
1.021631144095158233e-01	4.400521085743892141e-02	8.074845650861429969e-02
9.563133405602496084e-02	5.334060893689010485e-02	2.275392898293428570e-02
1.477412441502446772e+00	2.024454385413790636e+00	1.601317522830741247e+00
2.009122268013332352e-03	1.364901981448889308e-02	6.288362796916517616e-02
2.191327689350515071e-02	2.013106952581619757e-02	4.432918027389880916e-02
1.599522540880286225e+00	1.373456630326268746e+00	3.205072325329447747e-01
1.014803140059761383e-01	1.155117521262228331e-01	1.878597176352212683e+00
7.869716865428980079e-02	1.122774191925353243e-01	8.059850958890692890e-03
5.826454577238663474e-02	1.517668397646592393e-01	1.935470539470051543e+00
7.217734101889790310e-02	2.719211756737155081e-02	1.063716893279275238e-01
1.004561134006666176e-02	2.331996930210370259e-02	3.442556289739386738e-02
2.797061025923576860e+00	2.520920108084072075e-01	2.098364506350007375e+00
1.055426235475402041e+00	7.129413602952648643e-02	9.775752269251402060e-01
1.729844542517178230e+00	1.568729963683130613e-01	1.510680806498194917e+00
1.179556430595508409e+00	3.223159931544353901e-02	3.708439102006513277e-01
1.119028453550476865e+00	5.289090943158118729e-02	3.464766633371973992e-01
4.937616064928579962e-01	1.451329310933253437e-02	1.781039917191793720e-01
2.260851735654084704e-01	6.049913063905482981e-03	1.368659665418225750e-02
4.961749546769736452e-01	2.818149729559843789e-02	3.058730984149977128e-01
7.428992285244706562e-01	4.480379805005994115e-02	5.675364885219308375e-01
1.708643485497737258e+00	2.046335971266254328e-01	1.464268839289975643e+00
1.955069088590317916e+00	2.604640610794771161e-01	1.409094347510226886e+00
3.817332309225331122e-02	1.987828578140372893e-02	4.195540935494179030e-02
2.327560618303824158e-02	6.589193742471442794e-02	6.764955818653106689e-02
3.733946205913156458e-02	6.333142741957210886e-02	8.126523882843726676e-02
6.429191257642663526e-02	6.779721550216104287e-02	5.290262019911477764e-02
8.036489072053329408e-03	3.024956531952741490e-03	7.339464024055836200e-02
1.607297814410665882e-02	1.659072738633191393e-02	1.309725780819737638e-02
2.546445523828699820e+00	2.752969161679322596e+00	2.395170677193375397e+00
3.013683402019998181e-02	3.285444436822448910e-02	3.241060015767119329e-02
3.449647875799648905e-02	5.313950078445776881e-02	4.491851911988369028e-02
2.210034494814665587e-02	2.251800307609196777e-02	2.820947835611742685e-02
1.111845251442729610e-01	5.620391796949201352e-02	6.541053916132727464e-02
9.211750306944916852e-03	1.223894307143670417e-02	2.376141035279562275e-02
3.222241926884305552e-01	5.109875011919740029e-02	5.377604289110317071e-01
1.769505307294320234e-02	1.526389960338944522e-02	1.309725780819737638e-02
1.607297814410665882e-02	1.926679623097255628e-02	2.132830508919649273e-02
9.712066926817962409e-02	6.857131365826005243e-02	1.024059320605078399e-01
1.607297814410665882e-02	1.399261932123331553e-01	1.511222054792005047e-02
2.588548312670942764e+00	2.914919376224650804e+00	2.409018468025118764e+00
4.253296783004981846e-02	5.315811229762888029e-02	5.012712229129880070e-02
1.406385587609332473e-02	1.192047322480161223e-02	9.188558750374373196e-02
8.506593566009963692e-02	2.363571746093673931e-01	1.531404492466948708e-01
4.336682886317156510e-02	4.520705424044792198e-02	3.241060015767119329e-02
1.205473360807999238e-02	2.679247214015285233e-02	3.548055994649266243e-01
6.027366804039996188e-03	5.185639769061842555e-03	2.450568731441054304e-01
1.724823937899824453e-02	2.818776306666043521e-02	2.275392898293428570e-02
3.533033979111823569e-02	3.748996626409212274e-02	5.979385209638019005e-02
4.336682886317156510e-02	5.888485938236303480e-02	5.373890524686768949e-02
3.533033979111823569e-02	2.682566702217235172e-02	4.609719681185345252e-02
6.831015711245329303e-02	9.237202414847965615e-02	4.095547445291696786e-01
3.968998452891474293e-02	2.362910232639075028e-02	4.029925479445346445e-03
2.410946721615998475e-02	2.056320617323801822e-02	1.914214602736539692e-02
1.968964547005252586e+00	2.433043724283613152e+00	3.210388456319653638e+00
1.948881315148394966e-01	2.517508133093912526e-01	1.012654980947804928e+00
4.018244536026664704e-02	3.662569296924848145e-02	4.113837591437406044e-02
1.076587414395981934e-01	8.191358686385309673e-02	5.953684726426767410e-02
2.525451632513516231e-01	5.691207257886777247e-03	3.022444109584009834e-03
3.214595628821331763e-02	3.024956531952741490e-03	2.558228685412295908e-02
6.982681854911472474e-02	2.271407129164051270e-02	9.194744742193887432e-02
3.480187153470688799e-02	1.062406328253615202e-02	2.216459013694940458e-02
1.406385587609332473e-02	9.507006243280043817e-03	3.912435964096424024e-01
9.795453030130137073e-02	6.281198022371516088e-02	7.453073145345200101e-02
3.214595628821331763e-02	6.597849377372913549e-02	4.407535729020141124e-01
1.925736164701157688e-02	2.345871167289943077e-02	5.037406849306683490e-03
1.205473360807999238e-02	1.512963441839241911e-02	2.980629857196364155e-02
3.526931569196176119e-02	3.860702330334822574e-02	3.383622405140898626e-02
4.537595113118489398e-02	3.844685477211588071e-02	2.356732411440028846e-02
9.226856369903121968e-02	3.102499811429335411e-02	9.067332328752029935e-03
2.812771175218664946e-02	5.113898607858101408e-02	1.273114553024602413e-01
2.126648391502490923e-02	2.848852750963700928e-02	3.299993900365607441e-02
2.039488211922023675e-01	2.910001706006818192e-02	1.050218153138493399e-01
3.330676576365595443e-01	4.584742424791293097e-02	2.585869691399640957e-01
1.808210041211999117e-02	2.117469572366919087e-02	3.535559756118197838e-01
5.193505770918252148e-03	3.889229826796381916e-03	5.840632146181062162e-02
3.214595628821331763e-02	3.152492367418626568e-02	2.980629857196364155e-02
2.930297298707823864e-02	4.397201597541942203e-02	6.150136125642199358e-01
5.950987283734308075e-01	7.074718512501799728e-01	1.540099530025970109e+00
1.724823937899824453e-02	1.598905595460734658e-02	1.410473917805871343e-02
1.205473360807999238e-02	9.327653340270691817e-03	3.764902616656103929e-01
2.812771175218664946e-02	2.513735639186868639e-02	1.202523722205051104e-01
4.939419566721155869e-02	6.216269478833585937e-02	8.050470366034397085e-02
4.297978152399477975e-02	5.542786133259609144e-02	5.980446380238200327e-02
4.018244536026664704e-03	1.563035014858864258e-02	1.326845413030579984e-02
2.898412994716478494e-02	2.376751560820011128e-02	2.376141035279562275e-02
8.036489072053329408e-03	2.466498378506325195e-02	2.950449703737746676e-02
2.210034494814665587e-02	2.409373019401569310e-02	2.896985824024954637e-01
4.420068989629331174e-02	8.383313973348337222e-02	6.733169597248699068e-02
2.645998968594315964e-02	7.393700999214762593e-02	2.638251223536424717e-01
7.202628038931583633e-03	4.753503121640021908e-03	8.773110564364942909e-02
3.332121752310489987e-02	3.530879784700579060e-01	9.052182352820108135e-02
4.018244536026664704e-03	3.889229826796381916e-03	2.134588139001713236e-01
4.018244536026664704e-03	1.296409942265460639e-03	7.179782002471214730e-02
1.205473360807999238e-02	1.555691930718552766e-02	2.207078420838644306e-02
0.000000000000000000e+00	3.889229826796381916e-03	6.463358845821647047e-02
2.812771175218664946e-02	3.020932936014380024e-02	5.948199193144953351e-02
2.611858948417331711e-02	3.698439877526718544e-02	9.067332328752029935e-03
2.611858948417331711e-02	2.396427916172436806e-02	1.309725780819737638e-02
3.999537730562514187e-02	1.987828578140372893e-02	4.853030207545258601e-02
3.681099380272022381e-02	3.482371553815808568e-02	2.879881720210230797e-02
2.611858948417331711e-02	6.666852440917284128e-02	5.978379346603571176e-02
1.244145199872445373e-01	1.010966363393160511e-01	8.974542039078335920e-01
8.389067442520804774e-02	1.309041707890289397e-01	1.344921956228655457e-01
4.919567681741023324e-01	3.994123656256240440e-01	1.956885833033295663e+00
7.384506308514138251e-02	1.580970305159799458e-02	2.599925641403642018e-01
6.027366804039996362e-02	7.944886434702504163e-02	1.607244638509528478e-01
2.812771175218664946e-02	2.940447639646078318e-02	1.309725780819737638e-02
2.611858948417331711e-02	1.645438748404866661e-02	2.980629857196364155e-02
3.733946205913156458e-02	1.899056828527379281e-01	8.908491117316622576e-01
2.611858948417331711e-02	3.136662235878352051e-02	7.498613440020139853e-01
6.027366804039996188e-03	2.327400728354132864e-02	2.720199698625608981e-02
3.567173999288807823e-02	5.377870337326925293e-02	2.073896624321161161e-02
2.210034494814665587e-02	3.991229932504401778e-02	2.014962739722673396e-02
2.528472845105157393e-02	3.453069583436200324e-02	4.206727133240810435e-02
2.812771175218664946e-02	5.329262823832599943e-02	1.914214602736539692e-02
2.009122268013332352e-02	1.865530668054138363e-02	8.059850958890692890e-03
2.308853812839673988e-02	5.020198560415063682e-02	9.391668924065522603e-03
8.540733586186947945e-02	3.308535082976419434e-02	1.007481369861336698e-02
2.210034494814665587e-02	1.510923332406992892e-01	1.570155939390492986e-02
1.497218056001524966e-01	8.463380045427050524e-03	1.519798276036284645e-01
7.384506308514138251e-02	1.005513456991485866e-01	6.231234517208365797e-02
4.018244536026664704e-03	1.010309502370934226e-01	3.035205290761104971e-02
3.533033979111823569e-02	3.921851285377939839e-02	3.140311878780985971e-02
3.004480859507685162e-02	2.038385327022866275e-02	1.783286312291788508e-02
1.406385587609332473e-02	1.728546589687280852e-03	4.619264325430227219e-02
1.205473360807999238e-02	2.506392555046557322e-02	5.234972578148509165e-02
2.081213978753573557e-01	2.416611890543131358e-01	2.654123337462890864e-01
8.188155215719471192e-02	1.038681054650399394e-01	6.657116080439368089e-02
3.616420082423998233e-02	4.455586606427618113e-02	6.339557642160459361e-02
1.485206977180812682e-02	2.117469572366919087e-02	1.410473917805871343e-02
1.808210041211999117e-02	2.863224545619137001e-02	1.777585647826971163e-02
9.211750306944916852e-03	1.606248679601046322e-02	1.581837489854457657e-01
2.611858948417331711e-02	3.126070029717728516e-02	3.484370542127032677e-02
8.021383009095123251e-02	6.785390204622264443e-02	1.372207264567530394e-01
2.307502110799153627e-01	1.408115646191071373e-02	3.022444109584009834e-03
5.291997937188631929e-02	6.003450277142988178e-02	5.092462228481159370e-01
1.118313181227531955e-01	1.005169343472716165e-01	5.623692984497824510e-01
2.611858948417331711e-02	1.728009395765842116e-01	3.633502565844114462e-01
2.009122268013332352e-03	9.507006243280043817e-03	5.101221903812053898e-02
2.812771175218664946e-02	6.439680886684807926e-02	4.870149839756100774e-02
1.798393539760423654e-01	3.457093179374561703e-03	7.641708435014236966e-03
3.960832996644835652e-02	3.583485051580795333e-02	3.887363090071567495e-02
6.027366804039996188e-03	4.321366474218202129e-03	7.683522687401882212e-02
6.027366804039996362e-02	2.755082337339025481e-02	2.769666071548018138e-01
2.051203976506772372e-02	3.421222598772691303e-02	5.037406849306683490e-03
8.036489072053329408e-03	3.890670445791800935e-02	7.052369589029356713e-03
3.733946205913156458e-02	6.971949220000954461e-02	6.716893225215202490e-01
1.765006383260091238e-01	4.206411648272279091e-02	3.169225811265235504e-01
2.210034494814665587e-02	2.254453650733776598e-02	2.096302252869273325e-02
2.611858948417331711e-02	2.177077561542577547e-02	7.052369589029356713e-03
2.327560618303824158e-02	5.672427127486154991e-02	3.005608084589935988e-02
1.961493874978328167e+00	2.180774687234302789e+00	1.821425538423449453e+00
2.372241987698319940e-02	2.488457264745621775e-02	1.611970191778138578e-02
1.607297814410665882e-02	1.426050936492006746e-02	1.108229506847470229e-02
2.729385071906490629e-02	2.113445976428557360e-02	3.963416606880897780e-02
6.027366804039996188e-03	3.889229826796381916e-03	5.311026094957839450e-02
2.729385071906490629e-02	2.927936996307753392e-02	6.620067773863326510e-02
8.036489072053329408e-03	1.751171621003947548e-02	1.830586097961248507e-02
1.205473360807999238e-02	2.056320617323801822e-02	1.783286312291788508e-02
2.210034494814665587e-02	3.857196120549913343e-02	6.322438009949617188e-02
5.424630123635997003e-02	5.329966931569011385e-02	4.428010070046713154e-02
1.205473360807999238e-02	2.202915089980622340e-02	6.071552495623743634e-02
1.808210041211999117e-02	1.797038628870709434e-02	1.536200282185576707e-02
8.433748811915300903e-02	8.659756793048316303e-02	5.440683004467986028e-02
1.003050527710845491e-01	9.873833367949412521e-02	8.113876886146012546e-02
1.535744183305380942e-02	1.019192663511433138e-02	2.132830508919649273e-02
6.345805154330488862e-02	1.157776772827281558e-01	7.489601401395576397e-02
8.036489072053329408e-03	1.972438302123338469e-02	2.317207150681074163e-02
1.190699535867442288e-01	1.574868433493331055e-01	3.299993900365607441e-02
4.537595113118489398e-02	7.084322362172039422e-02	8.893506194269934495e-02
8.036489072053329408e-03	1.598905595460734658e-02	1.322750816511553303e-02
1.607297814410665882e-02	2.246128754722804405e-02	6.044888219168019668e-03
3.047823422196982435e-02	2.466498378506325195e-02	1.108229506847470229e-02
2.645998968594315964e-02	5.593342882142102873e-02	2.329274589239164750e-01
1.205473360807999238e-02	2.124812656507230405e-02	6.044888219168019668e-03
2.932889094560042764e+00	3.170217193421580149e+00	2.632857363237890880e+00
2.994976596555848011e-02	2.251158092087343632e-01	1.309725780819737638e-02
7.384506308514138251e-02	1.020311967393109365e-01	9.622431910315225323e-02
2.185084094171938773e-01	9.074869595858224905e-03	1.066415254459824637e-02
2.009122268013332352e-02	4.818746038803138620e-02	4.614192316698473295e-02
2.009122268013332352e-02	1.696046778091468699e-02	7.052369589029356713e-03
2.930297298707823864e-02	2.965726014087325182e-02	1.410473917805871343e-02
2.009122268013332352e-03	1.642119260202916722e-02	1.316787004470825195e-01
2.372241987698319940e-02	1.364901981448889308e-02	1.007481369861336698e-02
1.808210041211999117e-02	6.691619790997588302e-02	3.188875449258227746e-01
1.205473360807999238e-02	2.570860998291624525e-02	4.911964092143746019e-02
1.322999484297157982e-02	1.735889673827592170e-02	1.391311565110849857e-01
4.370822906494140764e-02	5.451283029784585732e-02	1.851182988909787774e-01
1.607297814410665882e-02	3.871294536495446803e-02	5.045145888661229511e-02
1.607297814410665882e-02	1.730818254989281713e-02	1.267911528432092046e-02
2.528472845105157393e-02	1.710611299386345652e-02	3.478359767170839389e-01
2.763525092083474882e-02	2.978493745190247122e-02	2.779133583224097093e-02
7.202628038931583633e-03	1.123555283296732467e-02	2.517205708941748221e-01
1.239613380984983665e-02	1.735889673827592170e-02	1.036964717299439231e-01
1.205473360807999238e-02	1.574112396882359349e-02	1.007481369861336698e-02
7.668804638627646497e-02	9.024175875204756836e-02	7.364158644232639273e-02
3.533033979111823569e-02	3.689555827518948422e-02	5.555978174819502929e-02
8.036489072053329408e-03	2.315602605776893863e-02	1.300345187963441312e-02
2.410946721615998475e-02	2.203896901851283216e-02	4.024066654748694738e-01
2.645998968594315964e-02	1.555691930718552766e-02	5.208603171415106953e-03
1.808210041211999117e-02	2.517106408192927233e-02	2.879881720210230797e-02
3.817332309225331122e-02	3.128615044001629292e-02	4.231421753417614201e-02
1.406385587609332473e-02	1.939012894309369642e-02	1.957159991874251118e-02
4.018244536026664704e-03	8.031243398005231612e-03	1.520905674890030146e-01
6.179032947706139534e-02	7.102572026098161184e-02	1.572718615448752022e+00
4.018244536026664704e-03	1.779103338569774234e-02	2.820947835611742685e-02
2.210034494814665587e-02	3.007856568790730559e-02	4.632125309733457069e-02
1.724823937899824453e-02	8.853373221328431075e-02	8.649189804875574011e-03
2.445086741792983076e-02	3.691941633486093416e-02	1.611970191778138578e-02
2.009122268013332352e-03	3.681349427325469881e-02	7.052369589029356713e-03
8.036489072053329408e-03	1.058382732315253649e-02	2.014962739722673396e-02
8.036489072053329408e-03	1.643325176619532188e-02	8.059850958890692890e-03
2.009122268013332352e-03	5.750173523539022641e-02	2.014962739722673223e-03
5.777208494103473063e-02	9.257830616244651367e-02	9.506533797397169472e-02
9.821427594060483379e-02	2.488457264745621775e-02	4.064164743867031138e-02
7.470148128011952493e-02	2.503143433026244757e-02	7.347039012021797100e-02
9.215917103532431098e-02	1.399917128377424491e-01	1.552492179149805029e-01
6.546717381131822444e-02	9.313037538171706209e-02	1.764420839243157069e-01
2.494898395261902629e-02	3.603338779059431229e-02	2.879881720210230797e-02
3.013683402019998181e-02	5.113898607858101408e-02	1.823228091694587827e-01
1.406385587609332473e-02	2.892066415705882992e-02	2.441008354342261155e-02
1.158855700838393038e-01	9.951495143243499486e-02	2.820947835611742685e-02
1.205473360807999238e-02	1.509229143956058311e-02	3.585118679113166035e-02
1.832345637722291865e-01	5.688165392067069392e-01	1.407356910234273784e+00
2.009122268013332352e-02	2.820758994975292033e-01	3.484370542127032677e-02
3.016012302343396012e-01	2.913364965719474897e-01	1.577347655975541496e+00
1.277532356372778066e-01	2.193835184461160881e-01	1.287074757869853536e-01
6.027366804039996188e-03	2.063663701464113140e-02	4.541405203730561335e-02
2.729385071906490629e-02	4.616589409454802118e-02	4.206727133240810435e-02
3.013683402019998181e-02	2.229175276292529734e-02	2.115710876708807101e-02
0.000000000000000000e+00	1.728546589687280852e-03	5.911870474039122164e-02
4.311462208844613064e-02	2.020450036721931075e-02	1.065248296011325896e-01
7.702944658804630751e-02	6.001764357535916555e-02	1.553120003190151532e-01
2.528472845105157393e-02	4.552083003550693591e-02	1.377486184585926254e-01
4.401362184165180658e-02	2.971150661049935457e-02	1.670904076376626690e-02
1.607297814410665882e-02	1.934022707237566946e-02	2.207078420838644306e-02
2.510285018146901637e-01	1.390180355890136173e-02	3.073803006216536959e-02
1.819995368736377628e-01	4.753503121640021908e-03	1.712718328764272283e-02
6.027366804039996188e-03	9.507006243280043817e-03	4.431276473888130785e-02
6.497471297996632034e-02	7.020295335170337325e-02	8.150735116282174786e-02
9.344382493392280886e-02	1.708595810685669125e-01	5.348954897287280241e-01
5.364444774130116417e-02	3.187218984760845780e-02	4.693348185960636437e-02
3.733946205913156458e-02	3.037289803164855417e-02	4.005230859268543026e-02
1.004561134006666176e-02	3.024956531952741490e-03	8.464813163114148775e-02
2.812771175218664946e-02	3.868045414475133892e-02	1.428715493096861799e-01
6.982681854911472474e-02	7.942710909760206106e-02	1.774335046147191286e-01
3.480187153470688799e-02	4.976914529491243550e-02	2.216459013694940458e-02
2.930297298707823864e-02	3.806121985513967465e-02	2.317207150681074163e-02
0.000000000000000000e+00	1.217325696921408087e-02	4.026332878789236347e-02
8.036489072053329408e-03	1.138241451577355449e-02	4.467157291811565956e-02
2.410946721615998475e-02	4.946281874269024131e-02	1.017751459118931834e+00
1.336989478788513930e-01	8.972707680633240646e-02	2.315611693748207967e-01
5.140331793522489451e-02	2.854020310161714188e-02	4.929083724354588886e-02
1.472508513409158393e-01	1.982809832863082211e-01	8.165532648563385010e-01
6.027366804039996188e-03	9.580437084683158730e-03	7.196901634682056903e-02
3.533033979111823569e-02	1.320395704516746094e-01	4.729914828095325152e-01
1.004561134006666176e-02	4.321366474218202129e-04	6.927090883255004883e-02
3.131209525509157099e-02	1.952443173401373702e-02	3.140311878780985971e-02
4.018244536026664704e-03	3.024956531952741490e-03	1.254100882729818622e-01
1.205473360807999238e-02	5.765953533667281250e-02	4.248541385628456374e-02
2.009122268013332352e-02	2.473841462646636513e-02	1.670904076376626690e-02
2.210034494814665587e-02	3.218084142689692922e-02	4.870149839756100774e-02
1.147103088489477146e-01	9.408189248563048057e-02	1.267911528432092046e-02
1.205473360807999238e-02	1.080341618554550576e-02	4.902583499287450214e-02
1.832108055335887886e-01	9.507006243280043817e-03	3.885074098442876239e-02
3.013683402019998181e-02	1.631527054042292840e-02	1.712718328764272283e-02
1.927800880653270710e+00	1.997256193375052336e+00	1.542634214079657173e+00
2.327560618303824158e-02	1.986846766269712364e-02	1.511222054792005047e-02
1.138764478158259680e-01	7.277901333169152498e-02	2.016983136188152115e-01
1.271064426587975582e-01	5.042157446654359915e-02	2.061249627623447031e-02
8.415042006451151080e-02	9.173578811702585989e-02	9.321318636106890043e-02
1.607297814410665882e-02	3.306267772826768092e-02	2.921695972597876390e-02
2.870111949201943624e-02	1.728546589687280852e-02	2.393260667490404794e-02
1.019727748373280424e-01	1.944614913398190828e-02	8.011092734198237419e-01
2.930297298707823864e-02	5.361047424283110763e-02	9.555923037750777005e-02
5.777208494103473063e-02	5.863217076755818796e-02	4.147793248642322322e-02
8.389067442520804774e-02	7.637924312653386616e-02	6.962555092434551118e-02
4.890173483585966152e-02	1.123555283296732467e-02	2.832584415757378737e-01
1.808210041211999117e-02	1.426050936492006746e-02	5.964168864627217292e-01
2.009122268013332352e-03	3.889229826796381916e-03	9.797592010608939528e-02
4.253296783004981846e-02	1.253196277523278661e-02	4.265609979629516602e-01
9.803515510282654333e-01	3.489714637956119886e-02	4.550785796586857140e-02
2.410946721615998475e-02	1.339623607007642617e-02	1.946648262267889132e-02
1.806111836778944824e+00	1.797945365495515313e+00	3.972065049895020294e+00
1.322999484297157982e-02	1.959301081678813811e-02	7.162662370260371170e-02
8.036489072053329408e-03	8.642732948436404258e-03	2.577637309251829684e-02
4.533030399377795117e-02	2.373502438799698910e-02	1.309725780819737638e-02
7.634664618450662243e-02	1.284351342931352724e-01	2.210995690074077924e-01
7.668804638627646497e-02	9.868316935779447574e-02	1.397743079551430623e-01
2.964437318884808117e-02	1.329031400847018735e-02	1.427593550016713689e-02
7.000254202580107055e-02	9.062403574251474969e-02	8.698579045229179463e-02
5.149251136226930259e-02	1.512478265976370702e-02	2.115710876708807101e-02
3.865546120768008187e+00	4.230493853365691059e+00	3.254525838896285439e+00
4.939419566721155869e-02	4.979906875890983686e-01	5.575386798659036358e-02
4.336682886317156510e-02	4.190865315106741262e-02	2.518703424653341572e-02
4.135770659515822928e-02	3.255711023944274363e-02	8.194838360298511981e-02
6.008659998575846539e-02	8.910202861129494500e-02	5.868250616761141319e-02
4.169910679692807182e-02	3.072334524996559943e-02	3.693605855453845760e-02
1.925736164701157688e-02	1.366613217422789628e-01	1.932288699371870200e-01
2.009122268013332352e-03	9.507006243280043817e-03	3.273493675298468769e-02
2.426178766333538517e-01	2.591867009897779184e-01	1.319257635709851328e+00
0.000000000000000000e+00	2.160683237109101065e-03	1.864066761593486110e-01
2.611858948417331711e-02	1.494542975675435502e-02	9.567970661229865947e-02
4.135770659515822928e-02	1.062406328253615202e-02	1.021705675263737539e-01
1.205473360807999238e-02	1.794933470110049098e-02	2.014962739722673223e-03
2.812771175218664946e-02	2.124812656507230405e-02	6.339557642160459361e-02
4.018244536026664704e-03	4.664671510235032792e-02	3.022444109584009834e-03
7.016821875088456728e-02	2.111084645525772852e-01	3.778908055189044157e-01
1.406385587609332473e-02	1.285817736104836843e-02	2.856651055951451301e-01
8.036489072053329408e-03	1.598905595460734658e-02	1.511222054792005047e-02
2.120213176893151197e-01	1.102201902955547569e-01	3.241060015767119329e-02
7.384506308514138251e-02	1.544449900153866406e-01	5.122773688892985344e-01
1.003942461981289641e-01	1.569454464829176110e-01	5.463226194991621654e-01
1.210790758547575646e-01	4.753503121640021908e-03	4.029925479445346445e-03
4.537595113118489398e-02	5.242557775349985377e-02	4.550785796586857140e-02
5.424630123635997003e-02	9.859151421045127262e-02	5.541147534237351319e-02
2.361700638480808412e-02	2.729803962897778616e-02	2.838067467822584858e-02
2.877450473066689440e-02	1.609902857545010835e-01	4.631422193244446039e-01
4.719800534455672464e-02	1.006861458990044644e+00	7.898527383804321289e-02
2.210034494814665587e-02	1.451329310933253437e-02	1.208977643833603934e-02
1.205473360807999238e-02	1.728546589687280852e-03	9.554401040077209473e-02
1.724823937899824453e-02	1.611238866672848671e-02	1.410473917805871343e-02
1.406385587609332473e-02	2.063663701464113140e-02	2.717910706996917725e-02
7.375303766001825578e-02	1.135954042325293400e-01	8.116495851860490440e-02
1.406385587609332473e-02	1.469264601234188637e-02	1.712718328764272283e-02
2.210034494814665587e-02	8.716163789839519171e-03	7.143451030864271523e-02
2.009122268013332352e-03	4.818746038803138620e-02	1.584941762131313880e-01
1.925736164701157688e-02	1.062406328253615202e-02	2.897001352421072970e-02
1.001539921415024875e-01	2.997141614221872641e-01	2.275392898293428570e-02
6.407607693603073473e-01	1.115609944461289693e+00	1.897235423673030885e+00
2.126648391502490923e-02	2.482855245656800589e-02	2.879881720210230797e-02
3.616420082423998233e-02	1.440737104772629555e-02	3.022444109584009834e-03
0.000000000000000000e+00	1.837003171592579281e-02	3.761920332908630371e-02
0.000000000000000000e+00	4.040970439625499872e-02	1.007481369861336611e-03
2.611858948417331711e-02	3.544726425275541298e-02	1.469407802404359281e-02
1.752926411836043530e-01	2.632080332893980135e-01	1.150437690490900139e-01
1.808210041211999117e-02	1.467585926341297142e-01	1.771652213362760395e-02
0.000000000000000000e+00	6.996701349344039422e-02	8.059850958890692890e-03
4.470609920612280130e-01	4.300573013369876629e-01	7.506721033606418569e-02
2.009122268013332352e-03	2.827668338642453164e-02	2.014962739722673223e-03
6.305478413899739953e-02	8.103585391865109067e-02	5.990591021471245586e-02
2.009122268013332352e-03	1.728546589687280852e-03	1.047977590283682148e-01
1.205473360807999238e-02	5.617776416483662334e-03	1.867658391941425522e-01
0.000000000000000000e+00	7.818705661041183697e-02	1.167163391445958341e-02
2.009122268013332352e-03	2.492551226865620875e-02	1.007481369861336611e-03
6.027366804039996188e-03	4.768330022283920333e-02	6.044888219168019668e-03
8.036489072053329408e-03	7.346323006170943186e-03	2.757967090190843185e-01
0.000000000000000000e+00	1.728546589687280852e-03	7.767151192177174091e-02
2.528472845105157393e-02	3.452087771565539448e-02	3.786614953085433444e-02
0.000000000000000000e+00	7.584490948484425010e-02	1.309725780819737638e-02
3.047823422196982435e-02	6.104779867757288009e-02	5.603078423544417819e-02
3.292037452476612169e-01	3.635007621641468400e-01	5.253885024508764268e-01
2.009122268013332352e-03	2.142818312989803325e-02	0.000000000000000000e+00
2.812771175218664946e-02	3.438176077202965975e-02	2.577637309251829684e-02
0.000000000000000000e+00	1.549193686677927985e-03	8.430857505909232497e-02
1.063324195751245427e-01	2.645717698736975709e-01	5.804081895323687235e-01
2.528472845105157393e-02	3.466177328566363153e-02	3.241060015767119329e-02
1.004561134006666176e-02	5.117010758107439633e-02	8.649189804875574011e-03
4.253296783004981846e-02	5.228149326067613178e-02	6.774983849636344313e-02
2.468287495599277154e-02	1.606248679601046322e-02	2.014962739722673396e-02
1.607297814410665882e-02	3.370665849890197574e-02	1.491813430952471271e-02
1.808210041211999117e-02	1.451329310933253437e-02	8.789463202620662052e-02
2.009122268013332352e-03	2.977789637453835334e-02	2.014962739722673223e-03
3.696819436722907359e-01	4.061107605770044593e-01	3.212934972588405991e+00
2.210034494814665587e-02	2.985062355412509277e-02	3.459675921950229605e-02
1.205473360807999238e-02	1.685332924945098787e-02	2.930507687635200073e-02
1.406385587609332473e-02	2.934505606530015895e-02	1.712718328764272283e-02
2.930297298707823864e-02	2.931256484509703678e-02	3.081377994182497859e-02
2.410946721615998475e-02	2.150091030948477269e-02	2.225068045216937462e-01
1.609201210132543691e-01	1.275381474126306980e-01	5.658061046933018368e-01
3.186062246129132969e-02	4.022964783142927297e-02	2.921695972597876390e-02
3.165349545686141353e-02	1.321688316706707417e-02	9.067332328752029935e-03
1.959876184878141941e-02	3.068170196694923468e-02	1.410473917805871343e-02
2.327560618303824158e-02	3.153893418442876156e-02	2.619451561639475276e-02
8.256435256073439699e-02	1.528167317335742403e-01	3.509229213692421218e-02
8.162109886390575553e-02	4.602677715092228644e-02	3.081377994182497859e-02
2.009122268013332352e-02	3.169283694459910233e-02	5.936565094215925237e-02
4.080519745315330793e-01	3.053163515956621929e-02	1.000830482604891797e-01
2.611858948417331711e-02	9.074869595858224905e-03	3.537593941355860472e-01
1.004561134006666176e-02	2.414363206473372006e-02	1.208977643833603934e-02
1.448144069616345286e-01	9.154869047483600586e-02	3.354016143915264925e-01
1.406385587609332473e-02	2.038385327022866275e-02	1.936486529749493202e-01
1.925736164701157688e-02	3.529679180677989386e-02	2.174644761307294866e-02
1.523911711098491217e-02	2.131381266729492907e-02	1.309725780819737638e-02
4.253296783004981846e-02	3.929194369518251156e-02	5.894750841828279991e-02
1.004561134006666176e-02	2.880699735627209948e-02	6.221689872963483831e-02
2.812771175218664946e-02	8.318928114493885639e-02	5.659015303434327543e-02
1.808210041211999117e-02	1.521739787294383063e-02	1.712718328764272283e-02
0.000000000000000000e+00	1.728546589687280852e-03	4.961517383885938326e-02
2.210034494814665587e-02	3.745747504388899363e-02	3.770626457624657452e-02
5.424630123635997003e-02	6.726837544667156610e-02	6.313057417093320689e-02
1.925736164701157688e-02	1.062406328253615202e-02	5.583125838013582726e-02
2.812771175218664946e-02	2.940270267519867753e-02	3.425436657528544565e-02
6.027366804039996362e-02	7.382722760079210578e-02	1.291485082271487117e-01
1.967461931532707708e-01	2.445895560364473587e-01	8.246197256931038500e-02
3.567173999288807823e-02	2.583032352965966005e-01	1.285443943600322048e-01
9.310242473215296632e-02	9.554454602505500771e-02	2.991841747317203204e-01
1.152027696802996187e-01	9.412572612786233861e-02	1.497419434924458226e-01
8.036489072053329408e-03	1.166768948038914532e-02	3.512873656527940730e-02
1.951693462288897951e+00	2.349975949362328898e+00	1.935670920582704735e+00
2.009122268013332352e-02	2.181938015611986290e-02	1.788771845573602567e-02
9.060084163278772640e-02	5.880448259320342208e-02	6.037313231202059288e-02
1.109518099522245060e-01	1.219112565392567876e-01	3.870407509249310096e-02
1.038701154183650430e-02	1.724522993748919472e-02	6.044888219168019668e-03
2.126648391502490923e-02	3.139981724080301989e-02	4.901502018058022658e-01
2.009122268013332352e-02	2.101452719243684583e-02	3.182126131168631911e-02
1.760081774946572197e-01	1.105619992995797267e-02	1.999404873958853801e-01
8.036489072053329408e-03	3.889229826796381916e-03	1.542253210101016681e-01
2.210034494814665587e-02	2.930482010591654515e-02	2.148144536240156194e-02
2.327560618303824158e-02	9.074869595858224905e-03	4.483165640470593294e-01
1.406385587609332473e-02	1.235260987222343287e-02	3.249871730804443359e-02
1.406385587609332473e-02	1.474851399585790437e-02	2.317207150681074163e-02
1.198026684747225956e-01	9.806186168865670127e-02	7.565654918204905988e-02
8.036489072053329408e-03	2.013106952581619757e-02	4.807121358638585806e-02
8.036489072053329408e-03	1.615859073891009329e-02	3.602238311324008901e-02
1.004561134006666176e-02	1.717954383526656970e-02	6.776789454526679912e-02
1.205473360807999238e-02	2.089923406182381815e-01	1.973148487335027804e-02
4.181743151899697253e-02	2.841805912312724280e-01	4.447748667972032527e-02
4.052384556203648958e-02	4.917506639499616417e-02	5.548886573591897686e-02
2.808632145757260501e-01	3.620875980194072641e-01	8.418033982432165940e-01
2.210034494814665587e-02	2.306928836793971024e-02	1.066415254459824637e-02
8.135308390078337115e-02	8.800415594381584550e-02	6.599987800731214882e-02
7.217734101889790310e-02	2.910001706006818192e-02	7.582774550415748160e-02
1.247559201890143799e-01	9.511170571581681332e-02	5.037406849306683143e-02
8.036489072053329408e-03	5.422229288224864746e-02	7.052369589029356713e-03
2.210034494814665587e-02	3.855277683372212300e-02	2.032082371933515569e-02
2.930297298707823864e-02	8.108712089923848787e-02	8.252567271160524687e-01
2.611858948417331711e-02	3.134557077117691715e-02	1.712718328764272283e-02
1.970417534095653470e-02	4.256193923236722965e-02	3.022444109584010094e-02
4.018244536026664704e-03	2.920593912167442074e-02	1.536200282185576707e-02
1.671977112258690029e-02	2.773017627639960681e-02	1.946648262267889132e-02
2.738714135211446910e-01	1.814175187203652118e-01	1.266861045776411565e+00
6.679676719333814405e-02	7.105821148118472708e-02	7.220863325651301345e-02
2.210034494814665587e-02	3.086227133981604698e-02	2.216459013694940458e-02
1.215922659721927257e+00	1.626961837980217984e+00	1.853117278148961544e+00
5.341244020323822339e-02	9.281673276810871454e-02	3.803734585296276310e-02
1.808210041211999117e-02	2.540722169780968917e-02	1.813466465750405987e-02
3.817332309225331122e-02	3.671620537218012875e-02	4.651533933572991192e-02
6.027366804039996188e-03	4.045853130240690404e-02	3.761470179225123028e-02
4.821893443231996951e-02	5.070684943115918997e-02	9.271733435087425867e-01
1.004561134006666176e-02	1.951957997538502493e-02	4.567905428797700007e-02
8.137171641640040809e-01	1.727564777816620323e-02	1.703337735907976130e-02
4.719800534455672464e-02	3.965064950120122250e-02	3.400835793378741423e-01
4.018244536026664704e-03	4.753503121640021908e-03	1.843146778816400488e-01
2.009122268013332352e-03	3.889229826796381916e-03	8.242266711800597112e-02
1.406385587609332473e-02	1.295428130394800023e-02	1.469407802404359281e-02
1.406385587609332473e-02	2.229175276292529734e-02	2.494008804476538499e-02
1.309016117151232672e-01	4.321366474218202129e-03	7.172207014505253830e-02
2.729385071906490629e-02	6.986286515309626799e-02	6.044888219168019668e-03
2.009122268013332352e-03	1.814973919171644981e-02	2.275392898293428570e-02
1.841629912887794429e-01	3.709876923787029050e-03	4.029925479445346445e-03
4.135770659515822928e-02	4.192931396408271227e-02	3.022444109584010094e-02
1.808210041211999117e-02	1.784093525641576930e-02	1.570155939390492986e-02
8.036489072053329408e-03	1.080341618554550576e-02	5.843555996584337553e-02
1.433697603750919980e-01	4.526842591768488050e-02	5.130579998326856295e-02
1.607297814410665882e-02	2.545582623850377660e-02	1.069412259168403025e-02
3.332121752310489987e-02	3.659320174904535233e-02	1.267911528432092046e-02
4.890173483585966152e-02	6.161689134012731522e-02	3.845548837683921556e-02
3.415507855622664651e-02	3.885980704776069439e-02	1.091274906729542971e-01
1.205473360807999238e-02	1.885384395532774607e-02	7.052369589029356713e-03
1.808210041211999117e-02	3.777645769856517038e-02	5.877631209617437125e-02
3.733946205913156458e-02	6.282108174892435393e-02	1.003496910250464141e-01
5.458483875661656048e-01	7.851890494995877878e-03	7.052369589029356713e-03
1.634699151135872996e-01	2.846911968733009668e-01	1.027287055586659559e+00
2.410946721615998475e-02	3.369684038019536698e-02	1.670904076376626690e-02
3.248735648998316017e-02	3.644634006623912598e-02	3.383622405140898626e-02
4.018244536026664704e-03	1.649462344343228387e-02	4.235713634380074144e-02
4.420068989629331174e-02	5.420295496533933388e-02	9.613051317458928824e-02
1.031480360722196316e-01	6.264473330647571392e-02	9.692999893842740855e-02
7.903856885605964333e-02	6.378531931641689967e-02	3.235096453234206915e-01
2.210034494814665587e-02	2.214610754997653128e-02	2.032082371933515569e-02
1.607297814410665882e-02	2.812207696443781366e-02	2.518703424653341572e-02
2.009122268013332352e-02	2.018097139653422453e-02	2.752633358156958421e-02
3.013683402019998181e-02	2.715648261091655608e-02	1.309725780819737638e-02
1.377988469773444580e-01	3.417973476752378392e-02	4.440474936435389042e-01
2.562612865282141647e-02	1.901401248656008763e-02	6.174967663232670129e-02
7.217734101889790310e-02	9.261079738264964278e-02	7.846165049907773137e-02
3.874673083208610147e-02	5.002192903932490414e-02	2.678385446237963388e-02
2.009122268013332352e-03	3.900666873056692074e-02	4.029925479445346445e-03
6.948541834734488221e-02	1.286298968548192090e-01	2.209976263517557105e-01
2.009122268013332352e-02	3.318778416165092671e-02	2.577637309251829684e-02
2.930297298707823864e-02	3.536247790900251542e-02	9.067332328752029935e-03
3.867143962694250675e-02	3.234212237997839690e-02	3.022444109584010094e-02
8.673365772634313020e-02	1.322707802874786287e-01	1.736893667731174151e-01
6.311169361722641924e-02	8.445444755126116365e-02	1.065101529969725430e-01
3.415507855622664651e-02	4.596620129230908486e-02	5.860511577406594952e-02
7.885150080141814510e-02	1.202439930819513725e+00	1.081973996966384133e-01
3.616420082423998233e-02	2.718437282819105918e-02	2.974443865376849572e-02
2.327560618303824158e-02	4.318117352197889391e-02	6.945829890495122672e-02
2.126648391502490923e-02	4.200809629183457905e-02	2.266012305437132418e-02
8.021383009095123251e-02	9.110044050692323037e-02	9.810167204502016902e-02
1.607297814410665882e-02	1.870220409069869860e-02	3.543304426725520789e-02
5.091085710387299040e-02	6.950972145632318411e-02	2.820947835611742685e-02
2.723282661990842832e-02	5.286753266826829667e-02	1.611970191778138578e-02
4.655121236607648316e-02	2.348224064358452046e-02	1.200631198494933327e-01
1.004561134006666176e-02	1.883465958355073563e-02	2.717992822791254759e-01
2.043262288190316606e-02	1.865530668054138363e-02	1.712718328764272283e-02
2.410946721615998475e-02	4.734586019468426527e-02	3.140311878780985971e-02
1.422999126323755137e-01	7.471454559716203536e-02	1.108426472475362440e-01
4.018244536026664704e-03	5.617776416483662334e-03	3.459589366996010940e-01
3.131209525509157099e-02	2.384094644960322446e-02	1.108229506847470229e-02
9.427768596704455550e-02	3.136662235878352051e-02	4.398842814356782038e-02
2.248080585313879942e-01	6.853882243805692331e-02	1.501749026220898231e-01
1.239220591558926332e-01	3.550863592999237150e-02	2.602615536645401517e-02
5.022805670033330533e-02	1.645898848697728914e-02	1.410473917805871343e-02
1.656211659528206981e-01	4.142013571208849262e-03	8.059850958890692890e-03
1.429923527482627188e-01	5.185639769061842555e-03	1.688023708587469210e-02
4.420068989629331174e-02	5.367952124436300293e-02	6.114755744157835543e-02
5.659682370614314145e-02	2.729803962897778616e-02	1.032783292060674568e-01
4.420068989629331174e-02	8.092392353048348530e-02	1.545047434263451258e-01
1.804190552752950871e-01	1.606008251408983512e-01	9.905082663131314913e-01
3.733946205913156458e-02	9.233402923455559519e-02	8.892500331235486666e-02
1.205473360807999238e-02	1.362248638324309487e-02	2.014962739722673396e-02
2.009122268013332352e-02	6.264440421748934673e-02	1.309725780819737638e-02
2.930297298707823864e-02	2.435143902117474779e-01	6.262676816347033659e-01
0.000000000000000000e+00	2.618943099071854505e-02	1.108229506847470229e-02
2.528472845105157393e-02	5.395805627627860146e-02	4.894844459932903846e-02
2.009122268013332352e-03	4.411958132004202560e-02	4.029925479445346445e-03
4.135770659515822928e-02	5.668403531547793611e-02	2.997749489407206674e-02
2.126648391502490923e-02	2.452586684143751375e-02	2.577637309251829684e-02
6.061506824216980616e-02	1.682571988747898761e-01	1.137712854285572867e-01
5.542156247125155921e-02	7.393630633033124178e-02	1.664798193892767231e-01
0.000000000000000000e+00	3.024956531952741490e-03	1.326500697191371481e-01
0.000000000000000000e+00	1.296409942265460639e-03	6.558173548343569637e-02
3.817332309225331122e-02	3.618373820312005551e-02	1.872400350348894099e-02
3.533033979111823569e-02	5.191019229460832468e-02	6.742550190104994179e-02
6.144892927529155280e-02	8.840799376257042763e-02	4.105978996254677077e-02
2.528472845105157393e-02	2.366159354659387246e-02	2.589271408180857797e-02
2.009122268013332352e-02	2.200647779830970652e-02	2.820947835611742685e-02
2.210034494814665587e-02	1.408115646191071373e-02	2.138763943383860042e-02
5.743068473926488809e-02	6.195981291464142116e-02	3.403132693019024213e-01
4.359869127688200674e-01	4.875488264899598967e-01	1.998510153834209824e+00
2.410946721615998475e-02	8.501062057262050164e-02	2.980629857196364155e-02
1.325319559677787529e-01	1.822317003311956299e-02	3.140311878780985971e-02
3.315307969632356189e-01	1.916087416936631746e-02	1.341269130623617967e-01
2.210034494814665587e-02	1.494542975675435502e-02	2.073896624321161161e-02
1.180314822127853658e+00	9.280236400570952560e-01	2.056167679817177518e+00
3.332121752310489987e-02	3.990343324561369115e-02	3.406675471815952261e-02
4.253296783004981846e-02	3.936537453658563168e-02	3.983496580013008714e-02
3.223468553156092486e+00	3.331998337088083240e+00	2.986700803734535281e+00
7.974906866101251490e-02	8.139699979910529348e-02	1.867151191068250060e-01
4.135770659515822928e-02	4.896604464832981368e-02	1.410473917805871343e-02
4.738507339919822980e-02	6.625395061963811061e-02	8.331238322479780911e-02
2.188368983890699171e-01	1.555691930718552766e-02	1.167163391445958341e-02
5.257857917011647675e-02	1.441323555021214731e-01	4.876858183117799839e-01
1.004561134006666176e-02	6.482049711327302760e-03	1.391131004621816158e-01
6.708924874015476103e-02	9.128608861171694233e-02	1.257836714733478745e-01
5.458770143812981257e-02	1.253196277523278661e-02	1.881157132082207362e-01
0.000000000000000000e+00	8.642732948436404258e-04	9.096377533535625337e-02
2.009122268013332352e-03	2.160683237109101065e-03	2.454038394051928917e-01
1.205473360807999238e-02	1.296409942265460552e-02	2.417955287667207867e-02
4.719800534455672464e-02	2.556949303929050704e-02	8.776131092115889709e-01
3.013683402019998181e-02	3.280989398385521227e-02	3.505962809851003587e-02
3.673760856407275871e-02	3.842767040033887721e-02	1.712718328764272283e-02
8.036489072053329408e-03	2.025440223793733771e-02	1.528341687002847393e-02
5.056945690210314787e-02	2.632009953334741789e-02	5.037406849306683490e-03
9.090623440949813228e-02	5.921116909778623844e-02	3.739404667948567629e-01
2.244174514991649841e-02	3.644634006623912598e-02	6.985860716464907527e-02
8.036489072053329408e-03	1.321688316706707417e-02	8.757512929827668269e-02
1.808210041211999117e-02	2.877380247425260010e-02	2.439057307187900842e-02
5.542156247125155921e-02	3.093448571136170333e-02	5.787582452907118896e-02
2.009122268013332352e-02	8.301962432718633378e-02	5.246642162633496920e-02
1.106560568878616063e-01	7.427539520727428624e-01	1.759393187456352869e-01
1.641437834587650135e-02	9.111713634762086400e-02	4.210544041422910611e-01
2.445086741792983076e-02	1.744351444993530453e-01	6.326729890912077825e-02
0.000000000000000000e+00	3.457093179374561703e-03	5.383435168931650222e-02
3.248735648998316017e-02	9.487425924239313579e-02	1.389090439607930660e-01
1.322999484297157982e-02	1.580970305159799458e-02	6.711122393608093262e-02
2.445086741792983076e-02	1.766158235340641730e-02	1.007481369861336611e-03
1.190699535867442288e-01	2.335408827907723972e-01	2.376141035279562275e-02
2.410946721615998475e-02	1.814973919171644981e-02	7.128423105838686824e-02
4.018244536026664704e-02	4.783067575416660028e-02	8.614950540453888972e-02
1.808210041211999117e-02	1.615859073891009329e-02	1.410473917805871343e-02
1.066827518352563842e-01	1.021579679408275571e-01	2.669494872869447311e-01
4.420068989629331174e-02	4.224346938573213944e-02	4.634697908578917086e-02
1.406385587609332473e-02	1.494542975675435502e-02	1.602589598921842426e-02
3.415507855622664651e-02	2.402029935261257992e-02	4.835875089778456787e-02
9.908414439878601709e-02	5.070684943115918997e-02	7.899203508399254003e-01
2.126648391502490923e-02	3.153266841336675730e-02	3.988111227057700853e-02
3.616420082423998233e-02	9.824328797119216694e-02	3.493967430536137342e-01
2.410946721615998475e-02	2.217417717574540412e-02	2.619451561639475276e-02
4.655121236607648316e-02	3.865692517406625617e-02	6.482120031534238658e-02
1.607297814410665882e-02	1.148833657737979332e-02	3.049969811772191078e-02
1.699808106906172123e-01	3.385352018170820210e-02	2.678388526966405392e-01
1.205473360807999238e-02	1.123555283296732467e-02	3.451368004776710768e-02
0.000000000000000000e+00	2.099534282065983887e-02	1.693309704924738854e-02
1.294702747593755365e+00	8.611026696136170333e-02	1.959869577441104571e-01
5.190143446991409004e-02	4.155854899389785362e-02	1.813466465750405987e-02
8.036489072053329408e-03	1.806649023160672787e-02	1.813466465750405987e-02
1.322999484297157982e-02	7.750847363412528834e-02	1.980786649293677648e-01
4.018244536026664704e-03	4.753503121640021908e-03	1.265442066414411704e-01
0.000000000000000000e+00	1.296409942265460639e-03	9.647290581880613169e-02
0.000000000000000000e+00	3.889229826796381916e-03	1.768441657687342405e-01
6.027366804039996188e-03	6.049913063905482981e-03	1.602289309335309386e-01
4.383619971897290829e-02	3.482371553815808568e-02	8.801296838494233887e-02
2.210034494814665587e-02	2.177287842567424830e-02	1.511222054792005047e-02
1.760081774946572197e-01	7.612251952996575144e-02	1.064703291238740385e-01
6.027366804039996188e-03	1.244871381512306641e-02	2.216459013694940458e-02
1.607297814410665882e-02	2.229175276292529734e-02	8.954914607280908823e-02
3.733946205913156458e-02	1.728800417776416853e-01	1.348707003648891012e-01
1.607297814410665882e-02	3.156515963356988641e-02	2.820947835611742685e-02
2.114312268685603416e-02	6.333035736012637695e-02	3.543304426725520789e-02
8.380823750426803498e-01	1.266746295509195708e+00	1.499909259205640666e+00
5.659682370614314145e-02	6.801569209134489258e-02	7.489601401395576397e-02
4.018244536026664704e-03	1.586557103511401084e-02	1.208977643833603934e-02
2.729385071906490629e-02	3.524254533715379112e-02	6.717855569928191106e-02
9.211750306944916852e-03	2.027793120862242740e-02	1.706116656924402952e-01
4.283836060676021740e-02	5.620890351899544557e-01	4.609719681185345252e-02
1.080001416413680360e-01	1.057501751883071495e-01	1.536016776118167559e-01
4.135770659515822928e-02	4.852794188811000026e-02	2.678385446237963388e-02
2.009122268013332352e-03	2.160683237109101065e-03	5.288456415021142165e-02
3.282875669175300271e-02	3.961815828099809339e-02	6.523934283921885291e-02
1.239613380984983665e-02	8.642732948436404258e-04	1.454394064670385400e-01
7.202628038931583633e-03	6.284761518017015214e-02	3.337713556234226525e-02
2.846911195395649199e-02	2.927936996307753392e-02	5.130579998326856295e-02
6.345805154330488862e-02	4.307525146037265856e-02	6.177586628947147329e-02
6.763062822645989070e-02	4.355193849216375257e-02	3.963416606880897780e-02
2.410946721615998475e-02	3.852046695433352513e-02	2.779133583224097093e-02
1.213844686314679566e-01	9.364878982677127262e-02	1.391475720461024801e-01
1.406385587609332473e-02	2.530689117617143311e-02	1.712718328764272283e-02
5.140331793522489451e-02	2.279732025175023116e-02	2.516414433024650316e-02
1.406385587609332473e-02	3.187218984760845780e-02	1.602537936942521890e-01
2.663859436477439835e-01	2.854335049441330541e-01	9.383526427108187518e-01
4.018244536026664704e-03	6.747166726951885074e-02	1.024601002072179044e-02
9.996365256931470655e-02	7.833110364595256836e-02	1.219299802946489930e-01
4.454209009806315428e-02	4.483628927026306332e-02	2.614513510881468217e-01
3.013683402019998181e-02	5.466246902199457108e-02	2.997749489407206674e-02
2.126648391502490923e-02	4.534185675908800062e-02	5.990884331769721211e-02
2.812771175218664946e-02	2.333537896077829063e-02	8.649189804875574011e-03
8.305681339208630110e-02	1.014284739767821325e-01	1.196630333745202363e-01
0.000000000000000000e+00	1.728546589687280852e-03	4.524285571519718469e-02
1.463277968807496776e-01	1.462161271946685881e-01	2.597349676974983979e+00
2.611858948417331711e-02	3.682542190587431152e-01	3.543304426725520789e-02
3.332121752310489987e-02	1.344687116710919783e-01	5.431018804394921462e-02
2.009122268013332352e-02	2.358816270519075928e-02	2.653690826061159969e-02
8.036489072053329408e-03	1.886785446557023502e-02	1.647662846154944738e-01
6.179032947706139534e-02	1.642119260202916722e-02	4.683954407309376955e-01
2.009122268013332352e-03	8.190802802468772487e-03	4.727587450382321477e-02
1.724823937899824453e-02	1.908744332796320428e-02	1.528341687002847393e-02
1.578764431718467087e-02	1.753824964128527716e-02	1.813466465750405987e-02
1.872889339060023264e-02	1.753824964128527716e-02	1.511222054792005047e-02
6.027366804039996188e-03	6.914186358749123407e-03	3.074628572131312132e-01
4.437641337297965061e-02	4.455101430564747250e-02	6.079127483589704534e-02
2.200578067613684630e-01	5.438423513474309468e-03	7.052369589029356713e-03
3.366261772487474241e-02	8.175570560512400442e-02	1.343423363774321755e-01
3.533033979111823569e-02	3.395944224331444439e-02	1.008206931657569388e-01
1.641437834587650135e-02	8.642732948436404258e-03	8.103634867557259203e-02
4.886572741080021792e-02	2.877380247425260010e-02	4.005230859268543026e-02
9.427768596704455550e-02	1.542176564138131867e-01	8.602549447569736163e-01
1.205473360807999238e-02	8.210596301014583612e-03	4.136483516804007610e-01
2.009122268013332352e-03	4.751098839719396921e-02	8.649189804875574011e-03
1.004561134006666176e-02	2.244117462129664384e-02	2.678385446237963388e-02
4.655121236607648316e-02	4.952217545592577097e-02	3.162717507329097788e-02
7.047361152759497316e-02	1.296409942265460552e-02	2.847948053548502445e-01
2.009122268013332352e-03	1.037127953812368511e-02	4.827977682268896897e-02
3.131209525509157099e-02	3.205154275061780633e-02	1.511222054792005047e-02
1.205473360807999238e-02	3.329611995868254626e-01	2.577637309251829684e-02
1.406385587609332473e-02	2.747739253198714163e-02	1.030173248676366615e+00
1.808210041211999117e-02	2.413152607896381502e-02	1.410473917805871343e-02
1.222190908072651405e+00	1.063545219767420669e+00	2.384653786933699227e+00
2.323028799416362311e-01	7.778459653592763832e-03	2.275392898293428570e-02
5.056945690210314787e-02	4.119984318787914962e-02	5.941037729729053279e-02
1.205473360807999238e-02	2.485973103682596538e-02	4.592600048974503080e-02
1.122087257495824920e-02	1.469264601234188637e-02	1.309725780819737638e-02
3.214595628821331763e-02	3.205154275061780633e-02	3.976441642572713792e-02
1.808210041211999117e-02	1.694384165238263865e-02	2.476889172265695979e-02
6.497471297996632034e-02	5.279410182686517655e-02	4.550785796586857140e-02
8.354927422343820520e-02	9.140957353121027806e-02	6.460546106100082397e-01
0.000000000000000000e+00	3.457093179374561703e-03	1.320607308731522600e-01
0.000000000000000000e+00	0.000000000000000000e+00	6.446239213610804875e-02
3.369715117026066409e-01	5.870560160896130114e-03	8.649189804875574011e-03
3.449647875799648905e-02	3.967402626451411313e-02	2.820947835611742685e-02
2.611858948417331711e-02	2.618098258972167969e-02	8.497246822645497522e-02
8.036489072053329408e-03	7.778459653592763832e-03	1.815572360227274418e-01
1.568593080492986999e-02	1.469264601234188637e-02	1.611970191778138578e-02
4.018244536026664704e-03	5.449860559734620580e-02	2.014962739722673223e-03
2.528472845105157393e-02	3.024956531952741490e-03	3.091138455756874959e-01
1.004561134006666176e-02	3.142025970164082777e-02	2.720199698625608981e-02
1.205473360807999238e-02	3.255711023944274363e-02	5.617201051046682297e-02
6.262419051018314198e-02	4.708958772055228670e-02	1.884609443503756920e-01
9.424167854198510497e-02	1.004224519182619069e-01	1.279408703016680360e-01
2.009122268013332352e-02	2.217808596213856689e-02	2.149950141130491793e-02
4.620981216430664062e-02	2.978493745190247122e-02	3.179837139539940655e-02
1.337241683490034472e+00	1.862427351183427504e+00	1.664075798073480383e+00
1.600862599801326225e-01	1.674740718784474905e-02	2.328466204709784826e-01
3.999537730562514187e-02	4.358081894919759586e-02	2.107202823078909715e-01
9.211750306944916852e-03	1.123555283296732467e-02	8.244391652040702900e-02
6.027366804039996188e-03	5.617776416483662334e-03	1.003496910250464141e-01
2.410946721615998475e-02	2.297667315475958663e-02	3.315307927686114708e-02
8.673365772634313020e-02	7.995372817403360866e-02	1.576168280701304714e-01
9.075190226236978797e-02	9.057779145656975894e-02	1.610990624095118284e-01
2.611858948417331711e-02	2.658062801694037469e-02	2.636571193850317796e-02
1.127011865809343927e-01	1.113022655025681928e-01	1.616200832433478674e-01
2.410946721615998475e-02	2.790952917940895880e-02	1.266323237918144107e-01
1.205473360807999238e-02	3.468215852009685213e-02	6.373796906582145094e-02
3.131209525509157099e-02	2.160683237109101065e-03	6.188933256753655909e-01
8.893311956654424699e-02	7.115431542408436061e-02	2.523939415465953906e-01
1.004561134006666176e-02	7.778459653592763832e-03	3.269493687291478157e-01
1.607297814410665882e-02	1.465241005295827258e-02	2.619451561639475276e-02
3.131209525509157099e-02	1.865530668054138363e-02	1.264851453692414016e-02
2.126648391502490923e-02	1.872873752194449681e-02	1.208977643833603934e-02
7.202628038931583633e-03	5.640650509004283691e-02	5.037406849306683490e-03
1.406385587609332473e-02	1.478315841527353715e-02	9.067332328752029935e-03
2.210034494814665587e-02	1.849303533906056576e-02	1.729837960975114802e-02
8.786327182382777656e-02	2.172514714505012490e-01	2.410642769101054128e+00
1.808210041211999117e-02	2.062681889593452611e-02	7.052369589029356713e-03
1.084958739902662228e-01	2.413466981521568411e-03	1.503647066826044147e-02
4.018244536026664704e-03	1.166768948038914532e-02	6.250857128653415640e-02
2.009122268013332352e-03	6.049913063905482981e-03	6.155181000399034819e-02
2.812771175218664946e-02	3.882731582755757221e-02	6.961166096288104455e-02
3.013683402019998181e-02	3.235796383788758224e-02	3.022444109584009834e-03
3.616420082423998233e-02	3.403287308471755757e-02	4.411123810812484503e-01
4.018244536026664704e-03	1.369892168520692004e-02	5.432824409285257061e-02
4.052384556203648958e-02	3.992888338845269891e-02	4.408223407213077844e-02
2.661030734794727071e+00	2.714369949854520403e+00	2.535876592924428685e+00
1.414388690478559862e+00	3.067466088958512027e-02	3.501490174337874850e-02
2.123267104660255256e-01	4.026213905163239515e-02	3.066217382979947725e-01
1.004561134006666176e-02	1.010867767500461117e-02	2.216459013694940458e-02
1.607297814410665882e-02	1.753824964128527716e-02	3.304950106282567024e-01
5.943980700727822392e-02	2.322945689917205181e-02	4.885463867076607347e-02
8.036489072053329408e-03	1.209982612781096596e-02	5.187224891296653151e-02
5.375384040500806593e-02	4.751459916036325504e-02	1.511222054792005047e-02
1.331338094628375379e-01	1.721548478205007782e-01	7.909724951483482203e-01
5.193505770918252148e-03	3.756339710549523592e-02	5.598439865334089299e-02
5.193505770918252148e-03	1.296409942265460552e-02	2.844293179900146962e-01
3.264407282290251316e-02	4.051492279604486380e-02	5.415704777074414888e-02
1.935906596805738289e+00	1.791091172772452778e+00	4.324921386186466599e+00
1.700169912974039743e+00	7.098402437426503120e-01	1.086841060671695391e+00
8.055523029272107505e-02	6.043414819864858373e-02	6.480708881173022906e-01
1.178946923518526396e-01	5.575486912097121772e-01	2.204946778541387598e-01
2.116831890050915599e-01	3.889229826796381916e-03	1.427593550016713689e-02
0.000000000000000000e+00	1.296409942265460639e-03	5.105885378150052528e-02
0.000000000000000000e+00	2.592819884530921277e-03	2.262320899686147968e-01
6.497471297996632034e-02	7.515341645464338471e-01	2.025509085073027571e-01
6.027366804039996362e-02	5.617776416483662334e-03	1.387839299994845788e-01
8.036489072053329408e-03	7.778459653592763832e-03	3.347679709279259841e-01
2.009122268013332352e-02	2.036629041234156584e-02	2.435074919878050387e-02
1.406385587609332473e-02	2.258233239228588790e-02	1.410473917805871343e-02
7.384506308514138251e-02	1.209685847051720359e-01	2.847839909237484535e-01
7.202628038931583633e-03	2.160683237109101065e-03	1.765972195669662237e-01
2.009122268013332352e-03	3.024956531952741490e-03	1.573269630587378343e-01
6.027366804039996188e-03	1.995171662280684557e-02	1.076490068158438007e-01
3.184383502904919797e-03	4.321366474218202129e-03	1.114139300446177622e-01
1.004561134006666176e-02	1.667397634644163587e-02	2.806380567855613073e-01
0.000000000000000000e+00	3.457093179374561703e-03	2.033056564802347144e-01
6.027366804039996188e-03	5.617776416483662334e-03	3.962383336106011789e-01
3.616420082423998233e-02	7.346323006170943186e-03	1.557808629302091241e-01
2.171329760896986705e-02	2.592819884530921277e-03	1.461061357065688848e-01
0.000000000000000000e+00	1.959301081678813811e-02	3.022444109584009834e-03
4.135770659515822928e-02	3.738404420248588045e-02	7.526094171889992357e-02
2.812771175218664946e-02	2.618098258972167969e-02	9.219603413759275279e-02
2.295929950907610539e+00	2.170684836005926766e+00	1.809308838012606557e+00
6.027366804039996188e-03	1.537756640417617393e-02	1.027647402397421916e-01
4.738507339919822980e-02	7.642320415325593030e-02	4.904948053664939245e-01
1.748024691706118530e-02	1.451329310933253437e-02	1.611970191778138578e-02
1.004561134006666176e-02	2.436918703992467863e-02	2.851092503514400869e-02
3.648282610851785179e-01	7.346323006170943186e-03	1.255264531734377915e-02
4.526333435722019183e-01	4.142013571208849262e-03	7.052369589029356713e-03
1.099636167719744290e-01	1.987828578140372893e-02	3.400742037351741492e-02
2.009122268013332352e-03	1.775079742631412855e-02	6.902396263078201810e-02
2.930297298707823864e-02	3.288332482525832545e-02	5.558267166448194185e-02
8.036489072053329408e-03	6.914186358749123407e-03	2.149762369172517618e-01
6.027366804039996188e-03	7.604045552803097296e-02	1.570155939390492986e-02
1.808210041211999117e-02	2.117469572366919087e-02	1.107296281429224205e+00
2.862582828687584846e-02	6.932966489149745837e-02	1.388260739487270912e-01
1.203178924062977689e-01	3.511463530045792480e-01	2.159923382969789696e+00
1.205473360807999238e-02	5.617776416483662334e-03	4.147793248642322322e-02
2.009122268013332352e-03	7.346323006170943186e-03	6.102180550264757475e-02
3.817332309225331122e-02	2.672434596349473543e-02	1.914214602736539692e-02
4.018244536026664704e-03	1.062406328253615202e-02	2.233578645905782978e-02
8.036489072053329408e-03	1.253196277523278661e-02	4.897307140189547936e-01
4.018244536026664704e-03	2.592819884530921277e-03	1.449953816657842676e-01
1.316171480261761340e-01	2.010244120683455926e-01	1.430079417173252543e-01
5.087484967881354680e-02	8.045276739353550421e-02	8.959009203799934984e-02
1.724823937899824453e-02	2.106877366206295205e-02	1.528341687002847393e-02
1.122087257495824920e-02	1.166768948038914532e-02	1.081445397332657238e-01
3.214595628821331763e-02	2.419965225562193192e-02	5.835816957229791879e-02
1.922322162683459401e-01	3.002832566116218627e-01	1.063023738389791362e+00
3.248735648998316017e-02	1.926679623097255628e-02	9.293851325678270658e-02
1.406385587609332473e-02	6.200252625710352128e-02	2.376141035279562275e-02
1.498691033625948292e-02	6.049913063905482981e-03	8.597830908243046799e-02
1.004561134006666176e-02	5.604075820666001850e-02	1.410473917805871343e-02
6.546717381131822444e-02	6.938830991635595857e-02	5.978379346603571176e-02
3.013683402019998181e-02	3.965064950120122250e-02	4.839969686297482948e-02
3.650560102600982487e-02	4.498315095306928968e-02	2.823696288951607625e-01
1.163780309151912079e-01	1.126986397174825627e-01	1.418246716953987407e+00
3.533033979111823569e-02	1.977236371979749011e-02	3.116334274757739942e-01
3.817332309225331122e-02	7.109915110238472502e-02	7.059625206991683444e-02
2.126648391502490923e-02	1.372245065589200799e-02	1.208977643833603934e-02
8.036489072053329408e-03	6.302696808317949893e-03	3.079089002553806603e-02
1.808210041211999117e-02	1.836228697674530119e-02	1.511222054792005047e-02
1.255897812221361265e-01	3.662569296924848145e-02	3.369649932828060468e-01
9.897873090661089834e-02	1.388573471150195970e-01	1.200054260187370797e-01
4.985392059105030194e-02	4.396984746628568308e-02	5.393970497818880577e-02
3.733946205913156458e-02	7.105891514300111123e-02	1.513327949268873374e-01
2.057405236838520390e-01	1.454294691062033018e-01	2.424123217893201232e-01
2.812771175218664946e-02	2.333537896077829063e-02	7.070620357990264893e-02
8.305681339208630110e-02	7.991906844469674753e-02	7.850779696952464581e-02
5.193505770918252148e-03	5.072743146496817845e-02	1.830586097961248507e-02
1.648011589741361416e+00	1.632146282237664225e+00	1.935235102509343275e+00
7.891846103944639701e-01	8.727083935999215836e-01	1.115308514861173439e+00
