5.276226183601107761e-02	4.259142238423571647e-02	3.934268653392791748e-02
5.110806212013150329e-01	4.603842249663744335e-01	5.110149065914907363e-01
2.794222530456410072e-02	2.422808941608200345e-02	2.811552976307116203e-02
4.312080530126456701e-02	5.289607406944357021e-02	5.076863381423448590e-02
6.326400151526313798e-02	4.100298332179196786e-02	5.351656518484416980e-02
1.489232637437253905e-02	1.446448309996527237e-02	9.787241094990781209e-03
3.220455440474145198e-02	3.575932741531395731e-02	2.688791171500557256e-02
5.021492224633044427e-02	4.534200735722086067e-02	4.732299948993481942e-02
6.028323911114195910e-02	5.191312077957364185e-02	5.207690047590356197e-02
9.149248044215516074e-02	9.816102608008318853e-02	1.182870668800253683e-01
3.179815218945560712e-02	2.830613190494191481e-02	2.964116240802563973e-02
1.189321505478004998e-01	1.054775637965048446e-01	1.073802129218452833e-01
1.709398728137269119e-01	1.543491981729018248e-01	1.360546209310230514e-01
2.248697585616322991e-02	2.023010209958124930e-02	1.482058120401281986e-02
1.444588313521729395e-01	1.147854009531610042e-01	1.346018879037154392e-01
1.841595039561596397e-02	1.171216437344177463e-02	2.004764346699965463e-02
1.672067032746846205e-02	1.339974088419783847e-02	1.573179819081959099e-02
4.568454850473175483e-02	5.377988991100118160e-02	5.995106461801027325e-02
1.513991290101471786e-02	1.064742215767434073e-02	2.004764346699965463e-02
3.632852593105429656e-02	4.435905406735093232e-02	3.211497397799240733e-02
9.655263983173134612e-02	1.054302953904674850e-01	8.959222702603590605e-02
6.319990933763867946e-02	5.209231340024511603e-02	5.548557286199770622e-02
5.002546396996547517e-02	4.339344929989581712e-02	4.028900908796410885e-02
1.256245386972752787e+00	1.247080660818542297e+00	1.259706637184870859e+00
4.695402649579571291e-02	4.445819151566324928e-02	4.351542105800226823e-02
1.998356489833923166e-01	1.849920167351647993e-01	1.861480654854523464e-01
4.398182337060733138e-01	4.046537898103212960e-01	4.165910690238601166e-01
9.473969197048168200e-02	8.359267195248933080e-02	9.711981054983641337e-02
2.592872586385357170e-02	1.976400329953148169e-02	1.776755405099768315e-02
3.415379562322523599e-02	2.485092371107063339e-02	2.736107299202366824e-02
2.619577354508720660e-02	2.892896619993054474e-02	1.890759875899867062e-02
1.359112122479607006e-02	1.490639102074407807e-02	1.368053649601183412e-02
1.462654831968707714e-01	1.633526681938112790e-01	1.561226962428343967e-01
5.545677061780432404e-02	5.359896353679135389e-02	5.424898470702924080e-02
1.074286281153527256e-01	8.829528248987622563e-02	9.510058478305213892e-02
4.710973443202377126e-02	4.663494435323548015e-02	3.648143065603155766e-02
1.739776402863368876e-02	1.384164880497664417e-02	7.507151678988807988e-03
2.646994815845808008e-02	2.277730357262396088e-02	2.071452689798254643e-02
4.689939799478457655e-02	4.836837780274187704e-02	4.693555518200522719e-02
1.932572747107944369e-02	1.552922531573270627e-02	2.071452689798254643e-02
3.905997123939885379e-02	3.638216171030258378e-02	4.332169890403747559e-02
4.677601456209291853e-02	6.601701463971819395e-02	4.626867175102233887e-02
2.735331444612169177e-02	1.703587545227894587e-02	2.052080474401775032e-02
1.015597610778365301e+00	9.732349358396046313e-01	1.037306789112718564e+00
2.900916939640529879e-02	1.384164880497664417e-02	2.280089416001972527e-02
2.729012538491597598e-02	3.013136163468368295e-02	2.802795642300656004e-02
3.905573666918165515e-02	2.999370841569798038e-02	2.841540073093615226e-02
3.254911357627542079e-02	3.744690392607001594e-02	3.486822467101247797e-02
1.173965863412761435e-01	1.084654408116494523e-01	9.838681197480152185e-02
8.520835625060503571e-02	7.686318193895659567e-02	8.494447485396736108e-02
3.519839277800738270e-02	5.181224957772297135e-02	4.646239390498713151e-02
2.164511898763818790e-02	2.222155828812887729e-02	1.710067062001479135e-02
1.952562304277219107e+00	1.946591565502770349e+00	1.933286165328402362e+00
1.258437150444080554e-02	2.127065343607772302e-02	1.140044708000986264e-02
3.155832526124553727e-02	3.407175090455789174e-02	3.867580310294502915e-02
4.128291767926517419e-02	4.232870708412838495e-02	4.679244442989951430e-02
2.609077639223097295e-02	3.916419303179153460e-02	3.667515280999635724e-02
3.805233911058568674e-01	3.829327061795236298e-01	3.699562263331915291e-01
2.059150036470389772e-02	2.129484431534868147e-02	2.280089416001972527e-02
1.895185522870387329e-01	1.825445928881245239e-01	1.675909490961777493e-01
2.072390526554769921e-02	2.185230284425703287e-02	9.120357664007889414e-03
2.830044250169697073e-01	3.035703719852523852e-01	2.943893969058990479e-01
2.628825917656038916e-02	2.804515035837293682e-02	2.155470063811854367e-02
3.738914335994678734e-02	3.806973822105864935e-02	2.888856200795424448e-02
2.831855474733838834e-02	3.198953487906038701e-02	2.280089416001972527e-02
4.185744758611497501e-02	3.292695351643130236e-02	4.181649810389468508e-02
7.030135958456179557e-01	6.686260447524110528e-01	6.416770435477557877e-01
2.421563452538495059e-02	3.043561633647678608e-02	2.052080474401775032e-02
3.842756137002960315e-02	3.105845063146541254e-02	4.304225978098417255e-02
3.798926439333758648e-02	4.152494641492993077e-02	4.170849291901839589e-02
7.184450326835061240e-01	6.634141875119070608e-01	6.587802877551630631e-01
7.783193995144026545e-01	7.162149802147884659e-01	7.000784932782775360e-01
4.991226501021596429e-02	5.830157407417824872e-02	5.080480520662508659e-02
5.744529956479650368e-01	5.069904979289768798e-01	5.133456101543024674e-01
1.244932680088450372e+00	1.137179599196497026e+00	1.194816363877371668e+00
1.618469460251197978e+00	1.545253344944545137e+00	1.504489524191931604e+00
9.010250445458017898e-02	8.382946261978735381e-02	8.647196386989794425e-02
2.500385015705139033e-02	2.661855539418585270e-02	1.824071532801577883e-02
4.559819284520810756e-02	4.924212073400822953e-02	4.465546576600325918e-02
2.698873935788112188e+00	2.729615155086722478e+00	2.684423328230255645e+00
1.610799552568423221e-02	2.332519129857123230e-02	1.109026411646290775e-02
1.125622347982014604e-01	1.049693051937355265e-01	1.158336871548702879e-01
4.979626372315871380e-02	4.335017614467169544e-02	6.080981383198186263e-02
2.173065498590296199e-02	2.617664747340704701e-02	2.701956072920247073e-02
4.365472890539453393e-02	5.635301601685320516e-02	5.975734246404547367e-02
2.202511041512416473e-02	2.163761478781517020e-02	2.280089416001972527e-02
3.557501431384117729e-02	2.768329760995328834e-02	1.710067062001479135e-02
3.901647222847200863e-02	4.256549775142640102e-02	4.009528693399930926e-02
4.749814998263800214e-02	4.232870708412838495e-02	3.344874083995819092e-02
2.348016428618476120e-02	3.464620344100460131e-02	1.890759875899867062e-02
1.220000882727041852e-01	9.217505008211150652e-02	1.003276470460389841e-01
1.488088972774552661e-02	1.934628625802363791e-02	1.710067062001479135e-02
3.408880846692585731e-02	2.772018363765124671e-02	2.090824905194734254e-02
2.773330587360767208e-02	2.591566592683806902e-02	3.334259202605799333e-02
3.481840135052140239e-02	3.397261345624557477e-02	4.988252802899009047e-02
3.217814361694158742e-02	2.874803982572072050e-02	2.850111770002465572e-02
4.445662304553417432e-02	4.490009943644205498e-02	4.351542105800226823e-02
3.572817842598487864e-02	2.617664747340704701e-02	3.962212565698122052e-02
2.735331444612169177e-02	1.490639102074407807e-02	2.052080474401775032e-02
5.996013511846094435e-01	5.478808030188541123e-01	5.432415953592250046e-01
7.515761552726174521e-02	7.292279266908238688e-02	6.223115403401224127e-02
2.649302439319108915e-01	2.247670729588802929e-01	2.358357808307597614e-01
1.900486125405837293e-02	2.871160902735275106e-02	2.774851729995326047e-02
3.072614728668589604e-02	3.718592237950103796e-02	4.102303401419991197e-02
2.051498583459127056e-02	1.358066725840766271e-02	1.843443748198057494e-02
2.365224636717819240e-01	2.409400833733437164e-01	2.283166141102188629e-01
4.713636753605861263e-02	4.674441144213698635e-02	4.484918791996805182e-02
2.838729461553569575e-02	2.316334720031457128e-02	2.641475043798747688e-02
1.539570123455017217e-02	1.171216437344177463e-02	1.596062591201380734e-02
1.967564612605386329e-02	1.810061766804638150e-02	2.280089416001972527e-02
4.497143455233881815e-02	4.623889337120700577e-02	4.988252802899009047e-02
2.475090414696875726e-02	3.156306520218856576e-02	2.346777759100261360e-02
9.990666513436068097e-02	1.095083378793273998e-01	7.229783425205632552e-02
4.736492542053533095e-02	5.303883589174707147e-02	4.693555518200522719e-02
1.734348877496103003e-01	1.417926361300795024e-01	1.562996992939396923e-01
2.864308294907114832e-02	2.864890237740840354e-02	2.271517719093121834e-02
8.706879598469342840e-02	9.202579712171891912e-02	9.385253489017486572e-02
2.810318740105057778e-01	2.627986975346109921e-01	2.610466680244395432e-01
4.824462972348725343e-02	5.598942951489520314e-02	4.807559989000621814e-02
5.905449399068551236e-02	5.126436185177569993e-02	5.035568930600818616e-02
7.216351813134198878e-02	6.442731206867552407e-02	7.662732899188995361e-02
1.409449608497370318e-02	1.171216437344177463e-02	1.206733051099275270e-02
7.767026166424166600e-02	6.568381826632216369e-02	5.903492162102147445e-02
1.888147782136671837e-02	2.511190525763961484e-02	2.174842279208333978e-02
1.589907609472780356e-02	1.552922531573270627e-02	2.071452689798254643e-02
6.094460982556090117e-02	5.785793239986108949e-02	6.033665255496376695e-02
1.237545207348437863e-02	1.794940388880200688e-02	2.232773288300162959e-02
8.705584450571451915e-02	8.540757204164191319e-02	9.150530397891998291e-02
3.060238051431804149e-02	2.768329760995328834e-02	2.346777759100261360e-02
4.971214473117670229e-02	4.952092104793144600e-02	4.418230448898516349e-02
4.410834908052553571e-02	4.357437567410564483e-02	4.788187773604141856e-02
2.708120595395954733e-02	2.342432874688354927e-02	3.078120711602662721e-02
2.093282469650412439e-02	1.872345196303500797e-02	1.434741992699472592e-02
9.519619792808028946e-02	1.079216325704220047e-01	9.550660456481732674e-02
4.293487863256693904e-02	4.214778070991855724e-02	3.486822467101247797e-02
4.203672138953780391e-02	5.679319018409365732e-02	3.078120711602662721e-02
4.708544413248697685e-02	5.341803716258153312e-02	5.624963499997791272e-02
4.069400682082276871e-02	4.019922265259351368e-02	4.807559989000621814e-02
3.986840502628833383e-01	3.904805827983147126e-01	4.025679148341479996e-01
1.968624804793879524e-02	1.277690658920920853e-02	1.890759875899867062e-02
7.522085531950863102e-02	8.092214215186334381e-02	8.550520947105005876e-02
4.537377291688386022e-02	4.019922265259351368e-02	4.646239390498713151e-02
4.700728093010840547e-02	4.915906829951179058e-02	3.962212565698122052e-02
5.659308291555056880e-02	5.874174824141870088e-02	6.988383790380076066e-02
1.098509449498239615e-01	1.074927948220717328e-01	1.127156564279606504e-01
6.613552561685843989e-02	7.157625287725445651e-02	8.636395868502165507e-02
1.036496482729998420e-01	1.029147673312420103e-01	8.741828642393413562e-02
1.731222803036891467e-02	1.339974088419783847e-02	1.710067062001479135e-02
2.063836926728292165e-02	1.339974088419783847e-02	2.693852311686465578e-02
2.942494213710942705e-02	2.235958653111611710e-02	1.434741992699472592e-02
4.089756676833873617e-02	3.248504559565249666e-02	3.506194682497727061e-02
9.615585642962154456e-02	8.891638303132649856e-02	8.959222702603590605e-02
2.800241967605003601e-02	2.661855539418585270e-02	3.050176799297332764e-02
2.269057104184130758e+00	2.299389995554442123e+00	2.279910728335380554e+00
2.262899541473942580e-02	1.765870974726757581e-02	1.482058120401281986e-02
1.912824468675002401e-02	2.391350507369971456e-02	2.166084945201873779e-02
3.368826819747448159e-02	4.170587278913975154e-02	2.850111770002465572e-02
1.357055714620397646e-01	1.272505703060308468e-01	1.544909147839797214e-01
5.837598328323752306e-02	6.300071710448844342e-02	5.891716872390947990e-02
6.276838625351760514e-02	6.087123267295357215e-02	5.577647372295981704e-02
3.563651245577056925e-02	2.786422398416311258e-02	2.955544543893713627e-02
4.121843298535980693e-02	3.150035855224422171e-02	5.102257273699108142e-02
2.331729409654848678e-02	2.555381317841841707e-02	3.078120711602662721e-02
5.558097371175484830e-02	5.323711078837170541e-02	6.014293040099896737e-02
7.981465117344409277e-02	7.720421865788472393e-02	4.940936675197199479e-02
2.028460017822753259e-01	2.123710596433249775e-01	1.891468418271917973e-01
1.978937234234446341e-01	1.674497929586243605e-01	1.826250200208864582e-01
2.853699338202382862e-01	2.655328089191067442e-01	2.982887931560215256e-01
2.193957441685939064e-02	2.191767861033731141e-02	2.052080474401775032e-02
1.068898209992230758e-01	1.050701763955861900e-01	9.481381938645713769e-02
1.333840040513026848e-01	1.501795630301198670e-01	1.103367444716001761e-01
7.752136778987310517e-02	7.622126536801480945e-02	7.126393835795552523e-02
1.925244778070055174e-02	1.783963612147740005e-02	1.813456651411558471e-02
1.040011570777422123e-01	1.347613638630294208e-01	9.899388018407319356e-02
2.176331537048628029e-01	2.476639370398221185e-01	2.335849161210813152e-01
5.764980288459151808e-02	6.149406696794219862e-02	6.698319864900488529e-02
5.521000375242101493e-02	6.624221215782810646e-02	5.642292530913101817e-02
1.194081176599905703e-01	1.455061897154777406e-01	1.112735083228663380e-01
5.147746030022116309e-02	4.363023996719384012e-02	4.826932204397101078e-02
9.564122343375012006e-03	1.223586122011808761e-02	2.004764346699965463e-02
7.408185029428075719e-02	7.874058138939642182e-02	7.482599114116869621e-02
3.574945620202291119e-02	2.760324243759413113e-02	2.004764346699965463e-02
2.312630679006583492e-02	1.703587545227894587e-02	1.710067062001479135e-02
4.077418333564708508e-02	3.567927224295480010e-02	3.553510810199536629e-02
9.422629868196419345e-02	1.071737361943117528e-01	1.032709071510716503e-01
4.518653312799458116e-02	5.713596065656014605e-02	5.007625018295489006e-02
7.767323384530837316e-02	8.265088304030364375e-02	6.973644934202495593e-02
1.097099498812496160e-01	1.075042667476812236e-01	9.281863899607407931e-02
1.258437150444080554e-02	1.703587545227894587e-02	2.052080474401775032e-02
9.079027678019427339e-02	7.400999201058242050e-02	8.836460897797032699e-02
4.929288886298108241e-02	5.066571843605803538e-02	4.928278609326011001e-02
3.694708241703030527e-02	3.575932741531395731e-02	3.456835370314748773e-02
2.244294927703702203e-02	3.212319284723284818e-02	2.598665301737032585e-02
2.967459478496033490e-02	3.184312902471070350e-02	2.185457160598353391e-02
3.280490190981086990e-02	2.555381317841841707e-02	3.714831408701444598e-02
2.281232371915486307e-02	2.667615344081239806e-02	5.227062262986835635e-03
3.712717588171200733e-02	2.910989257414036899e-02	3.411562427094107924e-02
2.030606640363484192e-02	2.085293639456987577e-02	2.641475043798747688e-02
1.317328236288321450e-02	1.792268855597383206e-02	1.140044708000986264e-02
7.708514264812482697e-02	6.957009677330286412e-02	7.941754162311553955e-02
2.013499440710529026e-02	2.529283163184943908e-02	2.470753381126805301e-02
1.355327379036919307e-02	9.140772021128102873e-03	1.615434806597860345e-02
1.482913731316682152e-02	1.597113323651151023e-02	1.710067062001479135e-02
5.930290017858656088e-02	5.110936011037518767e-02	4.739014098518773421e-02
7.560242581557950758e-02	7.286519462245583112e-02	6.272474715584203109e-02
1.338220179383964314e-02	1.693673800396662890e-02	2.004764346699965463e-02
2.315524356817108206e-02	3.822195145391648480e-02	2.232773288300162959e-02
9.517492015204224998e-02	1.012226685584049213e-01	9.745906489460091915e-02
2.533981500541116275e-02	2.209860498454713565e-02	1.710067062001479135e-02
1.489232637437253905e-02	2.514357867145684822e-02	2.004764346699965463e-02
4.690021765604344972e-02	6.118981226614909896e-02	4.304225978098417255e-02
1.195761321157152134e-02	1.251592504264022881e-02	1.434741992699472592e-02
7.185776820629510842e-02	7.063483898907030323e-02	5.872344656994468032e-02
3.910200822673678273e-02	7.154836742559336771e-02	5.263577872201016111e-02
1.661137038586186360e-02	2.820699445662959784e-02	1.710067062001479135e-02
2.525427900714638865e-02	2.023010209958124930e-02	3.861372996317712775e-02
5.411612251658498574e-02	4.419720996909427130e-02	4.276282065793087644e-02
1.876503432584830308e-02	2.937087412070935044e-02	2.460782229900360107e-02
2.424752928679112240e-02	3.591154064817179276e-02	3.192125182402761469e-02
1.409449608497370318e-02	2.310537412968648868e-02	1.938076003601676631e-02
3.791274986322495932e-02	3.150035855224422171e-02	3.258813525501050301e-02
5.760349462061752773e-02	6.137073864035891974e-02	5.986349127794567127e-02
6.049215854209839122e-02	6.141401179558304141e-02	5.852972441597988768e-02
1.905745106844600745e+00	1.903451498019896659e+00	1.896252097659989477e+00
1.564328776119235098e-02	1.384164880497664417e-02	1.140044708000986264e-02
4.950180829393751453e-02	5.184601125995501325e-02	5.263577872201016111e-02
1.520667927976786932e-02	1.233499866843040457e-02	7.980312956006903671e-03
1.699136181334784390e-02	2.147577068955850571e-02	2.159531336081655511e-02
3.704082022218836007e-02	3.797060077274633239e-02	3.990156478003451662e-02
2.294632413721465342e-02	3.333652147682764078e-02	1.890759875899867062e-02
9.989682400494966086e-02	8.649720391187067092e-02	8.399815229993116972e-02
2.303186013547943098e-02	1.339974088419783847e-02	2.527470572998649287e-02
3.322274077172372719e-02	2.023010209958124930e-02	2.527470572998649287e-02
1.107424692390790964e-02	1.384164880497664417e-02	1.632763837513170890e-02
5.189133956108564760e-01	5.084016271816786947e-01	4.441512078046798706e-01
2.454198471601232862e-02	1.765870974726757581e-02	2.755479514598846436e-02
2.575765386732402004e-02	2.360525512109337351e-02	3.224662299218930550e-02
4.727938942227055685e-02	4.892937269078970891e-02	5.310893999902825680e-02
3.914550723766362789e-02	4.534200735722086067e-02	3.828835879501543693e-02
9.564122343375012006e-03	1.893256446732903553e-02	1.824071532801577883e-02
6.507842265442825846e-02	6.842529938517627475e-02	4.256909850396608380e-02
9.464513450406475403e-02	9.184962813205982401e-02	1.141584080300832998e-01
1.359112122479607006e-02	1.539556734756024337e-02	7.980312956006903671e-03
3.115093578180716180e-02	3.575932741531395731e-02	3.372817996301149396e-02
4.268376049825741564e-02	3.087752425725558830e-02	4.626867175102233887e-02
3.774537240238231006e-01	3.408369479640837585e-01	3.249056805905543022e-01
1.107424692390790964e-02	1.446448309996527237e-02	1.843443748198057494e-02
3.096247446562989253e-02	3.362984298377908604e-02	3.967273705884030027e-02
6.616168690489614146e-02	6.141401179558304141e-02	6.461739226391441382e-02
1.271555809846544316e-01	1.347399622247698880e-01	1.015460824495867664e-01
3.087693846736511843e-02	2.830613190494191481e-02	2.052080474401775032e-02
1.690582581508306981e-02	1.597113323651151023e-02	1.140044708000986264e-02
5.609337004008462663e-02	5.709706986188522321e-02	4.674183302804043455e-02
6.643226619379712095e-02	4.206772553755940697e-02	7.240398306595652311e-02
1.720028124430427255e-02	8.517937726139472934e-03	1.596062591201380734e-02
5.064796172109477940e-02	7.383079938991095326e-02	5.777712401590848895e-02
2.193957441685939064e-02	1.978819417880244361e-02	2.108153936110044799e-02
1.539570123455017217e-02	2.085293639456987577e-02	1.254049178801084838e-02
6.288482974903603084e-02	8.614671578238819460e-02	8.444541182957197856e-02
3.246357757801063976e-02	3.336886143721010806e-02	3.800891967196213389e-02
3.145682785765537698e-02	3.150035855224422171e-02	2.346777759100261360e-02
1.960856306786630532e-02	1.064742215767434073e-02	1.140044708000986264e-02
3.274171284860515063e-02	2.768329760995328834e-02	2.688791171500557256e-02
1.344133877806154564e-01	1.206794568836780518e-01	1.343982905933731598e-01
6.402398437023508471e-02	7.507473422634985960e-02	5.359490098137604380e-02
2.298499123290040358e-02	3.354978781141992883e-02	2.346777759100261360e-02
1.178630407772465888e-01	9.556755162603844389e-02	1.133135419927145254e-01
8.636093953422817326e-02	8.676270772052067926e-02	8.255823662406519547e-02
4.234522394971217130e-02	3.292695351643130236e-02	3.981584781094601316e-02
1.518678180359374352e-02	1.677489390570996441e-02	7.507151678988807988e-03
4.626120305528827470e-02	4.267147755659487368e-02	4.807559989000621814e-02
4.233117681875901012e-02	4.001829627838369291e-02	3.183553485493911123e-02
1.916621011846205702e-01	1.884836557274040536e-01	1.774785808826747635e-01
3.129477732927797573e-02	2.724138968917448264e-02	3.767208676589162836e-02
5.983635317872379455e-02	6.380447777368689066e-02	5.689061668358350726e-02
1.418003208323847901e-02	2.310537412968648868e-02	1.320737521899373844e-02
3.433737342740282583e-02	2.555381317841841707e-02	3.097492926999142332e-02
1.438895151419490766e-02	1.171216437344177463e-02	1.482058120401281986e-02
3.820720529244615860e-02	4.780915365790441851e-02	4.512862704302135486e-02
1.438895151419490766e-02	1.267776914089689157e-02	1.501430335797761598e-02
1.187207721330674551e-02	1.597113323651151023e-02	1.776755405099768315e-02
2.067703636296867181e-02	2.661855539418585270e-02	1.938076003601676631e-02
2.324077956643585963e-02	2.852914556746475455e-02	2.346777759100261360e-02
3.532177621069903378e-02	4.596484165220949408e-02	4.006065977247137699e-02
8.461729010205902568e-02	6.874387897837180850e-02	8.390734148652929936e-02
6.039678141442259701e-02	5.297612924180272742e-02	5.444270686099404039e-02
1.482913731316682152e-02	2.235958653111611710e-02	1.710067062001479135e-02
7.052016898870641648e-02	6.681777804677936639e-02	6.566073667061955721e-02
6.808883068608302669e-02	7.294524979481499527e-02	6.270566817961241435e-02
1.549382147446177471e-01	1.699486126731251379e-01	1.512626464429654705e-01
3.836437230882388388e-02	3.525204372845486961e-02	3.078120711602662721e-02
6.074794687563384032e-02	5.058566326369887817e-02	6.023050374106356936e-02
2.483644014523353136e-02	1.721680182648877011e-02	3.164181270097431165e-02
1.399184003980937230e-01	1.471366582012030022e-01	1.514010182336757160e-01
3.217814361694158742e-02	4.087792124067034238e-02	4.284853762701937990e-02
2.359336324593426862e-02	1.916535988381381367e-02	1.938076003601676631e-02
2.142476291005474681e-02	2.342432874688354927e-02	1.662750934299669914e-02
3.712635622045313416e-02	3.575932741531395731e-02	4.364707007219916640e-02
2.146528615930761053e+00	2.165219345400410500e+00	2.114984382924280482e+00
7.161085919011045409e-02	9.156956430953767934e-02	8.133061857599961642e-02
5.340542374266691455e-02	5.128855273104666185e-02	5.194299354364997207e-02
2.152173555494653334e-02	1.703587545227894587e-02	2.332466683889690071e-02
1.447258790334065848e-01	1.245857892864127708e-01	1.512254954952942654e-01
6.685450878711221567e-02	8.559882805644092318e-02	9.062612292013670634e-02
4.662522338141369960e-02	4.277061500490719065e-02	4.902192244404240951e-02
2.347313725783847435e-02	2.581652847852575206e-02	3.811406697097577401e-02
9.226737597236273070e-02	7.710431907583491229e-02	6.248896921935834237e-02
2.273980741840215744e-02	3.117875496180192926e-02	1.604819925207840933e-02
3.934525058333563502e-02	3.915725765140375125e-02	3.418418686640890131e-02
1.795124263112408275e-02	1.677489390570996441e-02	1.082113698909157283e-02
1.476894294168088623e-02	1.436534565165295541e-02	1.112100795695656306e-02
3.733527565140955934e-02	1.916535988381381367e-02	2.964116240802563973e-02
1.542342883049792335e-01	1.363531777752526042e-01	1.398341353786619057e-01
3.919798391144086597e-02	5.723509810487246302e-02	4.598923262796903583e-02
3.897020067091687412e-02	3.397261345624557477e-02	2.280089416001972527e-02
2.193957441685939064e-02	2.235958653111611710e-02	2.658804074714058233e-02
3.533582334165220190e-02	3.575932741531395731e-02	3.828835879501543693e-02
2.444501207112053862e-02	2.129484431534868147e-02	2.574786700700458855e-02
4.607432804509358770e-01	4.292284918637136459e-01	4.726192382605452491e-01
2.303186013547943098e-02	2.342432874688354927e-02	2.688791171500557256e-02
2.475090414696875726e-02	2.381436762538740107e-02	2.708163386897036867e-02
5.449404747657526221e-02	4.978190259450042399e-02	5.480971932411193848e-02
3.682046414460491551e-02	2.786422398416311258e-02	3.553510810199536629e-02
7.574725306891148813e-02	7.766694260815504292e-02	8.761200857789892826e-02
2.567211786905924595e-02	2.181854116202499444e-02	1.776755405099768315e-02
6.985556326141025008e-02	7.146678578835295725e-02	5.825028529292658463e-02
3.486384493593037287e-02	1.810061766804638150e-02	2.839496888612446160e-02
1.820348009304803005e+00	1.807651932155298624e+00	1.772777576195566196e+00
3.571509310709192198e-02	3.937127110412410452e-02	2.574786700700458855e-02
2.910013652488470104e-01	2.710235745126750584e-01	2.678063131476703385e-01
2.999357217970150674e-02	3.744690392607001594e-02	3.258813525501050301e-02
1.258437150444080554e-02	2.684156905670869245e-02	6.840268248005917061e-03
3.147917479471443181e-02	2.147577068955850571e-02	2.004764346699965463e-02
3.993768595056249732e-02	3.939546198339505950e-02	4.793248913790050525e-02
2.286160780020875249e-02	2.661855539418585270e-02	1.776755405099768315e-02
1.900486125405837293e-02	1.171216437344177463e-02	1.824071532801577883e-02
2.356879687603608886e+00	2.421003702781900024e+00	2.363536671588295501e+00
3.528392877627215679e-02	2.591566592683806902e-02	2.936172328497234016e-02
4.363238196833547217e-02	4.640674957298829284e-02	3.955212627586565666e-02
3.360273219920970750e-02	2.555381317841841707e-02	3.907896499884756097e-02
2.513089557445473410e-02	2.041102847379107355e-02	2.004764346699965463e-02
1.669690638412664116e-02	1.996912055301226785e-02	2.071452689798254643e-02
4.433636564921016876e-01	4.206844819123111145e-01	4.084579360328222664e-01
2.546319843810281730e-02	2.186890937582505398e-02	2.346777759100261360e-02
2.001161097441363571e-02	1.384164880497664417e-02	1.800634006136342044e-02
7.555533459676549990e-02	8.492139297696302269e-02	7.715788405192525179e-02
3.570176763818501409e-02	1.638885027801935401e-02	1.824071532801577883e-02
1.460753811730278739e-01	1.240584286310339457e-01	1.401524265345774067e-01
2.449798947585693776e-01	2.169667312077113441e-01	2.611268868571833823e-01
5.655047334270713044e-02	4.001829627838369291e-02	4.988252802899009047e-02
4.272855756589270110e-02	4.546496066080260579e-02	3.781519751799734125e-02
8.517987362786143268e-02	6.414724824615337939e-02	7.251198825083281230e-02
3.515688335886880955e-02	3.105845063146541254e-02	3.278185740897530259e-02
3.524715050286630208e-02	3.087752425725558830e-02	2.574786700700458855e-02
4.524283350249867081e-02	3.833071976762762734e-02	5.102257273699108142e-02
4.298434589942815715e-02	4.289356830848892882e-02	2.394093886802070928e-02
1.388557665401727453e-02	1.446448309996527237e-02	1.890759875899867062e-02
1.850148639388074154e-02	1.934628625802363791e-02	1.026040237200887516e-02
3.150369676023440091e-02	2.555381317841841707e-02	2.888856200795424448e-02
9.772903363429383261e-02	9.566668907435076086e-02	9.378539339492195093e-02
1.707689781161261799e-02	1.446448309996527237e-02	1.802109142667368893e-02
4.311998564000569384e-02	4.019922265259351368e-02	4.465546576600325918e-02
2.927053372930943920e-01	2.379872282529206795e-01	2.413298911169955707e-01
8.693246107302286807e-02	7.818890570129301276e-02	9.570032671878211938e-02
2.173065498590296199e-02	2.163761478781517020e-02	1.254049178801084838e-02
3.045909960545226114e-02	2.340013786761259082e-02	2.688791171500557256e-02
1.856656427736635626e-02	2.742231606338430688e-02	2.861887059713664680e-02
1.580210344983601703e-02	9.582679941906906834e-03	9.120357664007889414e-03
1.706023252607690444e-01	1.460391028502386612e-01	1.385715286198415386e-01
2.949584889602384005e-02	2.688253420289210896e-02	3.306129653202859869e-02
7.058283169371716570e-02	5.279520286759289971e-02	6.031622071015207281e-02
6.729991105300582588e-02	5.741602447908228379e-02	7.315658346602790796e-02
2.163368234101117546e-02	2.981278204148815614e-02	1.254049178801084838e-02
4.224564082049422908e-02	4.871716037873299182e-02	3.738710009738018675e-02
6.192576859251865823e-02	6.681951180031772686e-02	4.397000686118477525e-02
1.497980355697000165e+00	1.492077191304501227e+00	1.560135841369628906e+00
1.337399998694636591e-02	2.031189102547875658e-02	5.700223540004931318e-03
9.008593479619134148e-02	9.841900780087425860e-02	7.999870808500993136e-02
3.740937500304732793e-02	3.674401445872223226e-02	3.592255240992495852e-02
2.143619955668175925e-02	1.420350155339629265e-02	1.729439277397958746e-02
3.360273219920970750e-02	3.372296832856677695e-02	1.982801956565756474e-02
2.475090414696875726e-02	2.404716304187217921e-02	2.822167857697135615e-02
1.503511202707616068e+00	1.414092329057497155e+00	1.489236242284900369e+00
2.171921833927594955e-02	2.742231606338430688e-02	2.052080474401775032e-02
2.756223387707812042e-02	3.682406963108138948e-02	3.083181851788571043e-02
4.793583330418982325e-01	4.423459363606301875e-01	4.607929563836047349e-01
2.470403524438972986e-02	1.490639102074407807e-02	2.594158916096938119e-02
4.877807735617643858e-02	4.843709655621084714e-02	3.486822467101247797e-02
1.690435376648636301e-01	1.596801028273621970e-01	1.291286357139286300e-01
3.691743678949670204e-02	3.931540681103590923e-02	4.749628979908792487e-02
1.266990750270558137e-02	1.552922531573270627e-02	1.957448218998156242e-02
9.878001632080964101e-02	9.504385477936212745e-02	1.030994732128946434e-01
1.758859207773866562e-01	1.645182816114293678e-01	1.720643451339320118e-01
2.826309152158516802e-02	2.129484431534868147e-02	2.850111770002465572e-02
3.858719671993213890e-02	4.249055118238504597e-02	2.613531131493417731e-02
2.466536814870397970e-02	1.597113323651151023e-02	3.578864547767137555e-02
1.203412774168414849e-02	2.704311479254984871e-02	1.662750934299669914e-02
2.039160240189961601e-02	2.103386276877970348e-02	1.482058120401281986e-02
2.143619955668175925e-02	1.446448309996527237e-02	2.611487947012248664e-02
1.539570123455017217e-02	1.257178933572842411e-02	1.092728580299176695e-02
3.793036565455129572e-02	2.935863749772172834e-02	2.232773288300162959e-02
3.901647222847200863e-02	5.626489270117975006e-02	4.123533164200030021e-02
8.256032350882293314e-02	9.607625703474709233e-02	8.935599538840745260e-02
6.498386518801133049e-02	5.952131803134619314e-02	5.453028020105863544e-02
4.948630779656969236e-02	4.676860232140794826e-02	5.858033581783896743e-02
1.850401931858270510e+00	1.827462079521331662e+00	1.841399693959637762e+00
2.794222530456410072e-02	1.978819417880244361e-02	2.383479005412051516e-02
2.999357217970150674e-02	2.545467573010610010e-02	2.052080474401775032e-02
1.135342453906046156e+00	1.115719895575269849e+00	1.125097103024783829e+00
6.136688912529484341e-01	5.187044312144570846e-01	5.428746185804668167e-01
8.260469377776723243e-02	6.432817462036320710e-02	9.402035529676236458e-02
6.350706925665717817e-01	5.857165577591106898e-01	5.581335323421579009e-01
4.644371169844484226e-02	5.777787722750193228e-02	6.601097434759140015e-02
2.766766735151702378e-02	1.978819417880244361e-02	2.232773288300162959e-02
1.062919234917834022e+00	1.041839898090391792e+00	1.103846808405299029e+00
4.386172547406187450e-01	4.216005765531103400e-01	4.483744513831640632e-01
7.110125713791636270e-01	6.995842632610127509e-01	7.443786757557016021e-01
2.576438172104225099e-01	2.713280980305005086e-01	2.999620657218129982e-01
2.605853132692557139e-01	2.688125970726188974e-01	2.885769778176358047e-01
1.165016206521094499e-01	1.214174872719197829e-01	1.261465572997143292e-01
3.415379562322523599e-02	4.250963345833820572e-02	3.686887496396114988e-02
1.575252905910051460e-01	1.712639870182160462e-01	1.618733421752327484e-01
2.749935086429681763e-01	2.778442770288470087e-01	2.616578030743096916e-01
7.359842800453424427e-01	7.222042988339144598e-01	7.261939170329194670e-01
7.732018870379323561e-01	7.923739205490791804e-01	7.914567103511408463e-01
3.052659266741274136e-02	2.448907096265098490e-02	2.622102828402268423e-02
6.521837574550874705e-02	5.128855273104666185e-02	6.096890882441872300e-02
6.715859549584038413e-02	5.661226380988382961e-02	6.750697132788206767e-02
6.372586695630219622e-02	6.296793033816663887e-02	6.345691571110173568e-02
2.592872586385357170e-02	1.996912055301226785e-02	1.548746463499571166e-02
1.308774636461843867e-02	2.064781914108909308e-02	1.596062591201380734e-02
2.637016485113117703e+00	2.639940640893399859e+00	2.613704791586650256e+00
3.079140246910034434e-02	2.724138968917448264e-02	4.154658474420246106e-02
5.239867402231165178e-02	4.471917306223223421e-02	4.403919373687945060e-02
2.315524356817108206e-02	1.916535988381381367e-02	3.090492988887585946e-02
6.199244199322026527e-02	7.463282630557105390e-02	6.507012169612080843e-02
1.807462606381573383e-02	9.140772021128102873e-03	1.368053649601183412e-02
2.186006265181774932e-01	2.103839858153265518e-01	2.058155909180641174e-01
1.617307340916984693e-02	1.171216437344177463e-02	1.596062591201380734e-02
1.820703096465953533e-02	1.765870974726757581e-02	2.394093886802070928e-02
8.519537412522924791e-02	7.214148912561653415e-02	8.169763103911750757e-02
9.221379620144136424e-02	8.611372172740930364e-02	9.431836989365126322e-02
2.746674980040296088e+00	2.760261474117156055e+00	2.703761766223530927e+00
4.723788000313198371e-02	6.406545932025586865e-02	4.551607135095094708e-02
4.150243903210652785e-02	2.085293639456987577e-02	2.708163386897036867e-02
1.962317327874764650e-01	1.753016232345510628e-01	2.118415871733113354e-01
4.660494256556337034e-02	3.549834586874497239e-02	3.698640591219851809e-02
1.160686944131844311e-01	9.707420176258467481e-02	1.122012554030669407e-01
6.968531092613956812e-02	6.601575113111926574e-02	6.589376534286298104e-02
2.324077956643585963e-02	2.836883855488626233e-02	2.688791171500557256e-02
4.582115940711770086e-02	4.108303849415112508e-02	3.884909341209813460e-02
5.903699385920727766e-02	5.570936569237305847e-02	4.740871645902332288e-02
3.175128328687658319e-02	3.425267727876771945e-02	3.439506339399438228e-02
1.708399740439354719e-01	1.677107745051933385e-01	1.794063103826422367e-01
2.018268297094318736e-02	2.679948176839567694e-02	1.501430335797761598e-02
2.063836926728292165e-02	2.023010209958124930e-02	2.118768817500064211e-02
2.596672420148496307e+00	2.562924023231236692e+00	2.539741452979414227e+00
4.540575005996028146e-01	4.283544760878368329e-01	4.336437410429904160e-01
3.825790637978281755e-02	3.469458519954651821e-02	4.218165419603649158e-02
7.773848902772281799e-02	8.842157108992475256e-02	7.382346689701080322e-02
3.595837563297933637e-02	3.869257251604727582e-02	3.886952525690982180e-02
1.006749720355264513e-02	1.277690658920920853e-02	1.868797485765658073e-02
4.765938084975653022e-02	4.825106157868322421e-02	4.398858233502036391e-02
1.857800092399336869e-02	1.171216437344177463e-02	1.824071532801577883e-02
1.135284176925515087e-01	1.120593580782138776e-01	9.868024564103076990e-02
6.825624069790088566e-02	8.959508161940332727e-02	5.510959029197692871e-02
1.633904129158524343e-01	1.554749132850752336e-01	1.545321545318553424e-01
1.906298950433557918e-02	2.235958653111611710e-02	1.140044708000986264e-02
1.963727112342762357e-02	1.872345196303500797e-02	1.596062591201380734e-02
4.042577154842423581e-02	3.150035855224422171e-02	3.486822467101247797e-02
3.589925042251442683e-02	3.043561633647678608e-02	3.995217618189359637e-02
3.400262110286981360e-02	2.892896619993054474e-02	3.648143065603155766e-02
6.968784557361921983e-02	7.045391261486047552e-02	6.053037470892855959e-02
2.475090414696875726e-02	3.336886143721010806e-02	3.278185740897530259e-02
6.870497199358417684e-02	7.569756852133849301e-02	7.468407248195849113e-02
1.403411634607252823e-01	1.285762940683672639e-01	1.470435783267021179e-01
1.115443978347722964e-01	1.000238600231352359e-01	1.064751301156847130e-01
1.980051651499629972e-02	2.504444122314453125e-02	7.638800693185706162e-03
2.747669787881334633e-02	3.490369770384054576e-02	3.553510810199536629e-02
2.026012063286143361e-01	1.894145634500295494e-01	1.669066822842547870e-01
9.186702259398926707e-01	9.026277306991787874e-01	8.986343525742229721e-01
1.661137038586186360e-02	1.171216437344177463e-02	1.776755405099768315e-02
1.114834547908564039e-01	9.086667484218989566e-02	1.076954218902086008e-01
4.925504142855420542e-02	4.321252292568599634e-02	6.053037470892855959e-02
7.085329151361337285e-02	5.918365616219750658e-02	5.928232481605127946e-02
5.343325153674954864e-02	5.592822222848824881e-02	5.738967970797890367e-02
1.346773779210441724e-02	1.765870974726757581e-02	9.120357664007889414e-03
2.538331401633800791e-02	2.298242082610474704e-02	2.394093886802070928e-02
2.300445238749186314e-02	2.838792083083942208e-02	2.052080474401775032e-02
1.024499502230487025e-01	8.323255295760803585e-02	8.277239062284168225e-02
7.780356673806494705e-02	7.533571577291883758e-02	6.556371481795060518e-02
1.246954167157563048e-01	1.123983098248366036e-01	1.058527239059147140e-01
2.734570998425230742e-02	2.360525512109337351e-02	2.869483985398945183e-02
2.519913720495907117e-01	2.479161154106831466e-01	2.155416027495735687e-01
6.229755821311136477e-02	5.640888030994140045e-02	5.259599379803005237e-02
1.778919210274667803e-02	2.466999733686080915e-02	2.024136562096445074e-02
1.459787094515133457e-02	1.384164880497664417e-02	2.497483476212150263e-02
2.080944126381247331e-02	2.254051290532594135e-02	1.213447200624566402e-02
3.856220415041943655e-02	3.487551157375634592e-02	3.828835879501543693e-02
3.049694703987913813e-02	2.768329760995328834e-02	2.394093886802070928e-02
2.051498583459127056e-02	2.235958653111611710e-02	2.245938189719852776e-02
3.129477732927797573e-02	2.758416016164097137e-02	2.964116240802563973e-02
3.669949589038812993e-02	3.575932741531395731e-02	2.394093886802070928e-02
6.571031395905936601e-02	5.448277937834896528e-02	5.119586304614418687e-02
3.104824768778371991e-01	3.084518579843406605e-01	3.193979871116186531e-01
1.208289064353327835e-01	1.294774584323396815e-01	1.328486408057965862e-01
8.380650563264291364e-01	8.017735162638299773e-01	7.907069588178082808e-01
8.819663844943133324e-02	8.270885611093171941e-02	8.950651005694740259e-02
9.960236857572844771e-02	9.602854182277040240e-02	9.727266901417781775e-02
2.720458938665119841e-02	2.235958653111611710e-02	2.280089416001972527e-02
2.348836609307803844e-02	1.703587545227894587e-02	2.052080474401775032e-02
3.683241859413872721e-01	3.451302447077316260e-01	3.265342520255791747e-01
2.251988961892276986e-01	2.261350894670149381e-01	1.939387450876988994e-01
2.056688039997131220e-02	2.661855539418585270e-02	2.052080474401775032e-02
3.762973108063076555e-02	5.078126904418758109e-02	4.484918791996805182e-02
3.381165163016613961e-02	4.172771793722922923e-02	1.938076003601676631e-02
3.058248303814391569e-02	4.204864326160624027e-02	3.876152007203353261e-02
4.384130139929190428e-02	3.112115728140976006e-02	4.560178832003945054e-02
1.338220179383964314e-02	1.872345196303500797e-02	1.938076003601676631e-02
3.594935416482718943e-02	4.010008520428119672e-02	3.181510301012741709e-02
3.539587556233679544e-02	3.425267727876771945e-02	3.030804583900853152e-02
9.792764323642484670e-02	1.127042982801680499e-01	8.645153202508625012e-02
6.024457201545620894e-02	6.292066193212927927e-02	7.544947258735958118e-02
8.322874358709773934e-02	9.078788317842967359e-02	9.197846525593807165e-02
7.168523574446800106e-02	6.858714348343293576e-02	6.737064295693447058e-02
3.872201679925080242e-02	3.043561633647678608e-02	3.876152007203353261e-02
2.011193792804394018e-02	2.147577068955850571e-02	2.245938189719852776e-02
1.384772921959039754e-02	2.485092371107063339e-02	6.840268248005917061e-03
3.296695243818827115e-02	2.968945371390487725e-02	2.574786700700458855e-02
2.559884210903746737e-01	2.363381675128380099e-01	2.220144162052556103e-01
9.631648995171618322e-02	9.042303316787274337e-02	8.085745729898151379e-02
5.139757587845635717e-02	5.253422132102392172e-02	3.714831408701444598e-02
1.831897775072417744e-02	2.235958653111611710e-02	1.482058120401281986e-02
2.411512438594732091e-02	2.376709921935003800e-02	2.584757851926904049e-02
5.906067313538484326e-02	4.801427091138520120e-02	4.142905379596509285e-02
3.360273219920970750e-02	3.150035855224422171e-02	2.688791171500557256e-02
9.129794196279134022e-02	7.826896087365216303e-02	8.922521456291801489e-02
3.565489873560598322e-02	4.694952869561776904e-02	4.048273124192890149e-02
1.839442318907317242e-01	1.835394971381684170e-01	1.515439419369948582e-01
2.359732149646346366e-01	2.225207095871323260e-01	1.923107661698993942e-01
2.079390416391188323e-01	2.009368741200999453e-01	1.957674861738556427e-01
2.244912842173635292e-02	2.205533182932301398e-02	9.487370127125790975e-03
5.340542374266691455e-02	5.998741683139596076e-02	5.577647372295981704e-02
2.320293213200898264e-02	3.292695351643130236e-02	3.200882516409221668e-02
3.280490190981086990e-02	4.566058695041638749e-02	3.781519751799734125e-02
2.303186013547943098e-02	2.760324243759413113e-02	2.004764346699965463e-02
1.011133128175202150e-01	9.000194127658545096e-02	9.492543810292293494e-02
2.707875649307461483e-02	1.916535988381381367e-02	2.574786700700458855e-02
2.735331444612169177e-02	2.717601392309420411e-02	2.413466102198550539e-02
2.319091883100455609e-01	2.133215773856401709e-01	2.115512082451268261e-01
1.375145086275985917e-01	1.244965178259689886e-01	1.238625661322945021e-01
2.465393150207696726e-02	1.703587545227894587e-02	2.166084945201873779e-02
2.053488331076539636e-02	1.978819417880244361e-02	1.254049178801084838e-02
4.694708655862247365e-02	4.134701730285738480e-02	4.626867175102233887e-02
2.056594947670886242e+00	2.098380059873636405e+00	2.019346467366343933e+00
1.992607497614886161e-02	3.067240700377480561e-02	1.938076003601676631e-02
1.409449608497370318e-02	1.064742215767434073e-02	1.596062591201380734e-02
2.806560873725575181e-02	2.573473955262824478e-02	2.497483476212150263e-02
2.021232859847679059e-02	1.914116900454285175e-02	7.507151678988807988e-03
4.254009624971543529e-02	3.256510076801165388e-02	3.528916757357748041e-02
1.788166803818469139e-02	1.402257517918646841e-02	1.596062591201380734e-02
1.690582581508306981e-02	1.810061766804638150e-02	2.359942660519951177e-02
4.765638616003674971e-02	3.638216171030258378e-02	3.895524222599832526e-02
5.312429378235262317e-02	4.427726514145342851e-02	5.263577872201016111e-02
3.095103781900288009e-02	3.043561633647678608e-02	3.097492926999142332e-02
1.703062625405748695e-02	1.810061766804638150e-02	1.710067062001479135e-02
7.695946506425446754e-02	8.003659255676738582e-02	7.788458270461935673e-02
9.779065592010209584e-02	8.891638303132649856e-02	9.253734350204467773e-02
1.418003208323847901e-02	1.559193196567705379e-02	1.092728580299176695e-02
9.597969037861432684e-02	9.894097089401221456e-02	1.028853192141181566e-01
2.063836926728292165e-02	2.304512747604909109e-02	1.140044708000986264e-02
1.187881429557273993e-01	1.367705435979933992e-01	1.049064013518785227e-01
6.694967606488395895e-02	6.904038782310192857e-02	8.772953952613629647e-02
1.264944938792642200e-02	1.064742215767434073e-02	2.166084945201873779e-02
1.720028124430427255e-02	2.321921149340276658e-02	1.140044708000986264e-02
2.319391066385683223e-02	2.129484431534868147e-02	1.957448218998156242e-02
1.068206886147448492e-01	9.049111760340161625e-02	8.733256945484563216e-02
1.740920067526070120e-02	1.703587545227894587e-02	1.206733051099275270e-02
3.015802267243572921e+00	3.002037455592470483e+00	2.957648745492885034e+00
1.488951661920928371e-01	1.265217562058737477e-01	1.530181471454469810e-01
9.502146394683903818e-02	9.548576270014093315e-02	1.025183067510002516e-01
3.166656694987067533e-02	4.357437567410564483e-02	4.162277594992989244e-02
4.203672138953780391e-02	4.388262562671198241e-02	4.854876116702431382e-02
1.208099664426317416e-02	1.836459647675263776e-02	1.710067062001479135e-02
2.368096536540777175e-02	2.724138968917448264e-02	2.802795642300656004e-02
4.766020051101540339e-02	4.144489124257077356e-02	4.114961467291179675e-02
1.157762178408554103e-02	1.958307692532165745e-02	1.368053649601183412e-02
1.269483008762157250e-01	1.288372756149362419e-01	1.221803622810464091e-01
2.806560873725575181e-02	2.999370841569798038e-02	3.456835370314748773e-02
5.340624340392578773e-02	4.970184742214126677e-02	3.656900399609615965e-02
9.181748461532869554e-02	9.084075020938059408e-02	7.287714434297461186e-02
4.035552481247535461e-02	4.036106675085018164e-02	3.372817996301149396e-02
1.584000161530405362e-02	1.277690658920920853e-02	1.957448218998156242e-02
1.103639948948103161e-01	9.645136746759605528e-02	9.985448576902088147e-02
2.714439501516526312e-02	3.318793506300028034e-02	2.869483985398945183e-02
8.208881310994155245e-02	5.803885877407091720e-02	7.051133795788414038e-02
3.759188364620388856e-02	4.435905406735093232e-02	3.753575839494403821e-02
1.258437150444080554e-02	8.517937726139472934e-03	2.214681043436652827e-02
8.569551414567314063e-02	9.574674424670991113e-02	6.831696551097066195e-02
3.783865051158719073e-02	4.531781647794989876e-02	4.603429648436998395e-02
1.987920607356983421e-02	1.810061766804638150e-02	1.596062591201380734e-02
1.273200904968084524e-01	1.200324317094184634e-01	1.103012840214528528e-01
1.418003208323847901e-02	1.508731739495390231e-02	1.368053649601183412e-02
2.596657329828044869e-02	2.368830755558980899e-02	2.508098357602169676e-02
4.047070643827373193e-02	2.981278204148815614e-02	2.850111770002465572e-02
1.791257553543833259e-02	2.053398177737281866e-02	1.872667631036356931e-02
4.484805111964716706e-02	3.742271304679906097e-02	5.392889247128838243e-02
4.869006921523017506e-01	4.523364823717858640e-01	4.150329330249836746e-01
2.022053040537006435e-02	2.023010209958124930e-02	1.368053649601183412e-02
3.687056788691767811e-02	3.274068414890271561e-02	2.574786700700458855e-02
5.586804699534164698e-02	5.498912770261046856e-02	6.773218551748677596e-02
3.335596533382639839e-02	3.318793506300028034e-02	1.843443748198057494e-02
2.660317272056075474e-02	2.466999733686080915e-02	1.957448218998156242e-02
1.086532749295148099e-02	1.171216437344177463e-02	1.813456651411558471e-02
1.784108666812672314e-02	8.076029805360667238e-03	7.980312956006903671e-03
3.799331889433019138e-02	2.804515035837293682e-02	3.904281556606292725e-02
8.837939659235004297e-02	8.483834054246659762e-02	9.359167124095715828e-02
3.712635622045313416e-02	4.184352600812545758e-02	3.848208094898022957e-02
4.556034541078123057e-02	4.234066134041172130e-02	4.304225978098417255e-02
1.410936781177506982e-01	1.349579046398813320e-01	1.332392970982350933e-01
1.085774027617322224e-01	1.090664299585485941e-01	1.198126995249798460e-01
3.653886236829349127e-02	2.892896619993054474e-02	2.807856782486564326e-02
8.907186110641268639e-02	6.717963079519902181e-02	8.352499102291308097e-02
2.989983437454345541e-02	2.573473955262824478e-02	1.662750934299669914e-02
8.248762332968895272e-02	9.406090148949219909e-02	7.268342218900981921e-02
2.080944126381247331e-02	1.828154404225620575e-02	2.052080474401775032e-02
7.668141349122068462e-01	7.238725839488883151e-01	6.842466192810159331e-01
1.858691192660196778e-01	1.521554828239476131e-01	2.111162621723978172e-01
6.499061343803211876e-01	6.183396257380003869e-01	5.906439290234917205e-01
1.856366990698188890e-01	1.617400382520965685e-01	2.032932133266800445e-01
2.831319526389793062e-02	1.810061766804638150e-02	2.574786700700458855e-02
5.067963001082232549e-02	3.015555251395464140e-02	3.781519751799734125e-02
2.416199328852634831e-02	1.872345196303500797e-02	2.508098357602169676e-02
2.068605783112081875e-02	1.127025645266297067e-02	1.254049178801084838e-02
4.660576222682224351e-02	4.318833204641503443e-02	4.651300530684621820e-02
9.107464158024231038e-02	9.047030157391010297e-02	7.465817073458119735e-02
7.424497154197055859e-02	5.803885877407091720e-02	6.001820611326318111e-02
2.815114473552052937e-02	2.661855539418585270e-02	3.000817487114354129e-02
1.937583121339220282e-02	1.490639102074407807e-02	2.413466102198550539e-02
4.460128425426386489e-02	6.034926957981560924e-02	4.826932204397101078e-02
2.836006416647695802e-02	3.610209788778044604e-02	3.230869613195720691e-02
1.871040582483717019e-02	1.552922531573270627e-02	1.964162368523447028e-02
7.134664673344674746e-02	7.892835891008743998e-02	6.821081669707047823e-02
2.629223657675904269e-01	2.725319261741345200e-01	2.217805969871972649e-01
3.641406192931907065e-02	5.078867173963977355e-02	3.078120711602662721e-02
2.919574189030266914e-02	3.801176515043056675e-02	3.981584781094601316e-02
2.823668073378530347e-02	1.890437833724483221e-02	2.527470572998649287e-02
7.177209005722899604e-02	5.617035588910503086e-02	5.698365992621371584e-02
9.911231918445773115e-02	1.077216239202590242e-01	1.101334636148653540e-01
4.324336907269734492e-02	3.513649312032532390e-02	4.056844821101740495e-02
3.376478272758710875e-02	3.194226647302302047e-02	3.258813525501050301e-02
1.881583929927607007e-02	1.934628625802363791e-02	1.434741992699472592e-02
2.190172698243251365e-02	1.872345196303500797e-02	1.548746463499571166e-02
3.183295132893969037e-01	2.723262504132295536e-01	2.821576567856888818e-01
1.381331485687344596e-01	1.272505703060308468e-01	1.243747347279598875e-01
4.067232717875561565e-02	4.445819151566324928e-02	2.052080474401775032e-02
3.689776652951818892e-01	3.631978078921269670e-01	3.061001136114722687e-01
2.773330587360767208e-02	2.698040814260550119e-02	1.843443748198057494e-02
2.206189563158377498e-01	2.148429633285592888e-01	1.739202408414138035e-01
1.866353692225814279e-02	2.147577068955850571e-02	1.996192649791115117e-02
2.756788545357808859e-02	2.360525512109337351e-02	1.710067062001479135e-02
3.821044013217989727e-02	2.891161767751573505e-02	3.467635888802377692e-02
4.325239054084949880e-02	5.040473688948905046e-02	5.510315299034118652e-02
2.022053040537006435e-02	1.978819417880244361e-02	2.858869104008925424e-02
3.238706304789801260e-02	3.788881184684882164e-02	3.862946911862021743e-02
6.939568741215945691e-02	8.502226417881370013e-02	7.943797346792723368e-02
2.483644014523353136e-02	1.631390370897799896e-02	1.710067062001479135e-02
3.690600014286969655e-02	4.463911788987307699e-02	4.162277594992989244e-02
1.912824468675002401e-02	1.597113323651151023e-02	1.910132091296346674e-02
1.870728031655715329e+00	1.865188957908735956e+00	1.871457493226779123e+00
1.932572747107944369e-02	1.171216437344177463e-02	2.641475043798747688e-02
1.192970433439477784e-01	1.032817286829794540e-01	1.029469908068054579e-01
4.484805111964716706e-02	6.278700396395682504e-02	5.966976912398087168e-02
9.200970868572604100e-02	7.969555583783924368e-02	1.003856058967740883e-01
3.167476875676395603e-02	2.555381317841841707e-02	3.030804583900853152e-02
2.072390526554769921e-02	2.009207385659401296e-02	2.052080474401775032e-02
2.516281907767944914e-01	2.139373927988031943e-01	2.167272191298635353e-01
7.096774645620441968e-02	5.084664481026785615e-02	5.102257273699108142e-02
5.311096831344571528e-02	5.448277937834896528e-02	5.577647372295981704e-02
8.161469672846465018e-02	7.911711354409495245e-02	5.833600226201509503e-02
9.364822591312051137e-02	7.881173999628163229e-02	8.143862376087590560e-02
1.740567732653759969e-01	1.698892372910694448e-01	1.466660021167052463e-01
3.225547780831308775e-02	2.511190525763961484e-02	2.232773288300162959e-02
1.328671634759951425e-01	1.113219480910059428e-01	1.197704547329952879e-01
1.528057072070862221e-01	1.579378101682882840e-01	1.846624028525854500e-01
1.929029521512742873e-02	1.277690658920920853e-02	1.368053649601183412e-02
2.416643772249907229e+00	2.332198889024795996e+00	2.289256320580055792e+00
3.478055391609452540e-02	3.230411922144266895e-02	2.688791171500557256e-02
1.338220179383964314e-02	8.517937726139472934e-03	1.710067062001479135e-02
2.423609264016410997e-02	1.996912055301226785e-02	2.688791171500557256e-02
1.519576675578486469e-01	1.407671483797228729e-01	1.374686348595117180e-01
1.169932264301685176e-01	9.618865216748871683e-02	9.406483251797526091e-02
1.426556808150325310e-02	1.659396753150014017e-02	1.796127620496247926e-02
8.261100676238060381e-02	9.069708488687025505e-02	9.302449932223871842e-02
2.143619955668175925e-02	2.023010209958124930e-02	2.285150556187880502e-02
3.921039642937908631e+00	3.931038630173503190e+00	3.940629457172594385e+00
3.194841696199681724e-01	3.523428073859617426e-01	3.040655467071031182e-01
4.357325675787056263e-02	2.529283163184943908e-02	3.790412372664401369e-02
4.438252369389641266e-02	4.552293373143068839e-02	5.282950087597495376e-02
7.379702614456652709e-02	9.120771156111803779e-02	6.963030052812475834e-02
3.612042616135673762e-02	3.009457961754864741e-02	3.248198644111031236e-02
1.303559236104019081e-01	1.415532093077394582e-01	1.421802945827183029e-01
1.685895691250404241e-02	1.384164880497664417e-02	1.026040237200887516e-02
5.508321418914573497e-01	5.213447829362251040e-01	5.085470001948507734e-01
5.435468757507501414e-02	4.259142238423571647e-02	4.792780978114981327e-02
3.714870315751218899e-02	3.851164614183745505e-02	3.714831408701444598e-02
3.989983851613562033e-02	3.742271304679906097e-02	3.667515280999635724e-02
1.457334897963136720e-02	9.582679941906906834e-03	1.320737521899373844e-02
3.922539165942844075e-02	2.147577068955850571e-02	3.192125182402761469e-02
2.962342188162654655e-02	2.698040814260550119e-02	3.278185740897530259e-02
2.428012353056309969e-01	2.274655083540580991e-01	2.309170063388975014e-01
9.712981294702600910e-02	7.081576536328013094e-02	6.935086140507146224e-02
1.107424692390790964e-02	2.023010209958124930e-02	1.710067062001479135e-02
1.062794663201403478e-01	9.859993417508408631e-02	1.003462225198745728e-01
2.433607181779006701e-01	2.330863428189091646e-01	2.282997079585727951e-01
2.486262595038874479e-01	2.473110116205640419e-01	2.613300088989107262e-01
1.980269154345720706e-02	1.783963612147740005e-02	2.185457160598353391e-02
5.402074521576570587e-02	5.022381051527922968e-02	3.942840350301642094e-02
7.488029039503442397e-02	9.086494108865154906e-02	8.556327968835830688e-02
3.108585789832154708e-02	2.360525512109337351e-02	2.185457160598353391e-02
2.314954299206480881e-01	2.175693574222734572e-01	2.078792939060612743e-01
6.324849926914610787e-01	6.587463282220374916e-01	6.328234433343535859e-01
1.560462066550659908e-02	1.765870974726757581e-02	1.026040237200887516e-02
3.355728030291344616e-02	2.254051290532594135e-02	1.938076003601676631e-02
1.438895151419490766e-02	1.458743640354701401e-02	2.004764346699965463e-02
2.222259319945358094e-02	1.597113323651151023e-02	2.574786700700458855e-02
1.061874435012030576e-01	8.785164081555907334e-02	9.881873350394398958e-02
1.711474524603949499e-02	1.384164880497664417e-02	1.254049178801084838e-02
2.373595261972021378e-02	3.940978687479748666e-02	2.041465593011755619e-02
6.983433465812201313e-02	7.001200469408166982e-02	7.449035032799369849e-02
1.879594182310194428e-02	1.978819417880244361e-02	7.980312956006903671e-03
1.962931071318139431e-01	2.041152516085248114e-01	2.101557697904737343e-01
1.276061357063232427e+00	1.254698592946276614e+00	1.219013763101477466e+00
2.626102872750165143e-02	1.916535988381381367e-02	2.902021102215114265e-02
8.851828052240951969e-03	1.659396753150014017e-02	2.413466102198550539e-02
2.471305671254187680e-02	2.103386276877970348e-02	1.254049178801084838e-02
2.667968725067338190e-02	2.103386276877970348e-02	2.480154445296839719e-02
2.466536814870397970e-02	3.560811363606958269e-02	3.097492926999142332e-02
2.147799220393339370e-01	2.295684935310469132e-01	1.895138542903097023e-01
1.084108215877779557e-01	7.143859965826875047e-02	9.546027097262833883e-02
5.187773254355747266e-02	3.443360365297754022e-02	3.934268653392791748e-02
3.477217482758676592e-01	3.328699215949039725e-01	3.281083565793539436e-01
1.607014809125735522e-02	2.440901579029182769e-02	1.548746463499571166e-02
7.268021846042652112e-02	7.295831996724352897e-02	7.462853506991737329e-02
3.385934019400403672e-02	1.996912055301226785e-02	2.622102828402268423e-02
5.693888889332136133e-02	5.715504293251330581e-02	4.284853762701937990e-02
5.247682787494202528e-02	4.845617883216400690e-02	4.874433969196520500e-02
1.980269154345720706e-02	9.763606316116731076e-03	1.273421394197564449e-02
3.113354646215944418e-02	3.815152714695615316e-02	2.469539563906820306e-02
8.729703459258346399e-02	6.607845778106360979e-02	6.756436511089927710e-02
1.791257553543833259e-02	2.635757384761687125e-02	2.366149974496740971e-02
3.410610705938733889e-02	2.703627243569369648e-02	4.207550538213629399e-02
4.325239054084949880e-02	5.972643528482697584e-02	5.300279118512805920e-02
5.428512804561883703e-02	5.128855273104666185e-02	6.389041166556508333e-02
4.031920441701608016e-01	4.053193980830788745e-01	3.920169147221665429e-01
1.095086349121625682e-02	2.031189102547875658e-02	1.112100795695656306e-02
3.020249161065793539e-02	2.342432874688354927e-02	4.234947460262399044e-02
2.664243716127039779e-02	2.165669706376832995e-02	1.596062591201380734e-02
3.453069377309097021e-01	3.072912110711022993e-01	3.040204052078096519e-01
3.102060271590709878e-02	3.425267727876771945e-02	3.553510810199536629e-02
3.146584932580752392e-02	3.422848639949675753e-02	4.256909850396608380e-02
5.521000375242101493e-02	4.950183877197827931e-02	5.954318846526898690e-02
1.855961464415794779e-02	1.597113323651151023e-02	2.004764346699965463e-02
2.164511898763818790e-02	3.706086029837940554e-02	2.622102828402268423e-02
3.570176763818501409e-02	3.443360365297754022e-02	3.028214409163123774e-02
1.832221259045791265e-02	2.591566592683806902e-02	1.273421394197564449e-02
1.188031399345259365e+00	1.078029830334922723e+00	1.070775309283482413e+00
3.138031332754274982e-02	2.830613190494191481e-02	2.906185231710734992e-02
2.319927014729728995e-02	1.384164880497664417e-02	1.710067062001479135e-02
2.734429297796954483e-02	2.617664747340704701e-02	1.482058120401281986e-02
2.525427900714638865e-02	3.371163190967659679e-02	3.553510810199536629e-02
7.635338720239931432e-02	6.734147489345568283e-02	7.715788405192525179e-02
2.489215345943675273e-01	2.455473949649183696e-01	2.402200259660419723e-01
3.540731220896380788e-02	4.350321706722042742e-02	3.050176799297332764e-02
1.367665722306084589e-02	1.872345196303500797e-02	1.206733051099275270e-02
2.554873443636759139e-02	2.235958653111611710e-02	2.622102828402268423e-02
3.028802760892270948e-02	2.971364459317583917e-02	2.564171819310439096e-02
1.141928573752453852e-01	1.127042982801680499e-01	1.104147591088947555e-01
4.943655311152306275e-02	4.614576802641931486e-02	4.123533164200030021e-02
3.813310594080839694e-02	3.913448043682608152e-02	3.392190211697628660e-02
9.815518390292608808e-02	9.769703605757330822e-02	9.843314556699049589e-02
1.120215279517523532e-01	8.198861812116912950e-02	9.757439635301891345e-02
1.826515921493674158e-02	1.597113323651151023e-02	2.460782229900360107e-02
1.560100423484586107e-01	1.575662331647037784e-01	1.811841028301339473e-01
6.267591031807959179e-02	6.904813368016490815e-02	6.500483657184399910e-02
3.025018017449583249e-02	3.043561633647678608e-02	2.755479514598846436e-02
1.610799552568423221e-02	2.404716304187217921e-02	1.746768308313269291e-02
5.277866544979763208e-02	3.362984298377908604e-02	3.895524222599832526e-02
3.372611563190135858e-02	3.947725090929257025e-02	3.344874083995819092e-02
6.269743759387978732e-02	8.344145817324495618e-02	6.812324335700586930e-02
1.438895151419490766e-02	1.388891721101400550e-02	2.232773288300162959e-02
1.426556808150325310e-02	1.064742215767434073e-02	1.699452180611459723e-02
2.705885901690048903e-02	4.401628359488445053e-02	4.561458802536914187e-02
6.347292094621956315e-02	7.947946217386037127e-02	5.082885058302628184e-02
2.110389669303367605e-02	2.786422398416311258e-02	2.450167348510340695e-02
2.984278099902228434e-02	2.724138968917448264e-02	3.553510810199536629e-02
8.385308670149216326e-02	9.194609646423620997e-02	8.675140299295124036e-02
1.909352574732828267e-01	1.810914331134380051e-01	2.238890611027416488e-01
1.949540545478106179e-01	1.966241259362474236e-01	1.939416065027839142e-01
1.572898623730362433e-01	1.497893494578184381e-01	1.268281144531149540e-01
1.167752420720451489e-01	1.161848967708933311e-01	9.425855467194005355e-02
1.822523994556612612e-02	1.498817994664158534e-02	1.776755405099768315e-02
2.202245476112559608e+00	2.191635155641172172e+00	2.159355540416742603e+00
1.958475064434863147e-02	1.828154404225620575e-02	2.527470572998649287e-02
5.781241405157395291e-02	6.635852160358575447e-02	7.287714434297461186e-02
9.793778546235659688e-02	9.494471733104981048e-02	1.049064013518785227e-01
1.107424692390790964e-02	1.295783296341903451e-02	1.927461122211657218e-02
1.540360296646927085e-01	1.415167785093714714e-01	1.491620838642120361e-01
2.267421564505250897e-02	2.617664747340704701e-02	2.346777759100261360e-02
7.820483611473244556e-02	8.777158564319990919e-02	8.419187445389597624e-02
4.517215217640197650e-02	4.224865191176922774e-02	4.179606625908299788e-02
2.864549812754601382e-02	2.023010209958124930e-02	2.762193664124137568e-02
1.300041389880876308e-01	1.149155716376004249e-01	1.269773593858668781e-01
1.447448751245968175e-02	2.129484431534868147e-02	2.176056096428318973e-02
1.560462066550659908e-02	2.036775531856695187e-02	1.596062591201380734e-02
9.721978799796399118e-02	8.731059544646795068e-02	9.862501134997919694e-02
2.315524356817108206e-02	3.439033049775341855e-02	2.280089416001972527e-02
1.980269154345720706e-02	1.810061766804638150e-02	2.372131496667861938e-02
3.557838420549335606e-02	2.679948176839567694e-02	1.843443748198057494e-02
1.413272003722346737e-01	1.309287427207841414e-01	1.202560733807714333e-01
1.855047552500761476e-01	1.844670347720613612e-01	2.061268181393021148e-01
4.699619334074753296e-02	5.341803716258153312e-02	5.188317832193876239e-02
5.043040623938422895e-01	4.716200469642556903e-01	4.189186884384406007e-01
1.764046704327618467e-02	2.591566592683806902e-02	1.776755405099768315e-02
8.854062745946858493e-02	6.211690126293082509e-02	8.597837074806816138e-02
4.094443567091776010e-02	5.972643528482697584e-02	4.684983821291672373e-02
9.027599162958459267e-02	7.640045798868627669e-02	9.245162653295617428e-02
4.205700220538813316e-02	3.318793506300028034e-02	2.480154445296839719e-02
3.268151847711921881e-02	2.768329760995328834e-02	3.358506921090578107e-02
2.832950399505460015e-01	2.662098704395206017e-01	2.377467108400244389e-01
3.370159366638138948e-02	1.916535988381381367e-02	2.004764346699965463e-02
3.220455440474145198e-02	3.867349024009411607e-02	4.332169890403747559e-02
2.307112457618907403e-02	1.490639102074407807e-02	2.850111770002465572e-02
2.281391923637085539e-02	2.724138968917448264e-02	2.383479005412051516e-02
4.935818463022845770e-01	4.608996731161887905e-01	4.562036967591235337e-01
6.825624069790088566e-02	7.604033899380498174e-02	7.107021620399073258e-02
2.940607832754186385e-02	3.087752425725558830e-02	1.938076003601676631e-02
1.659005783222339714e+00	1.612858878119566741e+00	1.591639456780333362e+00
7.288001842401818642e-02	7.835201330814860199e-02	6.812324335700586930e-02
2.365861842834871692e-02	1.832363133056921778e-02	2.460782229900360107e-02
4.044106081074012871e-02	4.108303849415112508e-02	3.558017195839630747e-02
3.506680753842245091e-02	3.993348372147379616e-02	3.054300774084894171e-02
2.994560554742640157e-01	2.525423056518976694e-01	2.616916938047659791e-01
2.735331444612169177e-02	2.679948176839567694e-02	1.824071532801577883e-02
1.112249283662462146e-01	1.409595327626358696e-01	1.237502337286346815e-01
1.199888267115396950e-01	1.164620010534189870e-01	1.197682223037669497e-01
5.432745712601627641e-02	5.990736165903680355e-02	3.620199153297826156e-02
2.034473349932059208e-02	2.436574263506770602e-02	3.250241828592199955e-02
1.609655887905721977e-02	1.064742215767434073e-02	1.092728580299176695e-02
2.252848527530179959e-02	1.597113323651151023e-02	2.688791171500557256e-02
3.196922418598515531e-02	4.685039124730545207e-02	4.426987782904976548e-02
4.841936370472849083e-02	5.089391321630521575e-02	4.248338153487757340e-02
1.740920067526070120e-02	2.023010209958124930e-02	1.368053649601183412e-02
2.646174635156480631e-02	2.485092371107063339e-02	3.230869613195720691e-02
3.431502649034377100e-02	4.534200735722086067e-02	4.201974602122055674e-02
1.518678180359374352e-02	2.523485856122135648e-02	1.368053649601183412e-02
2.458065181169807531e-02	1.721680182648877011e-02	2.508098357602169676e-02
5.781241405157395291e-02	6.310158830633910698e-02	6.033665255496376695e-02
1.620850566512186189e-02	2.696132586665234143e-02	2.166084945201873779e-02
3.339381276825328232e-02	2.955180049491917468e-02	2.252145503696642570e-02
5.747108971977372277e-02	4.827525245795418612e-02	5.196889529102727279e-02
5.621675347277628465e-02	6.705456871407738939e-02	4.626867175102233887e-02
1.388557665401727453e-02	1.872345196303500797e-02	1.306426446688802555e-02
3.897020067091687412e-02	4.427726514145342851e-02	3.962212565698122052e-02
7.124924434642472548e-02	7.338715771559380097e-02	6.053037470892855959e-02
8.059931268879011457e-02	6.884985878354027422e-02	8.216717878454610213e-02
4.817444199483811862e-01	4.600382616626135790e-01	4.226452633738517761e-01
2.817755552332039393e-02	2.129484431534868147e-02	3.486822467101247797e-02
3.209260761867681333e-02	3.513649312032532390e-02	4.256909850396608380e-02
2.569356168969957194e-02	1.615205961072133448e-02	1.824071532801577883e-02
6.501946764400928780e-02	7.658138436289610440e-02	4.760243861298812246e-02
7.951566128948935053e-02	7.608150337148920916e-02	7.193082178893842049e-02
1.392314321508248409e-01	1.336563721230502599e-01	1.196208337419911449e-01
2.013499440710529026e-02	2.537588406634587110e-02	2.118768817500064211e-02
3.049694703987913813e-02	1.765870974726757581e-02	2.383479005412051516e-02
2.080041979566032637e-02	2.629960077698878865e-02	2.052080474401775032e-02
2.214849384781581929e-02	2.129484431534868147e-02	3.060147950523777957e-02
1.571706407902979941e-01	1.564231695301155634e-01	1.473916392577321877e-01
2.626102872750165143e-02	3.628302426199026681e-02	3.625260293483734131e-02
8.467714459288354367e-02	9.468200203094248590e-02	7.976802399283960954e-02
3.704082022218836007e-02	3.682406963108138948e-02	6.094146284617876080e-02
2.563427043463236549e-02	2.254051290532594135e-02	2.641475043798747688e-02
1.508095241926161456e-01	1.353057840818999991e-01	1.424217279020108806e-01
2.468771508576303800e-02	3.443360365297754022e-02	3.534138594803057365e-02
2.504535957618996000e-02	3.503735567201300694e-02	2.594158916096938119e-02
3.150369676023440091e-02	2.448907096265098490e-02	4.389778093287819566e-02
1.358136902187904171e-01	1.395020462950253837e-01	1.366106859947505692e-01
8.831396930531132394e-02	8.829354873633787903e-02	8.458884452518664054e-02
5.002015729528799803e-02	4.534200735722086067e-02	4.398858233502036391e-02
7.761948146764662271e-01	7.628725600498978965e-01	7.635095135161751312e-01
2.697332301863571147e-02	2.874803982572072050e-02	3.402519304501382819e-02
4.414466748483473341e-02	5.341803716258153312e-02	4.854876116702431382e-02
3.645272902500482082e-02	2.999370841569798038e-02	3.385982897720838519e-02
9.128075279701249045e-02	9.184962813205982401e-02	9.178474310197327901e-02
2.001161097441363571e-02	2.992833264961770184e-02	2.118768817500064211e-02
6.029144091803523980e-02	6.308250603038594029e-02	4.009528693399930926e-02
3.934877509212009183e-02	4.105069853376865779e-02	3.895524222599832526e-02
4.442119078958216283e-02	6.424638569446569636e-02	5.483015116892362567e-02
8.579412611308268044e-02	8.632764215659802232e-02	7.621156149788906042e-02
1.740920067526070120e-02	2.316334720031457128e-02	1.596062591201380734e-02
3.984071330567071079e-02	4.534200735722086067e-02	3.534138594803057365e-02
9.408759205083355726e-02	8.845028423127673789e-02	9.548617272000563261e-02
9.365046379266654675e-02	9.735599933864517996e-02	9.223932890515577909e-02
2.475090414696875726e-02	1.978819417880244361e-02	1.596062591201380734e-02
4.249322734713641136e-02	4.702958386797692625e-02	3.942840350301642094e-02
1.077304656902083324e-01	1.199771991706297392e-01	1.058641060402518846e-01
3.343307720896292190e-02	5.359896353679135389e-02	6.033665255496376695e-02
2.269589528711965856e-02	1.810061766804638150e-02	1.710067062001479135e-02
1.971715554519243296e-02	3.780875667448966443e-02	2.888856200795424448e-02
2.487510724091928152e-02	2.316334720031457128e-02	3.278185740897530259e-02
5.229008154498552413e-02	6.267435979183917649e-02	5.035568930600818616e-02
5.206637115866356857e-02	5.562931052001390819e-02	4.351542105800226823e-02
9.401655958974888816e-02	1.059522584836054548e-01	8.703084211600453646e-02
4.014497132256313328e-01	3.519406058638143708e-01	3.597290264932732629e-01
8.528993159164617588e-02	7.612039416616413201e-02	9.073632759483236943e-02
1.737829317800706000e-02	1.277690658920920853e-02	1.254049178801084838e-02
4.488589855407404405e-02	5.514770096165060725e-02	3.078120711602662721e-02
3.172301619314333854e-01	3.034522009701589584e-01	3.243510801541177879e-01
1.917593325058792458e-02	9.582679941906906834e-03	2.794223945391805658e-02
4.790614771513983933e-02	4.953560045421032121e-02	4.940936675197199479e-02
2.739198154180744194e-02	3.843159096947829784e-02	1.890759875899867062e-02
4.853372566926799497e-02	4.357437567410564483e-02	5.035568930600818616e-02
2.093282469650412439e-02	3.443360365297754022e-02	2.166084945201873779e-02
1.378482312678251942e-01	1.476425165038687537e-01	1.367419362068176270e-01
1.037322927750620044e-01	8.065942685175601923e-02	9.359167124095715828e-02
3.841935956313632244e-02	3.495730049965384972e-02	3.364246299392298356e-02
1.510124580532896769e-02	3.035556116411762886e-02	1.092728580299176695e-02
2.637297551356629355e-02	3.656308808451241149e-02	3.942840350301642094e-02
4.751471964102684659e-02	6.058606024711362531e-02	6.080981383198186263e-02
8.008511099334029992e-02	5.892267461562852859e-02	6.895794719457626343e-02
2.324077956643585963e-02	2.629960077698878865e-02	2.527470572998649287e-02
2.324077956643585963e-02	1.659396753150014017e-02	3.097492926999142332e-02
1.770365610448190394e-02	1.597113323651151023e-02	1.669465083824960699e-02
1.277198864224169950e-01	1.464397460451140887e-01	1.350823966296095524e-01
9.068108114022315203e-01	8.499450906996719457e-01	8.312928406031507844e-01
5.663459233468913501e-02	7.312617616902482298e-02	6.511605374122921008e-02
3.620514249836264548e-02	3.304990682001304053e-02	4.142905379596509285e-02
8.313500578193969148e-02	9.057117277576078040e-02	1.051854389278512186e-01
2.093282469650412439e-02	1.703587545227894587e-02	9.787241094990781209e-03
1.269341405613663154e+00	1.214291086944017550e+00	1.267955050264534256e+00
3.875166242678440565e-02	3.682406963108138948e-02	3.553510810199536629e-02
4.073551623996133492e-02	3.150035855224422171e-02	4.707705896151693353e-02
3.240471084999189788e+00	3.224758764932049271e+00	3.201578553569944141e+00
1.071599314155661786e-01	1.075597798220023632e-01	1.134104869867625931e-01
3.532177621069903378e-02	3.913448043682608152e-02	4.670949397902739858e-02
6.045267178515376788e-02	7.535064421857373684e-02	7.835774398163745935e-02
3.820720529244615860e-02	4.907901312715264031e-02	3.934268653392791748e-02
2.310564377728630547e-01	2.141060001472906704e-01	2.093882074481562550e-01
4.257056153850791169e-02	3.638216171030258378e-02	4.484918791996805182e-02
9.889602695761509632e-02	9.424009411016368021e-02	9.634492193397722892e-02
6.469843122694227122e-02	6.247875401135047357e-02	6.347734755591342981e-02
2.787678710948581287e-02	2.109656941872404753e-02	1.948876522089305549e-02
7.138129845856754085e-02	5.876256427091021417e-02	5.995106461801027325e-02
1.208099664426317416e-02	2.448907096265098490e-02	1.482058120401281986e-02
2.622539803180126694e-01	2.533782129097277847e-01	2.220750827538339744e-01
2.705885901690048903e-02	4.406355200092181013e-02	3.486822467101247797e-02
3.504760159732815683e-02	2.555381317841841707e-02	3.372817996301149396e-02
1.755286492380268154e-02	2.147577068955850571e-02	1.254049178801084838e-02
2.093282469650412439e-02	1.950813035628030240e-02	3.553510810199536629e-02
1.465439618109964093e-01	1.410295124610631279e-01	1.468980461359024048e-01
3.922539165942844075e-02	5.173046065182546754e-02	4.370914321196706781e-02
3.259598247885444472e-02	3.150035855224422171e-02	3.097492926999142332e-02
3.030792508509683875e-02	2.191767861033731141e-02	2.166084945201873779e-02
3.649057645943169781e-02	4.534200735722086067e-02	4.735649808457022963e-02
6.250483832155004360e-02	6.717963079519902181e-02	7.515723375897657987e-02
5.259507916158926433e-01	4.701406985017744233e-01	5.268159461648840303e-01
1.639003880056853490e-01	1.666520883410756992e-01	1.765114037614119724e-01
1.206345899259169685e-01	1.349448798805154837e-01	1.279514400582564548e-01
1.787472810101145559e-02	1.783963612147740005e-02	1.045412452597367127e-02
9.754379105550617379e-02	1.093703096363401600e-01	8.789144770095222436e-02
3.080544960005350899e-02	3.256510076801165388e-02	2.052080474401775032e-02
1.704949006362505015e-02	1.446448309996527237e-02	7.507151678988807988e-03
1.662338034519702523e-01	1.492500378422656482e-01	1.742776946017616790e-01
3.402057106112256479e-02	2.191767861033731141e-02	4.170849291901839589e-02
6.122309432656503764e-02	5.303883589174707147e-02	5.102257273699108142e-02
1.560462066550659908e-02	1.106513919918218451e-02	2.166084945201873779e-02
1.488218004494017976e-01	1.315078054155622289e-01	1.542581853113676460e-01
4.035552481247535461e-02	4.516407824514831471e-02	4.921564459800720215e-02
1.828354549477216248e-02	1.295783296341903451e-02	1.026040237200887516e-02
3.056202492336475285e-02	2.768329760995328834e-02	3.861372996317712775e-02
2.513779016534920530e-01	2.796189495678504944e-01	2.151376824629934181e-01
3.312170427609113094e-02	2.466999733686080915e-02	3.895524222599832526e-02
1.611776544117979604e-01	1.544746114727905129e-01	1.446369082519882721e-01
2.482286552285143874e-02	2.023010209958124930e-02	2.394093886802070928e-02
5.130638830369161490e-02	4.120599179773287019e-02	4.142905379596509285e-02
1.709022328051952935e-02	1.906622243550149670e-02	1.482058120401281986e-02
1.253453416069435222e-01	1.055382616508940968e-01	9.195988978210248299e-02
1.493635295349874693e-02	1.810061766804638150e-02	2.232773288300162959e-02
2.133922691178996925e-02	1.277690658920920853e-02	1.254049178801084838e-02
2.651523013173798238e-01	2.779772710140949177e-01	2.854513498513321923e-01
3.301382134076730201e-02	4.454124395015968824e-02	3.714831408701444598e-02
1.802452232150297470e-02	1.490639102074407807e-02	1.596062591201380734e-02
9.845501214763610620e-02	9.753519195931664720e-02	1.087139797838110739e-01
3.377380419573925568e-02	3.869257251604727582e-02	4.009528693399930926e-02
3.364139929489545766e-02	1.508731739495390231e-02	2.024136562096445074e-02
5.000600281537401909e-02	4.694952869561776904e-02	4.684983821291672373e-02
4.753599741706487913e-02	4.162581761678060127e-02	4.846304419793581036e-02
5.612543240438445935e-02	4.250963345833820572e-02	4.370914321196706781e-02
2.355758193271612067e-02	1.765870974726757581e-02	1.482058120401281986e-02
9.169165172175211542e-02	1.202566312388524128e-01	8.475075270000256844e-02
1.157762178408554103e-02	1.064742215767434073e-02	2.372131496667861938e-02
3.431502649034377100e-02	4.592156849698537241e-02	4.237537635000128422e-02
1.492093951267527696e-01	1.572200878424578618e-01	1.236202779569123972e-01
3.274171284860515063e-02	2.768329760995328834e-02	2.052080474401775032e-02
4.971154738615281288e-02	6.191349725386331021e-02	4.028900908796410885e-02
1.288863854384024066e+00	1.239822778101157930e+00	1.264968719529478092e+00
7.058524687219203120e-02	7.640045798868627669e-02	5.463642901495883303e-02
1.157762178408554103e-02	1.566687853471841058e-02	1.482058120401281986e-02
4.321454310642261487e-02	3.855891454787481465e-02	4.532234919698614750e-02
5.652105003140850403e-02	5.064836991364322222e-02	6.954458355903625488e-02
3.453415522301811480e-01	3.565835304523942706e-01	3.954173067682667519e-01
1.198053169527517892e-01	1.262641495090842114e-01	1.075516468600222902e-01
3.742081164967434037e-02	4.437039048624111942e-02	4.954101576616889296e-02
1.736233177268167380e-02	1.597113323651151023e-02	1.026040237200887516e-02
5.126854086926473097e-02	4.508102581065188269e-02	3.258813525501050301e-02
4.010875794709205244e-02	3.825066459526847013e-02	4.209593722694798812e-02
4.965242217568790334e-02	4.783334453717538043e-02	4.398858233502036391e-02
3.360273219920970750e-02	3.656308808451241149e-02	3.620199153297826156e-02
5.076516600908709959e-02	5.552333071484543553e-02	4.512862704302135486e-02
5.076516600908709959e-02	3.773759806760445396e-02	4.274238881311918231e-02
3.322274077172372719e-02	2.617664747340704701e-02	4.348079389647433596e-02
1.099092504990299979e-01	1.143100858650266116e-01	1.020771814020056539e-01
2.163368234101117546e-02	2.298242082610474704e-02	2.052080474401775032e-02
2.796863609236396528e-02	2.404716304187217921e-02	2.869483985398945183e-02
6.756003074396670083e-02	6.762153871597782751e-02	4.798988292091771468e-02
4.498471161032727150e-01	4.506605103634835907e-01	4.635073887674431847e-01
5.191557997798434965e-02	3.957638835760488721e-02	3.192125182402761469e-02
9.225082397460937500e-02	9.611392131049512066e-02	8.950465368597131099e-02
1.094996134440104213e-01	1.025529142165879926e-01	8.161191407002900411e-02
4.294973330473501882e-02	4.978190259450042399e-02	4.465546576600325918e-02
4.591728035920585732e-02	4.064113057337231938e-02	5.196889529102727279e-02
1.992607497614886161e-02	2.023010209958124930e-02	2.052080474401775032e-02
1.032039241333672641e-01	1.056670860577655080e-01	1.032450054036943565e-01
1.057087206373027652e-02	1.810061766804638150e-02	1.243434297411065426e-02
8.261169983843745790e-01	7.586236190502910759e-01	7.234705686569213867e-01
2.437527913846394834e-01	2.179039718551752935e-01	2.410617364864600376e-01
9.006504953643422462e-02	1.158405518568422776e-01	1.071007737987919872e-01
2.164511898763818790e-02	1.872345196303500797e-02	3.458878554795917493e-02
5.339804159703251396e-02	5.325792681786321869e-02	6.282206820814233150e-02
1.420842325159320796e-01	1.300219713085074835e-01	1.473997176477783722e-01
1.919072420595345149e-02	1.721680182648877011e-02	1.434741992699472592e-02
1.850148639388074154e-02	2.147577068955850571e-02	1.254049178801084838e-02
2.006350553979368082e-02	1.384164880497664417e-02	1.548746463499571166e-02
1.857800092399336869e-02	1.384164880497664417e-02	1.710067062001479135e-02
8.918534523348230214e-02	8.190682919527161876e-02	7.989255927110973377e-02
4.807721971166938751e-02	5.732822344966015393e-02	4.123533164200030021e-02
2.974680531431820110e-02	3.780875667448966443e-02	3.934268653392791748e-02
8.315304871824398536e-02	9.193141705795733476e-02	1.000463515520095825e-01
5.645208351838908872e-02	3.975731473181470799e-02	5.330266215299304944e-02
2.584318986558879414e-02	3.843159096947829784e-02	2.413466102198550539e-02
3.930190618954106790e-02	2.235958653111611710e-02	3.600826937901346197e-02
3.341264605262440623e-01	3.287135536586450746e-01	3.239613779281315109e-01
1.253555974150015739e-01	1.004078153824110309e-01	1.051621711567828493e-01
3.033571617276060658e-02	3.887349889025710353e-02	2.594158916096938119e-02
2.261700349695542137e-02	1.916535988381381367e-02	2.346777759100261360e-02
4.172180784553743832e-02	4.846876997002808052e-02	4.646239390498713151e-02
9.012378223061821847e-02	8.980193262642247043e-02	9.619265010482386247e-02
2.026372225975418828e-02	2.457485513936173011e-02	1.092728580299176695e-02
2.475090414696875726e-02	4.108303849415112508e-02	1.938076003601676631e-02
2.218154195260551298e-01	1.821125509552142530e-01	2.170521193429043316e-01
3.085914400927641243e-01	2.592399457266437168e-01	2.697193179475633751e-01
2.227805642520680127e-02	2.404716304187217921e-02	1.368053649601183412e-02
1.443566994642813128e+00	1.414873652011384930e+00	1.407180119109781247e+00
3.557838420549335606e-02	3.710586720714188075e-02	5.777712401590848895e-02
5.055624657813067441e-02	3.092479266329295137e-02	5.700223540004931144e-02
2.747669787881334633e-02	2.768329760995328834e-02	3.252259916380832033e-02
1.459787094515133457e-02	1.127025645266297067e-02	1.482058120401281986e-02
3.920493354464927444e-02	2.466999733686080915e-02	3.258813525501050301e-02
1.841595039561596397e-02	2.471208462517382465e-02	1.482058120401281986e-02
5.503893175589146675e-02	4.170587278913975154e-02	5.833600226201509503e-02
2.592788116604674009e-01	2.006173558681974278e-01	2.176023113884423821e-01
4.224646048175310226e-02	2.288328337779243007e-02	3.837593213508003892e-02
1.924342631254840133e-02	1.659396753150014017e-02	1.159416923397465701e-02
4.589428759694705318e-02	5.383748795762772349e-02	5.489729266417654047e-02
3.578730363644978818e-02	3.256510076801165388e-02	4.024267549577512093e-02
4.337659363480002306e-02	3.913448043682608152e-02	3.990156478003451662e-02
5.496323688703771276e-02	4.933999467372161829e-02	5.321694518390454598e-02
1.399752344008191492e-02	1.810061766804638150e-02	1.482058120401281986e-02
3.705066135159938018e-02	2.742231606338430688e-02	3.506194682497727061e-02
8.835868897780872755e-02	8.369354315434000824e-02	8.238680268588818856e-02
2.623797224844030135e-02	3.043561633647678608e-02	2.736107299202366824e-02
4.405022083024832946e-02	3.043561633647678608e-02	2.394093886802070928e-02
8.859957537100465741e-02	7.782705295287335734e-02	8.903149240895320837e-02
1.136336755994964420e-01	1.039713604658979440e-01	9.449898647634606685e-02
2.411512438594732091e-02	1.615205961072133448e-02	2.232773288300162959e-02
3.631708928442728412e-02	3.150035855224422171e-02	2.480154445296839719e-02
1.759281715449857453e+00	1.700335631905246725e+00	1.746404601162985681e+00
9.027681129084347278e-02	9.851987900272492216e-02	8.855833113193511963e-02
9.844771345716156474e-02	6.221777246478149559e-02	8.653177909160915393e-02
2.664102015498763174e-02	3.575932741531395731e-02	2.953501359412544561e-02
3.125692989485109874e-02	2.848705827915173905e-02	3.050176799297332764e-02
2.827452816821218046e-02	2.448907096265098490e-02	2.155470063811854367e-02
9.328074029328256578e-02	1.073597711718393688e-01	1.122869723721554441e-01
1.133750014834933872e-01	1.139601873728903064e-01	9.395868370407506331e-02
2.475090414696875726e-02	2.360525512109337351e-02	3.344874083995819092e-02
1.238885649582053272e-01	1.172580103720388123e-01	1.343352661321037811e-01
5.638416348459414362e-02	5.741602447908228379e-02	4.142905379596509285e-02
3.670851735854027686e-02	3.575932741531395731e-02	4.903591698721835451e-02
1.756590837660091942e-01	1.692081065404982820e-01	1.447861531847401684e-01
1.170347358493070838e-01	1.375292973584293643e-01	1.114672304768311306e-01
9.650741025167006160e-02	7.348802891744446453e-02	9.893444102061421663e-02
1.555775176292757342e-02	2.555381317841841707e-02	1.482058120401281986e-02
2.171536572358706910e-02	1.552922531573270627e-02	1.548746463499571166e-02
1.619353152394900630e-02	1.171216437344177463e-02	2.594158916096938119e-02
4.048874937457802581e-02	2.955180049491917468e-02	3.525566897894207019e-02
9.564122343375012006e-03	1.597113323651151023e-02	1.847950133838151612e-02
1.992607497614886161e-02	1.508731739495390231e-02	1.961954604638250360e-02
8.181926066579382484e-01	7.240353040797735673e-01	7.225464009924938980e-01
1.769221945785489150e-02	1.384164880497664417e-02	1.776755405099768315e-02
1.775134466831980104e-02	1.615205961072133448e-02	2.744864633208827023e-02
2.288313507600893762e-02	2.129484431534868147e-02	2.916800113100754752e-02
2.060052183285604466e-02	2.466999733686080915e-02	1.368053649601183412e-02
4.451574825599908386e-02	4.126396486836095279e-02	5.216261744499206543e-02
2.483644014523353136e-02	2.763452837544102744e-02	2.004764346699965463e-02
1.516030520395515724e-01	1.285780278219056105e-01	1.272958058275674431e-01
2.504535957618996000e-02	2.692243507197741859e-02	1.434741992699472592e-02
4.190431648869399894e-02	3.469458519954651821e-02	4.616252293712214128e-02
2.666072042592643410e+00	2.671043780542189161e+00	2.637803958042671759e+00
1.983271247680929994e-01	2.243550131397862579e-01	2.337252340818706253e-01
1.424855945243641564e-01	1.226488309704946156e-01	1.196412655868028391e-01
1.258437150444080554e-02	1.872345196303500797e-02	8.900733762665799520e-03
1.131836924764152569e-01	8.811435611566639792e-02	7.868537306785583496e-02
3.888406732762821061e-02	2.981278204148815614e-02	3.030804583900853152e-02
2.423609264016410997e-02	1.765870974726757581e-02	2.138141032896543822e-02
3.663702849122866395e-02	4.445819151566324928e-02	4.237537635000128422e-02
3.394401038827113415e-01	3.174256212700347080e-01	3.161242012130586754e-01
4.219877191791520515e-02	4.178766171503726229e-02	2.508098357602169676e-02
8.752649559347891461e-02	6.903078515775010193e-02	8.685940817782752954e-02
4.325239054084949880e-02	3.939546198339505950e-02	4.655132011363381089e-02
2.502315671182492540e+00	2.441021763967112790e+00	2.432672987643041296e+00
9.414825394435818451e-01	9.261522249142695173e-01	9.421863787268337509e-01
2.155868470365791545e-01	2.171999957704324191e-01	2.176651538986908718e-01
4.322589098238477368e-01	3.965912583053752827e-01	3.825452841426196793e-01
3.058330269940278540e-02	4.393622842252529331e-02	3.022232886992002807e-02
1.376219322132562171e-02	1.890437833724483221e-02	9.787241094990781209e-03
6.701622722628503004e-02	5.484463212676861377e-02	5.233776412512126941e-02
5.111756634694905044e-01	5.004770360234696014e-01	5.551524044651734435e-01
5.093623800561665471e-02	4.046193795270084520e-02	4.738281471164602909e-02
1.031809144030469139e-01	7.855075844971265431e-02	8.610680777775614470e-02
1.992607497614886161e-02	1.277690658920920853e-02	3.387556852478729869e-02
2.068239584640912954e-02	2.041102847379107355e-02	1.482058120401281986e-02
1.622158260387013551e-01	1.307231270223169206e-01	1.759368326318891396e-01
5.492538945261083577e-02	4.897987567884032334e-02	3.278185740897530259e-02
3.910200822673678273e-02	4.038014902680334139e-02	5.535392384780080804e-02
4.434467625946953567e-02	4.064113057337231938e-02	3.392190211697628660e-02
3.083006956478609104e-02	3.212319284723284818e-02	3.506194682497727061e-02
9.051619601059236742e-02	8.881897933655254207e-02	6.601097434759140015e-02
5.237903556879136557e-02	5.305791816770023123e-02	6.373821120513112337e-02
1.162722543607003917e-01	9.510829518284483197e-02	1.014472599092282740e-01
5.487770088877293867e-02	3.869257251604727582e-02	5.046369449088448228e-02
4.170441852588972070e-02	4.477677110885877609e-02	4.209593722694798812e-02
1.598461209299257765e-02	1.277690658920920853e-02	5.227062262986835635e-03
5.127980021696291330e-02	3.957638835760488721e-02	4.874248332098910647e-02
4.278768277635761064e-02	4.614576802641931486e-02	4.304225978098417255e-02
2.090917798342181833e+00	2.126399602391936039e+00	2.060684631529607458e+00
3.867514789667177849e-02	3.531741949453515161e-02	3.486822467101247797e-02
1.980454890556584691e-01	1.657938898616855283e-01	1.574845972814057915e-01
1.388557665401727453e-02	2.629960077698878865e-02	6.840268248005917061e-03
2.200465230034500536e-02	3.129524129876343208e-02	1.890759875899867062e-02
4.401505434954607748e-02	6.471693497465869083e-02	7.162173955064070341e-02
5.995093624749388284e-02	5.884261944326937138e-02	7.696601826893656462e-02
3.720045557209089582e-02	2.981278204148815614e-02	3.714831408701444598e-02
3.368006639058120782e-02	1.615205961072133448e-02	3.250241828592199955e-02
3.511285677974260167e-02	4.614576802641931486e-02	3.734203624097924556e-02
6.707469882009335638e-02	5.646474460302959575e-02	5.369438427059274044e-02
5.131622943310263502e-02	4.419720996909427130e-02	5.825028529292658463e-02
3.239228036322278625e-01	2.893758607533303828e-01	2.756529477866072608e-01
8.753181161790458964e-02	6.388453294604604094e-02	8.959357989461798344e-02
8.212633697382332176e-01	7.571871855658136585e-01	7.680381458056600996e-01
1.770365610448190394e-02	1.703587545227894587e-02	1.026040237200887516e-02
1.950823611423600432e-02	1.906622243550149670e-02	2.497483476212150263e-02
2.659951073584906206e-02	2.768329760995328834e-02	2.394093886802070928e-02
1.388557665401727453e-02	1.064742215767434073e-02	1.273421394197564449e-02
1.467629263343894208e-01	1.226293736705399151e-01	1.280992046782845062e-01
4.288382329365959811e-02	3.602603796623452675e-02	3.749675107629675541e-02
1.741405587830055224e-01	1.758495109604983342e-01	1.841627563300885784e-01
8.184341944553925885e-02	8.419642397152479751e-02	6.698319864900488529e-02
2.303186013547943098e-02	1.828154404225620575e-02	1.092728580299176695e-02
4.295875477288716576e-02	2.981278204148815614e-02	3.030804583900853152e-02
3.188368818772038121e-02	4.214778070991855724e-02	3.078120711602662721e-02
4.946683872932096104e-01	4.821793857258036553e-01	4.675619092426802070e-01
4.156299215689377574e-02	4.713045506982759675e-02	2.983488456199043584e-02
5.313331525050477011e-02	3.105845063146541254e-02	4.484918791996805182e-02
3.031037454598176778e-02	2.085293639456987577e-02	3.078120711602662721e-02
3.603489016309196352e-02	5.032468171712989324e-02	3.400947545704088859e-02
7.059750318007791681e-02	6.697962214503602740e-02	5.510959029197692871e-02
3.792418650985197176e-02	3.087752425725558830e-02	5.752132872217580184e-02
1.000210270989001782e-01	1.041672782780754258e-01	1.208484517900567240e-01
4.684778639780237119e-01	4.362623123895554289e-01	4.400855196933997071e-01
1.057263802339308695e-01	8.945916215395598170e-02	8.961265887084760018e-02
6.603748381094562414e-02	6.691864924863004382e-02	6.790361906352795907e-02
1.569015666377137491e-02	1.127025645266297067e-02	1.434741992699472592e-02
1.317328236288321450e-02	1.425936584648448795e-02	1.092728580299176695e-02
1.560462066550659908e-02	1.968905673049012664e-02	1.938076003601676631e-02
1.364350890282192419e-01	1.195031362378286000e-01	1.122374048358515675e-01
1.406955909451974296e-01	1.151061006771620931e-01	1.163925654009768801e-01
5.435963740102952441e-02	4.102183120774417074e-02	3.828835879501543693e-02
8.915487994468983268e-02	9.434096531201434377e-02	7.696601826893656462e-02
1.801766874830014742e-01	1.753652421743272793e-01	1.777463947471819294e-01
3.956334609957648518e-02	2.724138968917448264e-02	3.876152007203353261e-02
7.932271295989347382e-02	9.054275225567560981e-02	7.020961061904304468e-02
3.759683000928869256e-02	3.401112922691895690e-02	3.592255240992495852e-02
1.725698367702675373e+00	1.704295336376137504e+00	1.697673469389739731e+00
9.297934011349924255e-01	9.312449691848637690e-01	9.093079339516790816e-01
