4.715516082433721112e-02
4.985452234654578763e-01
2.706493647579719802e-02
4.729894631187542969e-02
5.551803636623261345e-02
1.360916331613913968e-02
3.185616232375635543e-02
4.834445311556456043e-02
5.632329945860936604e-02
9.931961692338286962e-02
3.043822996171363648e-02
1.129448538665887292e-01
1.587961845224290791e-01
2.016133368467524709e-02
1.348570010007241748e-01
1.713670331176387479e-02
1.567243082570378421e-02
5.097442295554917985e-02
1.516240482446094481e-02
3.733991979648202536e-02
9.713967427136503685e-02
5.867738978815729978e-02
4.614185011622033705e-02
1.254780365501803274e+00
4.554451940996694093e-02
1.930127144764334501e-01
4.257764396609594049e-01
9.253574738191364113e-02
2.252385983517752460e-02
3.028955246139549556e-02
2.518974097618021865e-02
1.393657081586638022e-02
1.527590123945013478e-01
5.471937826443152436e-02
9.985986546428142485e-02
4.454103297637337228e-02
1.423823317917055284e-02
2.423049149998041107e-02
4.727052448371111409e-02
1.870845400690128099e-02
3.938162390125720530e-02
5.141085015443098288e-02
2.322933163736948248e-02
1.010142784921822745e+00
2.383136694999312896e-02
2.816199415189543295e-02
3.436351184237165790e-02
3.429360563367921805e-02
1.108062530504553694e-01
8.308652454876935822e-02
4.189950562391729638e-02
2.073929098198735999e-02
1.946641650474849383e+00
1.445650484565538102e-02
3.382071775803978386e-02
4.281197730253969574e-02
3.176076694395907341e-02
3.786810648278509661e-01
2.127480398360441852e-02
1.827385711380491162e-01
1.832619277768865809e-02
2.907094684103009308e-01
2.563034285182113486e-02
3.559654616441278174e-02
2.795249648810518503e-02
3.964248213673940424e-02
6.803736415365215784e-01
2.489953120670115871e-02
3.767203995237219938e-02
3.972030382416859989e-02
6.910925117718431654e-01
7.449353145540031917e-01
5.218999818170921151e-02
5.436975417802836219e-01
1.206761976022821647e+00
1.574097877478563445e+00
8.771588878313217597e-02
2.384269201339466945e-02
4.628067349446923079e-02
2.703132875229773191e+00
1.673303867869746150e-02
1.114416148666185075e-01
5.074460797678899404e-02
2.404855931112726344e-02
5.050487076928655145e-02
2.210834898246799921e-02
2.936488209074654410e-02
4.014178897976332372e-02
4.298094661174305109e-02
2.518311255980333965e-02
1.096355419419423188e-01
1.649568484296205437e-02
2.947585137733378310e-02
2.857820814042966867e-02
3.808409979564104930e-02
3.048291246156591139e-02
4.434905564115695226e-02
3.426743232064254074e-02
2.270342330469527978e-02
5.738286621111116093e-01
7.162417157105140098e-02
2.483006316902785782e-01
2.341883533460417319e-02
3.469648898461881459e-02
1.832256747666910143e-02
2.357207618099785851e-01
4.651202435558591392e-02
2.664218967348020578e-02
1.461629748163527191e-02
2.000751535158055983e-02
4.641720865130967433e-02
2.613731382106613058e-02
9.590989722105729143e-02
4.866714795912886055e-02
1.616680818371056538e-01
2.727723383939682431e-02
8.985768862306076077e-02
2.719192779842023455e-01
5.011833781356695577e-02
5.512420215809291091e-02
7.128253438946691167e-02
1.303857248361266208e-02
7.041174064818571388e-02
2.108144398343400269e-02
1.691843164527904661e-02
6.004208136400793205e-02
1.604754212050951701e-02
8.767505770207174864e-02
2.823585488908388411e-02
4.838944765794259140e-02
4.484685011807269805e-02
2.703149944589062006e-02
1.886824664288117015e-02
9.841053221764803349e-02
4.087989898299591862e-02
4.308494161220892404e-02
5.076311716360459858e-02
4.227439532330618671e-02
3.975539031991104921e-01
1.780028444501445539e-02
7.900098621935693066e-02
4.434693275706359100e-02
4.583529275538165276e-02
6.018927417503322497e-02
1.099293170460077240e-01
7.214493409635806820e-02
9.972435407826679699e-02
1.629718401001509220e-02
2.030382695436839385e-02
2.420237764422195417e-02
3.747396729603884313e-02
9.285404161184077076e-02
2.823713444433371619e-02
2.279051685278983719e+00
1.960047803626979376e-02
2.089418862043273747e-02
3.447190745647470828e-02
1.379503677394212924e-01
5.964295690446775461e-02
6.068715340089002319e-02
3.231441513359636919e-02
4.107975715570637981e-02
2.559120647824045594e-02
5.605434810626850478e-02
7.215691046939091968e-02
2.020386130929174018e-01
1.868533704639023796e-01
2.834506235643656225e-01
2.160692413949459947e-02
1.036550722824061965e-01
1.322160128034843563e-01
7.575699610124046746e-02
1.864569049684701094e-02
1.104429136277692292e-01
2.287290230144680137e-01
6.075197304507126694e-02
5.821433758337689335e-02
1.239771625883481637e-01
4.879950563534981439e-02
1.264199899433234367e-02
7.540403222820646345e-02
3.011596329476294229e-02
2.023235474443218704e-02
3.830751229490242382e-02
9.951002545349514616e-02
4.926545015777911846e-02
7.707190025196451744e-02
1.052691999805896172e-01
1.551429581388899005e-02
8.608664574500099476e-02
4.962959962477271614e-02
3.610508865217518237e-02
2.565099572556514551e-02
2.840643913141693497e-02
3.201595495973624805e-02
1.971047022273942143e-02
3.445256479955045165e-02
2.185010747229383654e-02
1.393731103500574567e-02
7.576716226583547764e-02
2.246346784831902352e-02
1.306348414992707270e-02
1.563510529369070701e-02
5.453167401242871304e-02
7.195615641806664409e-02
1.579744899037756334e-02
2.668532715581798526e-02
9.719534663763321203e-02
2.263896997130514233e-02
1.861311470431152582e-02
4.953940115495950730e-02
1.264671165049528236e-02
6.852628320048538557e-02
5.023672457710925965e-02
1.958794315233939806e-02
2.709487347393007076e-02
4.904782980092559780e-02
2.273196027202924532e-02
2.889809631975720841e-02
1.753915848608986541e-02
3.510097731950612143e-02
5.905514629911037816e-02
6.026718377705227864e-02
1.902989079178012632e+00
1.421972399235495350e-02
5.080360273670896792e-02
1.283069490843730988e-02
1.916076724554591562e-02
3.793028146254636551e-02
2.458079812740157979e-02
9.292051707124493465e-02
2.117038080652494658e-02
2.818077829792213843e-02
1.296940649405958421e-02
4.990732698773396869e-01
2.353696830355886047e-02
2.672278347435055532e-02
4.903147813944606914e-02
4.047812306645788560e-02
1.387907847287260521e-02
6.071315242234781584e-02
9.845552739315582835e-02
1.274260946398258869e-02
3.288349549940396133e-02
4.059490095682679461e-02
3.562903205252200278e-01
1.360916331613913968e-02
3.363026527063257137e-02
6.463298142770353139e-02
1.231217634876870665e-01
2.785337079819489789e-02
1.540515998064657596e-02
5.418429343942807175e-02
6.179246645596030846e-02
1.477011581472995917e-02
5.801767264584670181e-02
2.121035065021428107e-02
1.608488664641546592e-02
7.360270596780617292e-02
3.396619813395197751e-02
2.962488397300152773e-02
1.550225151507735044e-02
3.014226694208356483e-02
1.310181039779790557e-01
6.434763970252052601e-02
2.570548314425941810e-02
1.113074798142602434e-01
8.558305930657161831e-02
3.943583292375023308e-02
1.380766414908610358e-02
4.579316131623634156e-02
3.933912995009936076e-02
1.876056716185238449e-01
3.176467443995845130e-02
6.013689996259165282e-02
1.615993432101421948e-02
3.139258444037893586e-02
1.382743498262396786e-02
4.217499467418479864e-02
1.411058815911253941e-02
1.424420748205575647e-02
2.184539481613089612e-02
2.459917906021674011e-02
3.904327727594216618e-02
8.053336013249814962e-02
5.719081711515851957e-02
1.721283029171331511e-02
6.848496741336827787e-02
6.804655679983506733e-02
1.577974801179309883e-01
3.584665973559134772e-02
5.811886794650319293e-02
2.452433163551712494e-02
1.443495527022887193e-01
3.678783815077114883e-02
2.152815348099866230e-02
2.081208733759809179e-02
3.829276679318301818e-02
2.143868817454585685e+00
7.878184960716953789e-02
5.254531729745937074e-02
2.082973528704259655e-02
1.412511325931693762e-01
7.696668376329274253e-02
4.622607428314834399e-02
2.742884019799586917e-02
8.165416605374882508e-02
2.328049675285906797e-02
3.810841062181093836e-02
1.601614883347599397e-02
1.382786315923757378e-02
3.107327412763025501e-02
1.464968467518483752e-01
4.521894011765220656e-02
3.400648002016706806e-02
2.311548314796412970e-02
3.612142376183378328e-02
2.396753733364331146e-02
4.556994469827874705e-01
2.401819413638078826e-02
2.505720095858769356e-02
5.340312265300606320e-02
3.431211482049481565e-02
7.895798495036517040e-02
2.289721148147930152e-02
6.757669257104667593e-02
2.923185040266994966e-02
1.806240281856114294e+00
3.431907581089118503e-02
2.807175513464330030e-01
3.243272745916803840e-02
1.478050990603943342e-02
2.637197179027320204e-02
4.164779692752589024e-02
2.261448648160433589e-02
1.702756747852145897e-02
2.374251531360724421e+00
3.160432329308100058e-02
4.337643274587998921e-02
3.287803692593379429e-02
2.279278830439982959e-02
1.843170330991151726e-02
4.297116000844061201e-01
2.411528567081156274e-02
1.802532490178920116e-02
7.823805617273124624e-02
2.690471566320369948e-02
1.392718179996531025e-01
2.417859652154543404e-01
5.092962432160905856e-02
4.227107482904367969e-02
7.706366974594741626e-02
3.359690783418183696e-02
3.197697180355807411e-02
4.486889397790471551e-02
3.856951749017278192e-02
1.518688831416174952e-02
1.680929581203663425e-02
2.943109579621750599e-02
9.631009601135716303e-02
1.664950317605674163e-02
4.275282145631874309e-02
2.673419988028739036e-01
8.679543822234968287e-02
1.958794315233939806e-02
2.789207899516196743e-02
2.307221551223662126e-02
1.272496151453808393e-02
1.571480831716418891e-01
2.967283079946167815e-02
6.382188865736873606e-02
6.620979218634921726e-02
2.155626733675712267e-02
4.272324570393887938e-02
5.899281096566971749e-02
1.510858798515452905e+00
1.331744118055190260e-02
8.981726889545169068e-02
3.690211481679010752e-02
1.869465747624861687e-02
3.045525436878927794e-02
2.537764746791856818e-02
1.478135306393792758e+00
2.285126733490476514e-02
3.060372194136763008e-02
4.659354122347100779e-01
2.256980398175206445e-02
4.548552465004696704e-02
1.575246239830040140e-01
3.994969062631517631e-02
1.496861664767692307e-02
9.885360836440044985e-02
1.721970546589274009e-01
2.659707899701432496e-02
3.667913049414233545e-02
2.508380733238185431e-02
1.680029867632435933e-02
1.926524830877509448e-02
2.079357815078249072e-02
1.366764234664407524e-02
3.221466165030310164e-02
4.378801557109641973e-02
8.746572609917346863e-02
6.122366113981093233e-02
5.091268972851256680e-02
1.842660200252156599e+00
2.498107397863824977e-02
2.668770564344113971e-02
1.128133251019421301e+00
5.738871077666333198e-01
8.072408233318416337e-02
6.051361951553043683e-01
5.375609312867900974e-02
2.449004322697432429e-02
1.067153421718180617e+00
4.366652509692225403e-01
7.158861536538293491e-01
2.707841669482056179e-01
2.690735127386807979e-01
1.199402969234449196e-01
3.684363578628516850e-02
1.619211580937838513e-01
2.726216350593045901e-01
7.303229338844194896e-01
7.821472308885345504e-01
2.804244631881598268e-02
6.079804544564625102e-02
6.463437340870974157e-02
6.347664878654191156e-02
2.204860830524079870e-02
1.561745734424620051e-02
2.632361749054267452e+00
3.239538293326208601e-02
4.857397025199507862e-02
2.395736610401020400e-02
6.582405028104419686e-02
1.485476815827157029e-02
2.136225025642985442e-01
1.502238302201891820e-02
1.939415497555537285e-02
8.116475692830063537e-02
9.119271589881190743e-02
2.740132329677413825e+00
5.099656531228281137e-02
3.307653775888075298e-02
1.946631782152583867e-01
4.164346125491290990e-02
1.104856831712679316e-01
6.790452824738753279e-02
2.534845132205482826e-02
4.304288443014003124e-02
5.553309454360753211e-02
3.297883480199371303e-02
1.720430178960646872e-01
2.062470164031287786e-02
2.066424330738860643e-02
2.575206473854134259e+00
4.430012658622811128e-01
3.828291267111377100e-02
7.947382778607658960e-02
3.730509078556923375e-02
1.272496151453808393e-02
4.695882647099010321e-02
1.680458315587369383e-02
1.097408431795551531e-01
7.049388181819539467e-02
1.593923812932780126e-01
1.810974931861634302e-02
1.856356226077390814e-02
3.693964394524535538e-02
3.548474096564493974e-02
3.332134904919336477e-02
6.776484381266176249e-02
2.873159829691075001e-02
7.181099378284806767e-02
1.389815801011231589e-01
1.075299877859934722e-01
1.829045269304776372e-02
3.116960011773116726e-02
1.911115344268961014e-01
9.100869651629458490e-01
1.566811414698367905e-02
1.055181104243253926e-01
5.036343410271976184e-02
6.530242642791933561e-02
5.496198228349816195e-02
1.350002748289672733e-02
2.445768975343255713e-02
2.376112165508936086e-02
9.316524542155867061e-02
7.437094118960529965e-02
1.173123462247197268e-01
2.673312836243277660e-02
2.425776953400538005e-01
5.860557017087574677e-02
2.005411080778640026e-02
1.680458315587369383e-02
1.923605216291135456e-02
3.758855663771332872e-02
2.828991413116455078e-02
2.141901764775624994e-02
2.999697397258104317e-02
3.352451396820577828e-02
5.958971032966069864e-02
3.120373696405355779e-01
1.257371787597992008e-01
8.181790487900127973e-01
8.714347290884200126e-02
9.818240706222372549e-02
2.499231944858394672e-02
2.121035065021428107e-02
3.529571390658481356e-01
2.182198711338824704e-01
2.205080544641057835e-02
4.254288774701640852e-02
3.243812244832063735e-02
3.530073979917534854e-02
4.110593046874305712e-02
1.608488664641546592e-02
3.602086448524718237e-02
3.394002482091530021e-02
9.892996752207847133e-02
6.441252121252427632e-02
8.711373245227681250e-02
6.992494345434881187e-02
3.668467662041393490e-02
2.099020084951282172e-02
1.494884581413905705e-02
3.049242451266924100e-02
2.432993049867598068e-01
9.129534722821665282e-02
4.839165972288533846e-02
1.850995317395431536e-02
2.442876919990967857e-02
5.226582017400738939e-02
3.153472912691431679e-02
8.760215859854528220e-02
3.955782979319779485e-02
1.763710685311752902e-01
2.225800625109347064e-01
2.034023509040045197e-01
1.936221240322940837e-02
5.557783492960951394e-02
2.763552730832367563e-02
3.713544466064985783e-02
2.347251497016871954e-02
9.694194305286783775e-02
2.481745072670156482e-02
2.656713693384335495e-02
2.226230780705696632e-01
1.311506645270653082e-01
2.208217566943132537e-02
1.850655073461112896e-02
4.540758682852992500e-02
2.058322956782733026e+00
2.245426566901084081e-02
1.367361664952927887e-02
2.677707064314568605e-02
1.701730869608692256e-02
3.840417565271959238e-02
1.648551361332894691e-02
1.874479348453295807e-02
4.286510557252828924e-02
5.082670925962363973e-02
3.082925732472235891e-02
1.731103269753579005e-02
7.793278885900703501e-02
9.438733057838288865e-02
1.377846800322236019e-02
9.830382389436180535e-02
1.910200466335452985e-02
1.200273098460821197e-01
7.225893643629568985e-02
1.423352052300761415e-02
1.734900067536349760e-02
2.189007731598317102e-02
9.829287102081345207e-02
1.608488664641546592e-02
2.998989583780262702e+00
1.443206906680452872e-01
9.686529509757103862e-02
3.690380464012597839e-02
4.399461359102194158e-02
1.479062686740718890e-02
2.556291028111042432e-02
4.462355311976940603e-02
1.403973234622359068e-02
1.263150747339714663e-01
3.004165647243331808e-02
4.860783545851526249e-02
8.720762839990248150e-02
3.882827979480008018e-02
1.594489134497635227e-02
1.045040168964808530e-01
2.899455246324785310e-02
7.347894013380244782e-02
3.925019312700842034e-02
1.378570476685380720e-02
8.416941142407824428e-02
4.157608973600072227e-02
1.853612648699098919e-02
1.215948628004476367e-01
1.428888998190803138e-02
2.519965768764883748e-02
3.507775547652758341e-02
1.874774576861507405e-02
4.510877056440199678e-02
4.617880600898869869e-01
1.871442830978648289e-02
3.328515193531111915e-02
5.838747786100789705e-02
2.987277996196370522e-02
2.450456080197926240e-02
1.275113482757475776e-02
1.315504629080140042e-02
3.577853750567516061e-02
8.870710353388229497e-02
3.860403382543005357e-02
4.418439306149171686e-02
1.377667235676905688e-01
1.112896247409363298e-01
3.270809549120380633e-02
8.238584481530196457e-02
2.580990632133889004e-02
8.308445557115291813e-02
2.011856414117653771e-02
7.371646663306877789e-01
1.833663444417742150e-01
6.284413324140453172e-01
1.838075770955527044e-01
2.519934564512307795e-02
4.264368562307632726e-02
2.303083080442252031e-02
1.648188831230939372e-02
4.574038162940550351e-02
8.713889058696301648e-02
6.696118823675176190e-02
2.820097730807360689e-02
1.936967148585456988e-02
4.933652910368576533e-02
3.118283813748627328e-02
1.813955299771067078e-02
7.249577797960619907e-02
2.558061398215286664e-01
3.866485679276253362e-02
3.382254596545229697e-02
2.524874080113829328e-02
6.450801780263643037e-02
1.037805715352522890e-01
4.062427645930751646e-02
3.304328813538384702e-02
1.791618906854678880e-02
1.963733830835460992e-02
2.986251836662408010e-01
1.322721189540868869e-01
3.695930443331033738e-02
3.530473775132834668e-01
2.540255913423298054e-02
2.084213119899014643e-01
1.965753731850608185e-02
2.417496475355759150e-02
3.509881083990626371e-02
4.775217849314664781e-02
2.204389564907785828e-02
3.518562957260062268e-02
7.557118490722725124e-02
2.094739648387717798e-02
3.990374647974063299e-02
1.834233831020696745e-02
1.869528325899237009e+00
1.908054400648079296e-02
1.115706390241932577e-01
5.269701274646070022e-02
9.090046437629618892e-02
2.984786829564929633e-02
2.052101931550253180e-02
2.342698826413595892e-01
6.139813234664963371e-02
5.406456326497704329e-02
7.562859168725599712e-02
8.716795639854280076e-02
1.667097873861402568e-01
2.820140548468721628e-02
1.245254585703153699e-01
1.614209841343267615e-01
1.638781065644190349e-02
2.366406598655515392e+00
3.234850329224003146e-02
1.303857248361266208e-02
2.379394816701075818e-02
1.458520682158347126e-01
1.065667312315273785e-01
1.569302581329808793e-02
8.700988397612738345e-02
2.146477945295921508e-02
3.928027483508872653e+00
3.240427623569332449e-01
3.775103003555436987e-02
4.661248160783365568e-02
7.713579208970250400e-02
3.379303714393303015e-02
1.358485831476307082e-01
1.459181399193446721e-02
5.337966195730229346e-01
4.996719617221351967e-02
3.748521276598454355e-02
3.854429314820285307e-02
1.302576264047116197e-02
3.315713662478920326e-02
2.969919079533115194e-02
2.362727188195733741e-01
8.422387686412503849e-02
1.472543331487768600e-02
1.030143723683219770e-01
2.373494463372121943e-01
2.512315907861828457e-01
1.979115664144929718e-02
4.971727471069428694e-02
8.129199945872397914e-02
2.710919079903586701e-02
2.226090551508033699e-01
6.390486904992319639e-01
1.487925164797237326e-02
2.756667336129635729e-02
1.574316182158242913e-02
2.149181400336698175e-02
9.995952877180709628e-02
1.525134164755188870e-02
2.684077724520462019e-02
7.095213462803541538e-02
1.654634164569953117e-02
2.014223616655028415e-01
1.257627329533306249e+00
2.514505847632794375e-02
1.428888998190803138e-02
2.099679163989239331e-02
2.485216731185797487e-02
2.882316043778507600e-02
2.126045012691133163e-01
9.629289622733734622e-02
4.467840178421669112e-02
3.395299875320179628e-01
1.799515997694186437e-02
7.319828393064971295e-02
2.866714496352061256e-02
5.374229659802635256e-02
5.062296014273474226e-02
1.569302581329808793e-02
3.138176714704684483e-02
7.750539705496456433e-02
2.132419913961963384e-02
3.419826633108946634e-02
4.956985894754551564e-02
5.576056124407894471e-02
4.011398547516968893e-01
1.330195482656337108e-02
3.133025399108214926e-02
2.294734685663388229e-02
3.263955379473059693e-01
3.286009429980844138e-02
3.470911648638873997e-02
5.479974612842380272e-02
1.826356765171103028e-02
2.650771399730977515e-02
3.413852565386226584e-02
1.890864466318411402e-02
1.133819440246894628e+00
3.008633897228559298e-02
1.948160701890635713e-02
2.416729981331253510e-02
2.971424897270607754e-02
7.431331860277468060e-02
2.460812151160695904e-01
3.627524209492846707e-02
1.455184414824513273e-02
2.491619246863450640e-02
2.907449215062652206e-02
1.129538074067945042e-01
4.673221178228467720e-02
3.740908578603509976e-02
9.810614992888455621e-02
1.012721803372836071e-01
1.916156598396474842e-02
1.622008272476369861e-01
6.478679976079822211e-02
2.967427912901674306e-02
1.838230815389630193e-02
4.486116744317849431e-02
3.508246813269052383e-02
6.907196236669746470e-02
1.609656029297476879e-02
1.400145232587012532e-02
3.552667640590523312e-02
6.450959149188445485e-02
2.355716731371032893e-02
3.051327763631239004e-02
8.652028156520745472e-02
1.961050537359732560e-01
1.951329802164358529e-01
1.484114190334615280e-01
1.114359170605452587e-01
1.732023270611336013e-02
2.189732426215014183e+00
2.057530648429766254e-02
6.339772210678308595e-02
9.880593079898353226e-02
1.343086149334364772e-02
1.498200237660559930e-01
2.372223111675071314e-02
8.194841473887649885e-02
4.367144697533753561e-02
2.633110199785015579e-02
1.255796551704406738e-01
1.783942868749360811e-02
1.686306218637862939e-02
9.509668156662913485e-02
2.584818634169235713e-02
2.028617900492388909e-02
2.945600746253191488e-02
1.338990360543651781e-01
1.900050049486579906e-01
4.970935995553441011e-02
4.765379010093411249e-01
1.971346528830405370e-02
8.142389838720850981e-02
4.694502994033743909e-02
8.735103473316013778e-02
3.588663762907337573e-02
3.165553860671603548e-02
2.685697632241140775e-01
2.696233345633754219e-02
3.636635299517641806e-02
2.230716185794072090e-02
2.414281632361173213e-02
4.768891263984946227e-01
7.082769179742144650e-02
2.745710935144033554e-02
1.632070896386738523e+00
7.313424810111432417e-02
2.255999906291006676e-02
3.947843070818911337e-02
3.522528095201946791e-02
2.791595520488409088e-01
2.511469330158146857e-02
1.214573309164669462e-01
1.190669409060152589e-01
5.152481477792418552e-02
2.414198285350307657e-02
1.355850651340166288e-02
2.191456080568397399e-02
3.848152963814858302e-02
4.766134191898004080e-02
1.724583914500628715e-02
2.741254298567591050e-02
3.881541875859493423e-02
1.732088681960503723e-02
2.287744064794143897e-02
5.970087742407513554e-02
2.012167371278105951e-02
2.993723329535384614e-02
5.393094394203382796e-02
5.659876562575830855e-02
1.489092529453167613e-02
4.043122850166286364e-02
6.930490021278716550e-02
7.805923988678024894e-02
4.627523879903582271e-01
2.802098566194224580e-02
3.526076995548601406e-02
2.161812601393379996e-02
6.385757619223934867e-02
7.691808191886982671e-02
1.333313532772845700e-01
2.167211769202410238e-02
2.578970731118742157e-02
2.209403165736220295e-02
2.388737451324694436e-02
1.547304902887127187e-01
3.104069345095088889e-02
8.601569423907082235e-02
4.250003345457664672e-02
2.505023996819132764e-02
1.450459752712336681e-01
2.955190527601922121e-02
2.771975147525167910e-02
3.263005555490079701e-02
1.369084145121943485e-01
8.744971678000118542e-02
4.747361966800255767e-02
7.699787862745872680e-01
2.903814760795674424e-02
4.745068137671046293e-02
3.425951747503555578e-02
9.153749177596999520e-02
2.273196027202924532e-02
5.632244310538215420e-02
3.967832144185878124e-02
5.171817477809460134e-02
8.371564343413380460e-02
1.849615664330165471e-02
4.016155981330118974e-02
9.301795990224673294e-02
9.424011994927714020e-02
2.149778830625218712e-02
4.290663978941342688e-02
1.103245009059066611e-01
4.461872432951861922e-02
2.027046951791766291e-02
2.630055746648669868e-02
2.627607397678589571e-02
5.440846343322661149e-02
5.097399477893557046e-02
9.535298741822539892e-02
3.795997107879163779e-01
8.428160075171764465e-02
1.512606028179116525e-02
4.416692320240466624e-02
3.154699440610245764e-01
1.882870497580544158e-02
4.865528690615988222e-02
2.816143564099787833e-02
4.772917978318580445e-02
2.443496663581257861e-02
1.400119081614411842e-01
9.569514041967204510e-02
3.646254865099338160e-02
1.790579497723731456e-02
3.190084482360863033e-02
5.380943132640739895e-02
7.229221961567000587e-02
2.446533181055905379e-02
2.338314997046416974e-02
1.704305383250999048e-02
1.340412198140516209e-01
8.753485540337917481e-01
6.266370827221906525e-02
3.663081762823240661e-02
9.005746711186826681e-02
1.739965747810097441e-02
1.255426131901140385e+00
3.753370797326604363e-02
3.991744731735206303e-02
3.227620030571006993e+00
1.087003863092981110e-01
3.888998670172799654e-02
6.826180074934894149e-02
4.115406397803600402e-02
2.218724396955985001e-01
4.156781364464072481e-02
9.715775528156703200e-02
6.386860241839303898e-02
2.426759172824518099e-02
6.562849947100163339e-02
1.577724998022609140e-02
2.507946122217250551e-01
3.305967443810609030e-02
3.239863930052437613e-02
1.736556931945731214e-02
2.394902814682771039e-02
1.452637557194699780e-01
4.334789577854602366e-02
3.195150162634610713e-02
2.624135739162948566e-02
4.118282299302235966e-02
6.657765559252910859e-02
5.123671965280686136e-01
1.674887243098662770e-01
1.258563818989465732e-01
1.615448081258215318e-02
9.823819122111851487e-02
2.886784293763735090e-02
1.421011932341209420e-02
1.638947497369306061e-01
3.280481745874755384e-02
5.684909229032548278e-02
1.588041151058330186e-02
1.457997637381141243e-01
4.358667849770807984e-02
1.511772232460867164e-02
3.170822567570734385e-02
2.499935575428790524e-01
3.237994777233720034e-02
1.557070722348411485e-01
2.348519465992049068e-02
4.653371094933771851e-02
1.705472747906929334e-02
1.127532460982593326e-01
1.742265618806182123e-02
1.719518234226881034e-02
2.730016475924953445e-01
3.681432350633357525e-02
1.677840984283702000e-02
1.005941052357235133e-01
3.644663412039124417e-02
2.596843731059651772e-02
4.852318311497365311e-02
4.629021494088295802e-02
4.989895708463260721e-02
2.008555528788356914e-02
9.714526896773412190e-02
1.414886817946600477e-02
3.904057715839970299e-02
1.452855626983237392e-01
2.867367777730336909e-02
5.055167108819409033e-02
1.271240947460006598e+00
6.834276628783693408e-02
1.333552219075389601e-02
4.255093609255615472e-02
5.807461362326452742e-02
3.596680266542391369e-01
1.185740834845396691e-01
4.193267049847314992e-02
1.538067649094577299e-02
4.543175827570496844e-02
4.010822161557280052e-02
4.789679464693315236e-02
3.493336245575877352e-02
5.064018479970952558e-02
4.569733775982545709e-02
3.384864728259027317e-02
1.091896168921532850e-01
2.171008566985180993e-02
2.716766982954080256e-02
6.306131747134358090e-02
4.531987721894688015e-01
4.425648845200835096e-02
9.257146313628224210e-02
1.013516534984744977e-01
4.503047213026171308e-02
4.601007564295767072e-02
2.013833497471440373e-02
1.038217146588384793e-01
1.286027066081717012e-02
7.857728332778571856e-01
2.367483365698540843e-01
1.003600314643929292e-01
2.390905830313837244e-02
5.553711347044509167e-02
1.403313049416259894e-01
1.758611401223629869e-02
1.786111247738503965e-02
1.747144878543743785e-02
1.706753732221079692e-02
8.524440145275480329e-02
4.878379614834358474e-02
3.395113995657705191e-02
8.921748191706146969e-02
5.160263637490627303e-02
2.855800913027819674e-02
3.435805896706935897e-02
3.304450596952655528e-01
1.145367016379858494e-01
3.143073412644845077e-02
2.196080116654021072e-02
4.448150005615535141e-02
9.144409618175083909e-02
1.917494917132966589e-02
2.754573413200551990e-02
2.109115295598286144e-01
2.874373911183231156e-01
2.073192451720172469e-02
1.428088016502774060e+00
4.107581411399320592e-02
4.719474608691943268e-02
2.869157056707170861e-02
1.382743498262396786e-02
3.408913049784705052e-02
1.914159490052774401e-02
5.250660910049229774e-02
2.351786903075998303e-01
3.657168448423579743e-02
1.682478216602516577e-02
4.993254651791770998e-02
3.601917466191131151e-02
4.152741562433778094e-02
5.317170576549987149e-02
1.520068484481441017e-02
3.421409412291415153e-02
8.582913025377010563e-02
2.753368983319388202e-02
3.604963245449731984e-02
8.603876105570468225e-02
1.068339570339243427e-01
2.173625898288848377e-02
3.247143565613510446e-02
1.741753951461253669e+00
9.191618956998555412e-02
8.675174241000857545e-02
2.956043063961139028e-02
3.039868829463790792e-02
2.578970731118742157e-02
1.011416045595553981e-01
1.090410996641121427e-01
2.647414663311925195e-02
1.246606071729761400e-01
5.318956364268417197e-02
3.931744616020792921e-02
1.669449988012067787e-01
1.208120181998280362e-01
9.138222719360374058e-02
1.785639982122209923e-02
1.875112396813307172e-02
1.733520414471083695e-02
3.658068161994806888e-02
1.320278490801682358e-02
1.866036906770581622e-02
7.728780023244877784e-01
1.675863900929915398e-02
1.959308398511594440e-02
2.394050278323554132e-02
2.000942830793412536e-02
4.547644077555724335e-02
2.442292233700093726e-02
1.403101474634613488e-01
2.304142514563113295e-02
4.110593046874305712e-02
2.660779783866836112e+00
2.129197673298339477e-01
1.323175045897638791e-01
1.325086984721228663e-02
9.903531760113011562e-02
3.466569563325873349e-02
2.195326900265104700e-02
3.989214709025774852e-02
3.286254236839248333e-01
3.814898130564479961e-02
8.280483525873857942e-02
4.306077016503387367e-02
2.471114956012083308e+00
9.378588290967058150e-01
2.164646051541445626e-01
4.119836725125001764e-01
3.379774980009597057e-02
1.411530081527547810e-02
6.062464377587047787e-02
5.186768213063704946e-01
4.752984548013018673e-02
9.315994006549099815e-02
2.137796551396162897e-02
1.926333535242152895e-02
1.576030130451474554e-01
4.834959394834110330e-02
4.316620942493491070e-02
4.102599078136438121e-02
3.212551896959226633e-02
8.444485199469535519e-02
5.516671817834532809e-02
1.076260730058904436e-01
4.986243743635996456e-02
4.255348715326311843e-02
1.271116498388542154e-02
4.780422745778455801e-02
4.367573145488686664e-02
2.092707209956121250e+00
3.696782979690250992e-02
1.807249984357715278e-01
1.532638932215064052e-02
2.358476037501565370e-02
5.549524740311734261e-02
6.360179194912020384e-02
3.536393148584322105e-02
2.907963298340306840e-02
3.835176661814109628e-02
6.136820737798225067e-02
5.115743743450761050e-02
3.042573513680777997e-01
8.216731112354261346e-02
7.931622574289579619e-01
1.582193248007836631e-02
2.065995882783927540e-02
2.625396201028085824e-02
1.282030081712783563e-02
1.364979469902779519e-01
3.994764796880742597e-02
1.768742552838303839e-01
7.899698230673944666e-02
1.906674747582813231e-02
3.679424063026995317e-02
3.416427079028533376e-02
4.853318627578897537e-01
4.023284380280374439e-02
4.577083942199151184e-02
2.808331611123902546e-02
3.909680297052733899e-02
6.613168694723357832e-02
4.070403679006921044e-02
1.058489040829162092e-01
4.539729818046002729e-01
9.799227493847628701e-02
6.668552968860215480e-02
1.428888998190803138e-02
1.292346234748504609e-02
1.748430982164258379e-02
1.266722311922921507e-01
1.287703262656158254e-01
4.735878412929760833e-02
8.762427056505033007e-02
1.784278753133030082e-01
3.633530973845439799e-02
7.999171119901225813e-02
3.632511074155885672e-02
1.713948552995603558e+00
9.254268634843898500e-01
