2636
3.7634825706481934 -6.457835674285889
15.431777000427246 -37.831451416015625
-47.21331787109375 12.506702423095703
6.592041492462158 27.210493087768555
-19.39402198791504 34.621925354003906
-13.878300666809082 23.76694679260254
-36.292205810546875 -14.957511901855469
-1.159454584121704 -39.909847259521484
-49.953582763671875 -31.46143341064453
35.18452453613281 25.537181854248047
27.998703002929688 -0.09208107739686966
17.8575439453125 -54.775848388671875
-33.50272750854492 31.175201416015625
40.132469177246094 46.668067932128906
-8.304340362548828 -60.42921447753906
-9.142132759094238 20.44489860534668
-39.597198486328125 9.219056129455566
-25.810108184814453 -17.209484100341797
-56.23824691772461 -24.827560424804688
37.78623962402344 47.95990753173828
30.7103271484375 -44.895538330078125
-49.84648513793945 -26.705472946166992
41.61524963378906 30.543228149414062
45.33991241455078 32.811187744140625
-5.467161178588867 -64.69538879394531
45.33881378173828 35.30971908569336
-3.716038703918457 21.448482513427734
-12.953500747680664 -71.45899963378906
20.67026710510254 22.47176170349121
-27.027246475219727 -15.43855094909668
-14.989328384399414 -55.150325775146484
2.6848180294036865 42.03208923339844
3.5217227935791016 -57.74364471435547
13.284605026245117 15.601792335510254
30.640913009643555 -49.629966735839844
-14.059903144836426 -71.1715316772461
30.23198890686035 26.9901123046875
-45.158573150634766 31.2177734375
-14.805198669433594 26.269001007080078
-13.975517272949219 14.694364547729492
11.781929969787598 41.23751449584961
36.776737213134766 30.072904586791992
40.08429718017578 42.52197265625
46.198604583740234 31.785873413085938
0.12815070152282715 45.8779182434082
26.67426109313965 -48.7247200012207
21.105636596679688 49.80707931518555
-13.787052154541016 -72.87281799316406
-1.700954556465149 -42.129295349121094
-7.729489803314209 -62.29148483276367
-15.907634735107422 -67.30581665039062
42.63785934448242 31.508710861206055
15.561681747436523 -4.708961009979248
-42.965763092041016 -31.363971710205078
22.39193344116211 -49.55127716064453
19.4530086517334 13.468441009521484
6.259943008422852 -47.831974029541016
-1.064321756362915 -67.8340072631836
19.784868240356445 48.28557205200195
43.061485290527344 44.09851837158203
-39.92966842651367 14.568286895751953
-4.194124698638916 -40.96980667114258
20.183231353759766 5.020594120025635
-7.3062663078308105 -60.35590744018555
30.14809226989746 38.2425422668457
24.948740005493164 -1.6092612743377686
4.9298505783081055 45.80015563964844
45.02027893066406 22.156875610351562
43.75298309326172 26.76161766052246
-56.13557815551758 17.856998443603516
13.062807083129883 4.910595417022705
-49.41360855102539 11.298108100891113
19.711647033691406 47.10683059692383
-47.487735748291016 -28.55461883544922
18.569149017333984 26.398618698120117
1.0206323862075806 -8.876487731933594
-8.952016830444336 15.173733711242676
7.319919586181641 -46.25657653808594
20.001338958740234 -59.0960693359375
-15.034188270568848 14.859615325927734
17.568986892700195 -35.7124137878418
28.088844299316406 39.901939392089844
19.261165618896484 -44.44289016723633
-30.193235397338867 -32.30528259277344
12.186409950256348 30.006675720214844
31.083824157714844 47.84506607055664
-50.4240608215332 -25.916353225708008
-50.09930419921875 -16.911664962768555
23.65430450439453 54.18606185913086
3.8678805828094482 -43.09694290161133
-34.02445602416992 -30.438953399658203
-29.826828002929688 -25.882448196411133
-13.882621765136719 -58.268741607666016
18.761415481567383 -57.875511169433594
35.19759750366211 47.762237548828125
-5.169126033782959 -43.20503616333008
2.0166707038879395 -43.734954833984375
14.413311004638672 -62.69626235961914
-52.45545196533203 17.239025115966797
18.788135528564453 -40.465213775634766
-11.131353378295898 14.566102027893066
-46.95564651489258 17.693357467651367
-45.27842712402344 29.393436431884766
-33.703495025634766 -25.118698120117188
-21.8538818359375 34.880409240722656
-51.651039123535156 -34.36702346801758
26.120731353759766 31.245380401611328
7.494243144989014 -64.71330261230469
10.607056617736816 -50.72636413574219
44.451255798339844 28.36728286743164
-39.52589416503906 30.7625675201416
1.2955234050750732 29.511945724487305
19.443771362304688 -33.607749938964844
-3.301112174987793 -41.158119201660156
30.613887786865234 39.43043899536133
-32.439048767089844 -26.915374755859375
-15.351644515991211 -67.23055267333984
-18.51976776123047 35.26757049560547
-34.3340950012207 16.7863712310791
9.998820304870605 -53.6406364440918
-27.685937881469727 -22.822505950927734
-24.69718360900879 18.97793197631836
29.005369186401367 20.095674514770508
39.5240478515625 47.50571823120117
23.861356735229492 -59.84878158569336
-24.664884567260742 -16.51912498474121
-54.61272048950195 23.788925170898438
19.889070510864258 -3.144726037979126
20.6392822265625 51.628902435302734
46.73555374145508 28.15671730041504
44.108821868896484 29.011831283569336
-33.20573806762695 30.178300857543945
-32.671077728271484 -26.157455444335938
8.218782424926758 -43.6597785949707
-20.683820724487305 10.312063217163086
29.615100860595703 20.86862564086914
39.73121643066406 44.710330963134766
-38.677860260009766 -25.642017364501953
2.3997926712036133 25.246286392211914
-37.63325119018555 29.056711196899414
-39.190460205078125 29.997554779052734
-54.98462677001953 -23.296615600585938
-24.331937789916992 28.625356674194336
-20.29148292541504 31.97381591796875
-50.77329635620117 -36.214637756347656
40.224273681640625 43.35414505004883
2.650466203689575 -40.88882064819336
-45.08031463623047 17.10323143005371
-43.94301986694336 28.357572555541992
12.77354907989502 28.815059661865234
4.199426174163818 -10.136449813842773
32.823890686035156 39.91526794433594
-2.0890183448791504 -57.26661682128906
44.09379577636719 24.848682403564453
26.895263671875 25.185482025146484
-42.345733642578125 28.97946548461914
-34.1126823425293 25.88576889038086
4.604959964752197 -50.860015869140625
-54.36824417114258 -23.784685134887695
16.316064834594727 -63.38231658935547
-40.65086364746094 -34.36650466918945
20.431161880493164 -57.76223373413086
-20.14930534362793 15.991194725036621
-51.89577102661133 -32.24063491821289
4.795607089996338 -9.982245445251465
-14.121297836303711 23.983232498168945
-19.662195205688477 34.49107360839844
42.79533386230469 45.451210021972656
41.98605728149414 23.61533546447754
5.260652542114258 20.72214698791504
15.227864265441895 13.850166320800781
5.71513032913208 -38.27283477783203
3.5965065956115723 9.254222869873047
3.984631061553955 -58.55625915527344
29.46694564819336 38.450252532958984
-10.289828300476074 14.385019302368164
-33.23991775512695 -26.446348190307617
-50.407447814941406 -33.511497497558594
-13.34080696105957 -70.69185638427734
-47.5430908203125 -24.036781311035156
42.63414764404297 41.60884475708008
-7.718708515167236 -61.760990142822266
30.196491241455078 -37.5878791809082
-51.74457550048828 17.837684631347656
-49.29653549194336 29.55010414123535
29.303455352783203 -0.46783310174942017
1.1599900722503662 -57.56889724731445
-0.4160921573638916 47.14311981201172
-35.295654296875 -28.224300384521484
4.225550651550293 23.313528060913086
-47.24037551879883 -24.44860076904297
-42.33388900756836 27.119474411010742
-49.81645584106445 19.496370315551758
-29.685148239135742 9.126943588256836
-27.630220413208008 6.137838840484619
-54.99952697753906 23.729700088500977
-4.536895275115967 42.16792297363281
-15.67586898803711 18.025806427001953
0.38548609614372253 -43.14799118041992
-26.903810501098633 15.35564136505127
-31.751205444335938 8.354535102844238
-14.792987823486328 14.368310928344727
25.069162368774414 0.02836930938065052
15.651789665222168 -37.41030502319336
-13.638035774230957 -58.45128631591797
37.66818618774414 40.87652587890625
-16.271434783935547 18.307029724121094
-55.26651382446289 18.017988204956055
-7.449370861053467 40.45892333984375
-25.403812408447266 9.619818687438965
-3.811628580093384 19.98871421813965
-19.442882537841797 30.39020538330078
0.7752184271812439 47.50962448120117
26.224016189575195 -37.43598175048828
11.227373123168945 -49.566593170166016
13.334980964660645 7.659176826477051
-56.86425018310547 -24.577585220336914
31.71401023864746 20.98458480834961
4.972707748413086 29.751619338989258
3.7511136531829834 -45.787635803222656
21.04680061340332 23.030946731567383
19.127721786499023 38.47971725463867
38.60764694213867 26.101852416992188
40.8914909362793 44.46171951293945
13.792016983032227 34.90675354003906
-29.582908630371094 11.18907356262207
5.376318454742432 15.130756378173828
-13.617548942565918 28.784276962280273
2.5697481632232666 22.631982803344727
-35.52767562866211 -20.851329803466797
-11.998931884765625 -72.185791015625
12.211976051330566 29.813579559326172
32.76621627807617 -42.93122863769531
46.79357147216797 29.12622833251953
40.90766525268555 27.240251541137695
12.3613920211792 36.52138900756836
-33.925132751464844 13.81760311126709
-14.487065315246582 -71.449951171875
15.660014152526855 0.19257621467113495
-41.02516174316406 -32.6324348449707
32.31808853149414 -34.181373596191406
29.092880249023438 49.12389373779297
-22.202592849731445 -16.43992805480957
6.472865581512451 -46.73154830932617
14.57300853729248 8.692854881286621
-13.531331062316895 -54.54438400268555
36.07379150390625 22.18058967590332
-45.54182434082031 -24.7091007232666
3.1971652507781982 26.509275436401367
-12.680909156799316 -64.76690673828125
0.3434727191925049 28.717573165893555
-25.59214210510254 -15.58418083190918
8.1503324508667 -43.65251159667969
1.092248558998108 -38.99354934692383
3.4823808670043945 21.130069732666016
-55.764495849609375 -26.52577781677246
-27.648815155029297 -26.431550979614258
-14.879877090454102 -58.21717071533203
28.18660545349121 -0.2377173900604248
17.1397647857666 18.6439151763916
18.91017723083496 43.14304733276367
-21.238540649414062 19.5777587890625
3.03755784034729 -39.2268180847168
-52.52339553833008 19.652250289916992
14.936637878417969 -58.45857238769531
-14.856392860412598 -56.05618667602539
-7.610156536102295 -54.889678955078125
-48.46604919433594 28.113754272460938
-12.473535537719727 -64.05989074707031
37.045677185058594 48.41596984863281
-51.404266357421875 -35.568458557128906
0.7290797233581543 -52.52202606201172
-13.617401123046875 34.48461151123047
-28.368755340576172 -29.495744705200195
35.043487548828125 46.31199645996094
6.481762886047363 -65.38674926757812
29.338516235351562 22.1184024810791
3.778585433959961 0.533726692199707
-33.49159240722656 -30.40781021118164
-29.531156539916992 -32.73894500732422
-45.48316955566406 26.03176498413086
21.812685012817383 -57.50399398803711
-22.721290588378906 16.52303123474121
6.402885913848877 26.7835693359375
-19.640094757080078 30.086698532104492
-40.071067810058594 13.439865112304688
-54.66773223876953 -23.728755950927734
-0.37869611382484436 -39.0294189453125
28.02532386779785 -51.308677673339844
0.1384451687335968 44.12990188598633
29.252132415771484 39.722713470458984
-8.670897483825684 -69.95003509521484
17.72888946533203 34.2973747253418
-41.481632232666016 -18.09857177734375
-41.77330780029297 17.566078186035156
42.19522476196289 44.44269561767578
42.73637008666992 31.552146911621094
-51.33614730834961 20.668546676635742
-48.952369689941406 29.074491500854492
-4.335157871246338 -41.448551177978516
19.30634307861328 -62.13679504394531
-42.55606460571289 -29.4101505279541
39.68729782104492 18.36980628967285
-11.407837867736816 11.121563911437988
35.06926345825195 22.3580322265625
-11.23456859588623 22.612728118896484
-39.9068717956543 17.545536041259766
24.22895622253418 51.4483528137207
-23.151681900024414 32.571861267089844
27.781932830810547 -50.57455825805664
-51.838722229003906 -24.09836769104004
-41.91511154174805 -33.4796257019043
7.7531046867370605 -11.627508163452148
2.895960807800293 41.732364654541016
12.464988708496094 8.816614151000977
-38.951148986816406 -25.722091674804688
4.208380699157715 -10.39968204498291
9.01848030090332 -44.10640335083008
17.03717041015625 48.62823486328125
24.696866989135742 -57.1695671081543
2.1983885765075684 -49.35983657836914
-38.02582931518555 10.519189834594727
1.6481255292892456 -37.08704376220703
-33.021568298339844 -26.206228256225586
13.492624282836914 -58.86769104003906
25.630056381225586 42.99628829956055
-10.32636547088623 -62.27440643310547
-49.46495819091797 27.921358108520508
4.090481758117676 18.986186981201172
-35.012508392333984 28.51877212524414
7.05874490737915 21.810054779052734
31.95412254333496 39.879493713378906
-33.289485931396484 10.763998985290527
3.56203293800354 -38.84870147705078
-49.57365417480469 16.59994125366211
-24.7083740234375 -18.27787208557129
-1.490731954574585 -52.007835388183594
21.078664779663086 44.44074630737305
-20.890792846679688 29.058454513549805
31.914859771728516 -47.023681640625
2.7195303440093994 28.9530029296875
44.61025619506836 25.449058532714844
43.721614837646484 27.646270751953125
43.634033203125 32.759544372558594
-6.085236549377441 22.069671630859375
41.926124572753906 17.275419235229492
-26.087230682373047 19.842798233032227
32.33473205566406 25.77151107788086
35.913108825683594 30.802228927612305
-33.53528594970703 -16.261632919311523
31.074832916259766 -43.49485778808594
3.7627439498901367 19.820430755615234
8.879222869873047 -47.24639892578125
18.86933135986328 -43.56847381591797
26.930824279785156 49.23326873779297
-24.32980728149414 -26.6965274810791
20.203821182250977 -2.1871089935302734
-16.312314987182617 19.87930679321289
-8.531968116760254 -65.93617248535156
-38.539546966552734 -14.753959655761719
-31.747034072875977 11.341875076293945
-47.245182037353516 16.395858764648438
-45.25584030151367 15.982365608215332
-49.16086959838867 9.42785358428955
-42.72467041015625 -34.07944107055664
30.077816009521484 -39.002227783203125
42.705322265625 44.91132354736328
40.473663330078125 20.36425018310547
18.04141616821289 -42.64393997192383
-16.163236618041992 -68.2693099975586
5.617825508117676 21.307207107543945
-28.826927185058594 8.643065452575684
-43.70157241821289 30.102081298828125
43.47154235839844 24.41264533996582
-46.924129486083984 -29.374197006225586
-51.796329498291016 -33.99860382080078
9.655817031860352 -48.540382385253906
-14.098912239074707 34.30784225463867
0.7742481827735901 -36.200538635253906
5.992616653442383 -46.84245300292969
36.992000579833984 47.59941101074219
10.949532508850098 39.79094696044922
-7.378247261047363 -54.84095001220703
-24.157756805419922 -14.583230972290039
29.537324905395508 0.9210669994354248
30.240345001220703 -46.65521240234375
-39.502471923828125 30.766382217407227
-50.224403381347656 -16.879072189331055
1.2721420526504517 -7.926220893859863
34.975547790527344 42.83153533935547
12.374549865722656 9.071722984313965
-39.16836929321289 8.797747611999512
28.98497200012207 -0.8178874254226685
34.6463623046875 44.0108757019043
42.69176483154297 43.7407341003418
31.011701583862305 -44.52944564819336
12.582841873168945 -41.198463439941406
26.313833236694336 5.951357841491699
-14.327966690063477 15.46586799621582
4.951986312866211 21.48710823059082
-46.844661712646484 -23.545995712280273
17.92820167541504 -64.3228530883789
-9.0099515914917 -53.66532516479492
-23.398828506469727 23.820484161376953
23.38969612121582 14.5813627243042
-34.763126373291016 -14.156360626220703
-42.5703010559082 -30.218994140625
26.08511734008789 42.339996337890625
8.403582572937012 -39.99007797241211
-41.37611770629883 -36.48237609863281
47.15990447998047 29.435564041137695
3.53544020652771 -60.526512145996094
-4.988310813903809 -64.82975769042969
-0.608123242855072 44.196712493896484
24.701702117919922 32.16481399536133
23.862226486206055 9.28707218170166
-20.413259506225586 17.07520866394043
-33.080902099609375 -16.59097671508789
-52.94340515136719 21.597497940063477
14.287986755371094 13.825095176696777
-41.4990119934082 -36.552066802978516
-24.821773529052734 12.234354019165039
-1.2093435525894165 -52.46692657470703
-14.948567390441895 -54.16120910644531
-35.898258209228516 -24.151466369628906
-44.993770599365234 -25.378507614135742
-15.936653137207031 -70.22819519042969
45.45358657836914 28.485918045043945
23.929609298706055 -42.03695297241211
21.028406143188477 -55.48191452026367
-56.87051773071289 19.566415786743164
6.516508102416992 20.175437927246094
-1.0509586334228516 44.33022689819336
34.2606086730957 13.494407653808594
6.2617998123168945 21.61275863647461
13.53551959991455 -58.656429290771484
30.906475067138672 46.217166900634766
19.06698226928711 43.45695495605469
-42.05803298950195 -21.47673225402832
26.637704849243164 -36.13545227050781
26.98646354675293 -3.1448771953582764
9.627288818359375 -48.555419921875
-6.8003950119018555 35.0660400390625
-3.88840651512146 -41.0092658996582
31.454431533813477 13.471912384033203
-24.144760131835938 26.877405166625977
16.954692840576172 5.339221954345703
40.10094451904297 21.097143173217773
-2.3547494411468506 21.285493850708008
-5.5480732917785645 9.929089546203613
40.69313430786133 41.627769470214844
-2.3416941165924072 -66.8862075805664
-36.105125427246094 -15.528045654296875
-45.90538787841797 29.80415916442871
6.730473518371582 27.89954376220703
40.53553009033203 17.589120864868164
33.78424835205078 47.46139144897461
-50.76441192626953 23.699148178100586
20.07769012451172 37.037288665771484
4.514252185821533 -11.120190620422363
20.889774322509766 47.952030181884766
4.777437210083008 30.196617126464844
33.15875244140625 21.200702667236328
1.6433377265930176 31.332921981811523
5.717777729034424 -7.494099140167236
2.6392416954040527 -44.4876823425293
36.48666763305664 20.013343811035156
24.517105102539062 38.47410202026367
-17.12513542175293 -68.94927215576172
0.563965380191803 30.322607040405273
-0.8685920238494873 -41.86787796020508
-0.8881682753562927 20.180391311645508
27.112361907958984 38.70627975463867
-11.405517578125 35.23908233642578
10.555181503295898 39.21445846557617
-24.08727264404297 19.991735458374023
-36.999542236328125 -17.280834197998047
30.061891555786133 -3.617358446121216
-7.93139123916626 -60.387054443359375
-26.888408660888672 16.79380226135254
-10.068537712097168 22.510883331298828
29.209104537963867 0.6304807662963867
38.02536392211914 16.188371658325195
36.10270309448242 47.45745086669922
3.71962308883667 0.10643745213747025
-39.230194091796875 20.383190155029297
-46.732627868652344 -20.530467987060547
-47.135101318359375 30.442855834960938
31.78809928894043 13.567340850830078
-14.491762161254883 16.00590705871582
28.047922134399414 23.98661231994629
12.424009323120117 41.40437316894531
36.19623947143555 48.207244873046875
23.737565994262695 49.50202941894531
-53.9422607421875 19.06099510192871
45.34848403930664 35.2667350769043
-16.686412811279297 16.0167293548584
-33.8553352355957 13.11357307434082
18.839824676513672 50.64540481567383
4.577545166015625 30.278104782104492
12.253083229064941 -38.89382553100586
2.147162675857544 25.959386825561523
-55.07807540893555 -23.836170196533203
18.221477508544922 -43.39891052246094
-1.033023476600647 30.278837203979492
-0.6440485715866089 -40.16791915893555
-26.65740203857422 -25.122446060180664
-4.357072353363037 20.56397819519043
-14.49410629272461 -56.723358154296875
20.0413818359375 49.741737365722656
34.17702865600586 31.223421096801758
-52.55028533935547 -23.998451232910156
27.81214714050293 -49.15150451660156
30.54482650756836 -42.32784652709961
35.09646224975586 48.18363952636719
6.142306804656982 36.610389709472656
13.178184509277344 4.414488792419434
-36.9648323059082 29.51174545288086
-30.031469345092773 -27.096006393432617
-2.2808215618133545 43.17763137817383
43.58854675292969 23.164339065551758
26.049123764038086 14.12126636505127
5.292322635650635 -10.306233406066895
-29.14600944519043 -26.268407821655273
-25.228925704956055 26.151052474975586
-27.0686092376709 8.451057434082031
-7.348809242248535 -59.49348068237305
-11.405723571777344 -65.58082580566406
34.29447555541992 44.26115417480469
-41.78618240356445 6.930483341217041
14.718087196350098 -7.458155632019043
-3.7243707180023193 36.303470611572266
-18.332706451416016 16.752737045288086
-6.180483341217041 16.409292221069336
43.09065628051758 44.55623245239258
19.6577091217041 39.18601989746094
29.63276481628418 48.9866828918457
6.070993900299072 26.782434463500977
18.931310653686523 -42.83150100708008
-1.311598777770996 -62.685543060302734
39.75527572631836 42.49966812133789
-15.336538314819336 13.838404655456543
-22.31949234008789 -16.45170783996582
-6.854842185974121 -58.67324447631836
3.202523708343506 -5.992008209228516
-6.562546253204346 35.16603469848633
19.52375602722168 -61.23339080810547
6.0502753257751465 9.003832817077637
20.722270965576172 -58.473472595214844
-29.41946792602539 6.262989521026611
28.022310256958008 -1.955387830734253
29.90068817138672 -36.6387825012207
-20.505815505981445 34.66282272338867
21.172149658203125 49.579566955566406
-3.484924793243408 43.22972869873047
0.6628586649894714 10.075301170349121
47.22146224975586 28.7775821685791
-46.00197219848633 25.475011825561523
18.980648040771484 20.196489334106445
-50.954471588134766 -30.76007652282715
3.9661264419555664 40.41312026977539
20.957956314086914 -60.06355285644531
2.4664790630340576 44.94119644165039
42.93111801147461 30.53990936279297
7.023611545562744 -7.899903297424316
-18.362903594970703 35.01820373535156
6.391432285308838 -12.861385345458984
-33.623470306396484 -26.30879783630371
0.7032950520515442 -38.29975128173828
-11.352380752563477 14.816396713256836
-45.09556198120117 -22.725139617919922
47.08797836303711 29.791969299316406
17.003273010253906 5.7945733070373535
18.892030715942383 -52.42509460449219
42.426597595214844 17.044527053833008
21.326391220092773 -59.58256912231445
17.32815170288086 -63.76985168457031
-44.44599914550781 25.421567916870117
11.388504981994629 -62.869163513183594
5.5360331535339355 -52.74112319946289
21.94221305847168 -4.759509086608887
29.039783477783203 -38.805023193359375
5.788031578063965 36.52357864379883
-8.526222229003906 14.669611930847168
2.552792549133301 27.290189743041992
18.149484634399414 -36.821659088134766
29.557376861572266 -37.19560241699219
-29.820430755615234 -29.39215087890625
-28.26922607421875 -24.817413330078125
18.27308464050293 -36.17474365234375
14.656450271606445 -58.8538703918457
1.497249960899353 -57.70937728881836
-47.09592056274414 29.11688804626465
7.966489315032959 -8.949368476867676
19.572711944580078 39.03757095336914
-50.250457763671875 -18.45962142944336
43.265323638916016 44.3212776184082
29.91099739074707 -0.48458895087242126
17.964679718017578 -43.65645980834961
16.015304565429688 -37.35966873168945
14.28260326385498 -0.014504866674542427
42.77122497558594 24.382333755493164
18.4229679107666 26.6281681060791
1.8274625539779663 -52.530216217041016
41.695072174072266 25.91164207458496
28.90134048461914 -50.28515625
-1.5588176250457764 20.630455017089844
32.2711296081543 39.5091667175293
31.981569290161133 39.5467529296875
-9.424581527709961 -66.00981903076172
5.7459845542907715 37.840431213378906
38.31674575805664 45.04037094116211
39.9930305480957 43.1175651550293
6.347862243652344 15.920068740844727
15.92859935760498 -37.057891845703125
18.22468376159668 -53.64604949951172
46.1612548828125 26.65369415283203
19.140132904052734 49.366905212402344
32.69224548339844 48.464447021484375
24.748205184936523 -57.044525146484375
-11.92229175567627 -64.8871841430664
7.718344688415527 14.93721866607666
43.142791748046875 33.26804733276367
-22.670978546142578 18.180795669555664
-25.608007431030273 19.625267028808594
42.785884857177734 39.2997932434082
-50.42409896850586 -23.42357063293457
-4.963430404663086 35.94729232788086
-33.06273651123047 30.25612449645996
-56.3701057434082 -24.664548873901367
-12.33208179473877 -70.6273422241211
6.541322231292725 -9.20206069946289
-1.0486725568771362 -41.82413864135742
-13.108454704284668 -69.95840454101562
-47.817237854003906 11.579228401184082
-25.050609588623047 -17.339265823364258
-40.117061614990234 -20.3822078704834
-41.17911148071289 -17.019636154174805
-30.52947235107422 -28.17453956604004
-27.929718017578125 6.247878074645996
4.88789176940918 -51.07857894897461
48.148868560791016 27.91994857788086
-36.02278518676758 17.7832088470459
-13.458235740661621 -58.595096588134766
-51.37466812133789 -31.066953659057617
-19.50933837890625 32.430641174316406
21.327816009521484 -4.108461856842041
-23.614004135131836 -16.912479400634766
29.394540786743164 -35.461456298828125
29.323312759399414 -1.4923410415649414
-31.481342315673828 -26.34734535217285
25.530668258666992 43.83575439453125
40.71256637573242 45.03901672363281
24.409780502319336 31.517881393432617
10.141690254211426 -48.63848876953125
28.13071632385254 -37.746395111083984
23.639856338500977 -32.96977615356445
31.853595733642578 -34.795372009277344
3.7038891315460205 29.518314361572266
-41.70569610595703 -33.71062088012695
23.711584091186523 54.13822937011719
30.01801300048828 -36.976593017578125
-4.054314613342285 -43.233116149902344
5.019480228424072 -59.52911376953125
-45.78463363647461 25.99617576599121
26.215803146362305 14.146738052368164
40.64155578613281 17.409748077392578
6.249179840087891 -66.8343505859375
3.8238964080810547 -7.777413368225098
16.537067413330078 9.753399848937988
-1.1264315843582153 -40.22758102416992
-4.792935848236084 43.87957763671875
-25.084470748901367 12.145058631896973
-50.87146759033203 15.08969783782959
-11.583666801452637 11.821845054626465
30.662734985351562 22.472082138061523
-21.277326583862305 33.65802001953125
-45.84751510620117 -26.176525115966797
-26.470251083374023 -23.25115203857422
-28.415786743164062 -25.86022186279297
-47.31858825683594 12.534204483032227
-36.24553298950195 -19.15013313293457
-8.683038711547852 -54.46217727661133
19.77521324157715 13.210634231567383
32.13092041015625 21.2453670501709
-53.45178985595703 -23.912931442260742
30.519289016723633 22.551979064941406
16.26079750061035 0.6010774970054626
-45.67401885986328 30.727689743041992
3.6752912998199463 -0.10450015962123871
23.141172409057617 25.949556350708008
4.052646160125732 29.211803436279297
17.55103302001953 40.393341064453125
-47.718040466308594 18.24099349975586
19.298175811767578 -57.35084915161133
-27.623619079589844 -27.0396671295166
19.341398239135742 45.58567428588867
-50.45665740966797 -18.555423736572266
2.395562171936035 28.309185028076172
5.819385528564453 -63.981170654296875
-37.46110153198242 -27.63764190673828
-11.081323623657227 11.375825881958008
17.22368621826172 -3.329615592956543
31.991134643554688 -34.672760009765625
16.515932083129883 -45.369590759277344
16.194442749023438 -49.96662902832031
28.85163116455078 18.383193969726562
-54.91095733642578 -25.20758628845215
35.04095458984375 35.03409957885742
9.038585662841797 -9.18639850616455
-19.214481353759766 34.64377975463867
-40.8128547668457 -18.817838668823242
4.5392374992370605 20.64030647277832
-38.131919860839844 27.114559173583984
-37.24992370605469 -16.54342269897461
-47.97673416137695 11.458863258361816
5.1830573081970215 18.68752670288086
21.58531379699707 7.069457530975342
21.67914581298828 29.662853240966797
13.389704704284668 36.529083251953125
12.035752296447754 -62.8688850402832
-3.2896814346313477 19.1418514251709
16.391338348388672 -40.8249397277832
4.4003143310546875 39.44570541381836
4.370471954345703 8.911043167114258
25.37317657470703 -38.79502868652344
-33.92104721069336 9.596343994140625
4.756255626678467 -44.52949905395508
22.15578269958496 49.211544036865234
20.361743927001953 13.305659294128418
-3.4360668659210205 -42.23617935180664
2.594071865081787 -9.16978645324707
-12.553197860717773 27.494489669799805
-36.36089324951172 29.648696899414062
-44.706668853759766 10.856708526611328
3.625948429107666 -10.689443588256836
20.46480369567871 -58.1249885559082
-9.773618698120117 -60.57723617553711
19.636844635009766 48.66218566894531
-8.585453987121582 19.563100814819336
2.41585111618042 37.077598571777344
38.38235855102539 19.22838020324707
-22.5533504486084 -15.25346565246582
5.8522844314575195 -38.2785530090332
-38.40959548950195 26.64723777770996
-15.634713172912598 30.29706573486328
20.900300979614258 -50.20558166503906
-16.291717529296875 -69.43687438964844
24.070348739624023 -52.09080505371094
5.13325834274292 20.94548225402832
-12.280448913574219 35.06871032714844
20.636438369750977 38.0432014465332
43.396759033203125 31.37743377685547
5.269351959228516 18.002628326416016
30.192951202392578 -0.4556277096271515
2.8765766620635986 30.832090377807617
2.9594643115997314 27.582569122314453
-8.667919158935547 -54.64668273925781
23.24142837524414 -58.85493469238281
0.2241356074810028 24.347299575805664
-6.422616958618164 -61.119380950927734
-51.7036018371582 -29.177093505859375
-55.918575286865234 -27.470701217651367
-25.104692459106445 -19.851457595825195
7.660801887512207 -65.59119415283203
-8.829914093017578 26.51148796081543
13.838406562805176 -7.06058931350708
-2.600841999053955 -62.520423889160156
24.311912536621094 9.037735939025879
26.8050479888916 41.584083557128906
15.975555419921875 -5.438412666320801
-47.10898971557617 24.895166397094727
-9.238147735595703 -66.73140716552734
21.710573196411133 -4.241247653961182
-7.331725597381592 -63.69818115234375
0.6286191344261169 46.494998931884766
20.095199584960938 -32.50544738769531
8.46106243133545 -8.953795433044434
-48.127559661865234 -32.51154327392578
-40.010677337646484 10.285390853881836
-15.657356262207031 32.305511474609375
24.57187271118164 -57.34635925292969
33.96446228027344 27.818058013916016
26.360891342163086 40.59511947631836
21.54435920715332 -33.059410095214844
43.64212417602539 41.5957145690918
-10.570992469787598 14.808331489562988
3.613994598388672 -49.785953521728516
18.61170196533203 -40.914825439453125
36.419063568115234 32.1163215637207
18.583927154541016 8.089479446411133
-2.6598892211914062 -53.940086364746094
6.26870584487915 -46.17007064819336
-43.68326187133789 15.89300537109375
2.825942277908325 -43.89890670776367
-23.10047721862793 19.79785919189453
6.219942092895508 -54.08500289916992
18.990732192993164 42.98545837402344
-41.83172607421875 -25.180715560913086
-41.00737762451172 -35.85013198852539
-15.136738777160645 -58.42984390258789
-42.91761779785156 13.270511627197266
-0.6789752244949341 22.008392333984375
-14.116312026977539 22.249452590942383
5.266170978546143 22.20476531982422
-46.50447082519531 -24.681774139404297
-54.180057525634766 19.343645095825195
-51.28399658203125 -17.06354331970215
15.302220344543457 -46.15631866455078
2.060140371322632 -36.422401428222656
18.020099639892578 -44.550357818603516
21.52216339111328 9.074357032775879
-38.75017547607422 19.529977798461914
23.149927139282227 51.48847961425781
21.078731536865234 2.949488639831543
28.889076232910156 -1.6267271041870117
-40.20048904418945 10.883210182189941
-39.87161636352539 14.684514999389648
28.57522201538086 20.848697662353516
26.1558837890625 51.89109420776367
1.629325032234192 -50.232757568359375
-3.0708911418914795 -41.5057258605957
18.502403259277344 35.150856018066406
-8.926644325256348 27.340158462524414
-22.14196014404297 17.712448120117188
20.504562377929688 49.994232177734375
30.300783157348633 1.3462079763412476
-41.40697479248047 6.801544189453125
5.129272937774658 -6.985623836517334
-25.5468692779541 7.730154037475586
21.855314254760742 -60.29159164428711
1.6794513463974 10.063629150390625
-10.30205249786377 -52.588233947753906
22.62457847595215 -2.9802534580230713
3.161269426345825 -44.168373107910156
-23.734296798706055 -12.672858238220215
39.926490783691406 25.10472869873047
44.72601318359375 33.236610412597656
23.287757873535156 46.446800231933594
-45.833412170410156 27.285341262817383
-32.59450149536133 30.809650421142578
2.1609928607940674 -7.042842864990234
-35.257545471191406 30.610448837280273
42.533016204833984 17.320653915405273
-11.86123275756836 1.2488781213760376
-35.94301223754883 29.939899444580078
-39.27198028564453 19.277559280395508
-39.392181396484375 -31.5732479095459
45.239166259765625 32.519046783447266
-24.612863540649414 26.87965202331543
22.707942962646484 23.419614791870117
-39.787715911865234 17.672372817993164
-46.37611389160156 -24.168323516845703
46.69871520996094 29.655563354492188
-40.90542984008789 -27.50571632385254
-24.13579750061035 -17.58802032470703
18.43742561340332 46.311614990234375
-45.231781005859375 -23.60310173034668
47.01025390625 29.31174659729004
20.08985710144043 20.53875732421875
33.17069625854492 12.927734375
-34.7902946472168 17.550081253051758
-46.2440071105957 29.159072875976562
20.292884826660156 49.256351470947266
-55.590370178222656 -24.05679702758789
41.02085876464844 27.209997177124023
-23.743879318237305 -17.287471771240234
-26.541217803955078 -26.417436599731445
-39.05268478393555 18.78374671936035
1.357514500617981 -36.829627990722656
9.20362377166748 20.02886962890625
-4.137165546417236 -57.50214385986328
24.27680015563965 0.046974923461675644
23.82954978942871 0.3173644542694092
-51.3870735168457 -22.69493865966797
-13.988938331604004 25.41071891784668
-3.775958299636841 20.964141845703125
27.98975944519043 23.688617706298828
42.64978790283203 21.8879451751709
17.778900146484375 -3.3101885318756104
-4.614744186401367 -60.51768112182617
42.064483642578125 26.929885864257812
12.237495422363281 30.166297912597656
27.39237403869629 3.5335912704467773
-26.326492309570312 -16.66240119934082
33.440486907958984 12.461053848266602
7.283010005950928 19.379241943359375
-41.23276138305664 12.037257194519043
2.3755781650543213 32.226409912109375
-42.595481872558594 28.75961685180664
-11.894511222839355 15.991374969482422
19.16843032836914 -54.05498504638672
33.393917083740234 22.302663803100586
9.47479248046875 -41.23152542114258
30.65651512145996 49.23807144165039
28.259714126586914 24.467979431152344
15.170909881591797 -39.748966217041016
20.081317901611328 -57.614112854003906
-24.38874053955078 12.419405937194824
19.226070404052734 42.180381774902344
7.491722583770752 -46.234962463378906
-10.164629936218262 21.43035125732422
46.37798309326172 29.17154884338379
-40.5467529296875 10.748666763305664
3.6704554557800293 26.79318618774414
6.5380730628967285 -8.511730194091797
17.80181121826172 -35.37471008300781
18.905967712402344 4.7355475425720215
-8.43777084350586 26.202205657958984
16.79808235168457 -59.90495300292969
-49.3714485168457 14.21522331237793
-23.147228240966797 22.783864974975586
21.51777458190918 -43.97085952758789
21.939496994018555 48.88420104980469
33.85099792480469 21.770280838012695
27.92903709411621 0.9933093190193176
-8.9778413772583 -55.710426330566406
-45.91823959350586 -24.776111602783203
-40.75897979736328 -20.794641494750977
24.240739822387695 26.240076065063477
14.07368278503418 9.159669876098633
-7.237283229827881 -59.18101119995117
21.78936767578125 7.255690574645996
6.13709020614624 -9.15064811706543
-42.4012336730957 -36.49784469604492
-42.39908981323242 -36.58750534057617
-43.2836799621582 16.04309844970703
20.163022994995117 38.3078727722168
-40.109256744384766 -25.683618545532227
-23.580472946166992 -16.883615493774414
35.501888275146484 46.27858352661133
-51.39269256591797 -24.370708465576172
19.803876876831055 2.8112008571624756
1.0084713697433472 -53.460479736328125
20.62561798095703 -1.6052019596099854
-40.8788948059082 8.900221824645996
3.4912116527557373 45.68272399902344
28.968143463134766 -47.91936111450195
18.82396697998047 36.12834548950195
41.68087387084961 21.114805221557617
-2.30568528175354 38.40932846069336
3.496387243270874 29.921171188354492
9.642760276794434 -41.021541595458984
-14.49686336517334 -66.66539764404297
24.915498733520508 0.017766783013939857
23.754596710205078 14.64479923248291
-3.2947142124176025 -58.57235336303711
-30.44253158569336 -26.725107192993164
4.148805618286133 -4.178330421447754
26.49765968322754 26.204683303833008
-39.87617111206055 19.349605560302734
-54.65372848510742 23.69444465637207
-15.490886688232422 -70.25360107421875
-0.6661874651908875 -55.400970458984375
12.312049865722656 -40.716854095458984
4.843520641326904 -54.71937942504883
-25.2014102935791 -25.676902770996094
12.925260543823242 9.439650535583496
12.361394882202148 -7.325056552886963
-48.38738250732422 -29.097888946533203
19.24195671081543 39.318328857421875
24.10335350036621 37.93475341796875
-45.32746505737305 -24.436233520507812
14.958351135253906 -38.715267181396484
-24.85151481628418 -15.880952835083008
-53.27058410644531 19.307836532592773
20.285213470458984 22.028284072875977
-15.460068702697754 32.459129333496094
29.902137756347656 17.803268432617188
-13.431303977966309 -72.0866470336914
11.12936782836914 -47.32448959350586
-13.50157356262207 -70.96170043945312
30.984132766723633 -42.239845275878906
24.194917678833008 13.691793441772461
-35.92521667480469 27.82484245300293
-51.716094970703125 16.51595115661621
24.062198638916016 55.11165237426758
30.74103355407715 -38.82974624633789
-40.216796875 -27.217363357543945
-52.837493896484375 18.728168487548828
-1.7188589572906494 38.32881546020508
43.45240783691406 29.65174674987793
11.849424362182617 -50.467716217041016
21.40556526184082 -50.81866455078125
29.914743423461914 -3.2945022583007812
30.056015014648438 12.42772388458252
-55.720149993896484 -23.665016174316406
-17.845481872558594 35.68948745727539
-8.71200942993164 -61.41642761230469
13.208515167236328 36.25379180908203
-25.187820434570312 11.808558464050293
-48.26498794555664 12.716440200805664
-26.405595779418945 8.978780746459961
-27.768665313720703 9.070501327514648
-34.85993957519531 -17.799001693725586
30.03060531616211 22.787090301513672
39.721317291259766 15.62835693359375
-40.97795486450195 -19.56218147277832
5.352688789367676 -46.9172248840332
30.212295532226562 -36.21587371826172
-50.90239334106445 20.909690856933594
22.22750473022461 -49.69940185546875
21.14358139038086 -35.892215728759766
-9.05079460144043 23.75847816467285
19.52903938293457 -5.015468597412109
30.08654022216797 18.4903507232666
-47.25688934326172 11.625948905944824
-47.018802642822266 -25.584692001342773
3.5942211151123047 40.49790573120117
37.799007415771484 14.370077133178711
19.280126571655273 44.808067321777344
25.97754669189453 30.400442123413086
9.837236404418945 -46.944908142089844
11.384161949157715 40.5501708984375
20.305864334106445 34.8380012512207
11.848738670349121 -62.942386627197266
24.55059242248535 39.604217529296875
-43.01668930053711 10.87810230255127
26.89252281188965 -50.06510543823242
28.851531982421875 -35.448341369628906
21.29694938659668 42.56307601928711
13.837813377380371 -57.72595977783203
-26.963762283325195 -29.613483428955078
25.360193252563477 14.509499549865723
23.14415168762207 22.903982162475586
-28.82582664489746 -32.107112884521484
28.304073333740234 24.0656795501709
-10.935508728027344 -68.51897430419922
30.437833786010742 -40.260318756103516
19.831100463867188 -58.42961502075195
28.580482482910156 -1.0882846117019653
22.113037109375 30.16069793701172
-34.10806655883789 -26.79747200012207
-41.26588821411133 -35.20026779174805
28.86881446838379 -39.039344787597656
-24.51483726501465 8.983796119689941
22.318349838256836 -58.94103240966797
-26.393333435058594 -27.82709503173828
26.602724075317383 -0.3967849016189575
8.595389366149902 14.403849601745605
24.168363571166992 18.428144454956055
-2.9079747200012207 42.898948669433594
-16.29468536376953 34.25227355957031
-27.64284896850586 -26.99074363708496
23.438316345214844 -38.9575080871582
17.06223487854004 9.938285827636719
-8.177212715148926 -54.47576141357422
-49.001869201660156 -24.32586669921875
30.32225227355957 21.237987518310547
5.40495491027832 -43.23985290527344
20.893827438354492 -34.46329116821289
-4.20114803314209 -60.525421142578125
-48.07048034667969 -23.014738082885742
-7.402050495147705 -61.670475006103516
-3.474604606628418 -66.79561614990234
-10.798564910888672 22.932043075561523
-46.71096420288086 -20.587814331054688
22.99329376220703 36.1651496887207
20.77965545654297 -32.6556282043457
27.853824615478516 -33.17475128173828
12.242459297180176 -5.710646152496338
-48.35121154785156 -28.950855255126953
42.109439849853516 32.0499267578125
1.9338356256484985 44.99019241333008
-35.97901916503906 -15.852920532226562
24.574417114257812 14.232142448425293
-47.21829605102539 -26.853296279907227
8.972503662109375 -63.28102111816406
-18.639331817626953 34.188438415527344
-6.564687728881836 -62.03702926635742
24.4184513092041 9.236892700195312
-14.338729858398438 -53.98753356933594
20.478425979614258 37.778926849365234
-10.608014106750488 23.782941818237305
-0.6498405933380127 43.84776306152344
18.88676643371582 -58.229347229003906
26.475255966186523 -51.93548583984375
-22.144346237182617 27.54637336730957
-40.633750915527344 -30.56650161743164
11.939484596252441 -61.81275177001953
21.345041275024414 -51.508399963378906
13.236169815063477 -4.73093843460083
20.498735427856445 -4.831630706787109
-28.19689178466797 -27.547298431396484
-34.641693115234375 10.134475708007812
12.950126647949219 -50.88727569580078
-15.587045669555664 25.605037689208984
42.7293586730957 44.35604476928711
25.78329086303711 25.767250061035156
7.5711236000061035 -41.579559326171875
-32.88950729370117 17.437711715698242
19.193809509277344 41.334564208984375
42.244998931884766 21.30345344543457
35.785888671875 47.76388931274414
-39.761531829833984 -20.362878799438477
-35.182308197021484 -25.89417839050293
19.53308868408203 44.37266159057617
-3.823532819747925 -57.486846923828125
20.197803497314453 22.178653717041016
-4.236316680908203 -59.11784362792969
-51.66432189941406 22.820037841796875
-2.945347309112549 -42.2176399230957
33.83940887451172 25.998517990112305
-16.176239013671875 32.56608581542969
29.833776473999023 -49.58993148803711
40.8272819519043 44.3337287902832
-27.870067596435547 8.180755615234375
33.522945404052734 45.24524688720703
-42.22994613647461 -31.197280883789062
1.5904662609100342 -49.24945831298828
20.55830192565918 43.61323928833008
-46.583473205566406 -23.67591667175293
2.3882389068603516 -50.30470275878906
44.5555534362793 24.001850128173828
-26.752105712890625 -27.73415184020996
21.687162399291992 -34.57967758178711
10.150602340698242 -49.2873649597168
-9.859452247619629 -63.21591567993164
4.365224838256836 19.74997901916504
-24.44869613647461 18.706083297729492
27.42005729675293 23.234880447387695
-40.8790283203125 11.158956527709961
-24.929855346679688 -23.77742576599121
-28.030620574951172 -27.004653930664062
29.40720558166504 -36.26011276245117
23.487585067749023 49.43034744262695
22.939090728759766 8.926125526428223
-40.653411865234375 -33.63972854614258
-43.335845947265625 28.74269676208496
-48.20425033569336 29.294981002807617
36.8140983581543 14.31751537322998
6.650476455688477 -8.583484649658203
4.457113742828369 -10.23901653289795
-17.53813934326172 33.002471923828125
40.278648376464844 21.104949951171875
26.30651092529297 48.496917724609375
37.76762008666992 31.22789764404297
-13.522753715515137 33.8784294128418
-5.3301286697387695 9.765149116516113
12.89116382598877 -50.36435317993164
-44.423404693603516 10.92898178100586
13.174365997314453 15.79044246673584
21.388545989990234 -51.393619537353516
-33.17192840576172 11.3418607711792
-38.21794128417969 20.28534507751465
21.958105087280273 27.242891311645508
4.194268703460693 40.79945755004883
4.482982158660889 -5.044873237609863
16.419044494628906 39.732208251953125
10.659669876098633 -40.522117614746094
-33.52363967895508 -16.265392303466797
22.688385009765625 49.9030647277832
-35.12907409667969 10.90640926361084
6.939276218414307 -65.91339874267578
-25.228878021240234 12.785286903381348
-37.00707244873047 29.161935806274414
26.381101608276367 -41.48361587524414
-29.500150680541992 -28.946237564086914
-17.242042541503906 32.60408020019531
-16.994047164916992 -68.81259155273438
11.808375358581543 -62.29745864868164
6.591550827026367 -13.307146072387695
-49.91719436645508 -32.67448425292969
13.960247993469238 -58.23339080810547
23.943952560424805 14.557831764221191
27.17809295654297 -37.30099868774414
2.8055574893951416 38.96683120727539
-26.18242645263672 17.12409019470215
-9.47744369506836 13.55551815032959
24.539527893066406 -3.55830454826355
7.258223533630371 -65.64256286621094
-15.655179977416992 13.609572410583496
-42.66192626953125 -27.13275909423828
20.91523551940918 36.784053802490234
26.326396942138672 26.936431884765625
14.622197151184082 -5.58146333694458
-40.631561279296875 -33.46902847290039
17.130416870117188 48.91704559326172
-6.525963306427002 10.39023494720459
3.1608052253723145 29.756929397583008
17.394428253173828 7.158600330352783
-30.537315368652344 -31.822345733642578
-13.645001411437988 17.406320571899414
16.71539306640625 -54.17881393432617
-25.15840721130371 17.918067932128906
36.686161041259766 46.94408416748047
-5.651027202606201 -67.14371490478516
15.543286323547363 14.00257682800293
-12.770259857177734 -73.2390365600586
0.8237200975418091 10.225849151611328
29.251876831054688 -47.70338821411133
27.54837417602539 -0.5810111165046692
22.699846267700195 26.429325103759766
1.130407452583313 30.90806770324707
20.14681053161621 -4.414753437042236
-40.57679748535156 -34.15642547607422
-51.6456413269043 -32.03434753417969
-45.02126693725586 31.526405334472656
13.321521759033203 -51.03727340698242
20.644990921020508 13.27291488647461
-15.60448169708252 17.238256454467773
0.671972393989563 -37.1958122253418
20.782413482666016 21.12354278564453
17.273414611816406 -43.34926986694336
30.7824764251709 -36.97954177856445
-39.996700286865234 -34.984657287597656
18.842391967773438 30.89322853088379
38.247798919677734 14.516225814819336
28.38707733154297 1.0626022815704346
18.620582580566406 7.914813041687012
6.901695251464844 -60.71317672729492
19.701086044311523 3.832658529281616
5.235880374908447 18.67810821533203
-32.39892578125 30.373708724975586
25.04789924621582 -50.753849029541016
16.695600509643555 10.269377708435059
0.8791775107383728 29.2770938873291
-46.56729507446289 29.50987434387207
24.280332565307617 49.473697662353516
-28.73372459411621 -27.668928146362305
-11.282137870788574 11.349620819091797
-35.242916107177734 17.32250213623047
19.139406204223633 31.402185440063477
36.256797790527344 20.389923095703125
15.918987274169922 -53.285438537597656
28.72492790222168 17.98824691772461
21.301776885986328 -30.657726287841797
3.1443543434143066 -2.798774003982544
21.453758239746094 43.136051177978516
-7.644638538360596 -66.58627319335938
-23.583290100097656 17.195363998413086
22.14348602294922 -56.65397262573242
30.40880012512207 23.130157470703125
-35.086849212646484 29.62395477294922
2.658318281173706 -57.439517974853516
-55.11362075805664 21.990741729736328
-2.8866231441497803 19.394447326660156
-47.41195297241211 16.89180564880371
39.72136688232422 20.884944915771484
-30.62924575805664 9.114479064941406
-38.29792022705078 19.508493423461914
-45.40956497192383 30.850555419921875
1.2882798910140991 44.76968002319336
1.6444982290267944 9.866642951965332
12.491129875183105 -3.6222925186157227
-23.82173728942871 11.219862937927246
41.68592071533203 19.50032615661621
20.933387756347656 47.24922180175781
38.621826171875 41.59160614013672
24.286502838134766 48.79671859741211
4.0845136642456055 43.93883514404297
-52.81013107299805 17.515268325805664
5.996120452880859 -42.785682678222656
14.54967975616455 8.98527717590332
-0.9099780321121216 -59.875770568847656
2.3770313262939453 -36.66831588745117
30.849340438842773 19.763671875
-10.236251831054688 15.424189567565918
-33.395484924316406 11.935344696044922
20.105419158935547 43.63279342651367
-15.186375617980957 13.24308967590332
19.21684455871582 37.74070358276367
-14.157492637634277 15.387282371520996
3.5669901371002197 -58.13717269897461
5.775555610656738 20.228649139404297
-50.44693374633789 23.254337310791016
-48.861331939697266 11.446976661682129
24.119916915893555 -36.93564987182617
-54.76356506347656 21.803466796875
44.15793228149414 33.779144287109375
3.472892999649048 -52.75455856323242
-41.49130630493164 10.755837440490723
24.22742462158203 9.425148963928223
-38.21479797363281 28.713176727294922
-52.21052551269531 -32.03622817993164
28.952117919921875 38.725521087646484
6.057576656341553 -48.4448356628418
-44.1285285949707 13.949143409729004
24.452951431274414 32.3502311706543
-22.469167709350586 27.913461685180664
3.3477795124053955 41.53470230102539
13.532637596130371 -5.412744998931885
10.747394561767578 -48.296390533447266
-53.84794235229492 -24.00120735168457
13.611196517944336 -6.0438618659973145
-15.89132022857666 35.110992431640625
40.44318389892578 47.286380767822266
17.599227905273438 -54.67460250854492
-41.489418029785156 7.852904796600342
-15.153634071350098 24.986007690429688
-7.6958909034729 -66.56256866455078
1.9381402730941772 -8.367021560668945
-27.472692489624023 15.495650291442871
7.766546726226807 -62.37908935546875
18.370960235595703 -57.707515716552734
26.790462493896484 -37.495452880859375
-16.353635787963867 19.139204025268555
-38.52644729614258 -22.27428436279297
-48.04130172729492 11.793167114257812
19.317873001098633 -32.54808807373047
17.4665470123291 4.89674186706543
-25.986562728881836 9.842517852783203
-13.36294937133789 -55.30739212036133
19.500274658203125 8.89753246307373
4.667768955230713 29.551807403564453
-56.426795959472656 -26.00786590576172
-27.427675247192383 -29.015623092651367
16.214359283447266 -7.097281455993652
-13.46600341796875 -71.7099838256836
29.559579849243164 -2.5406551361083984
-5.696981906890869 17.4057674407959
-52.200687408447266 20.584716796875
-45.528648376464844 -22.638044357299805
12.834257125854492 -38.19774627685547
21.869606018066406 43.174835205078125
5.420311450958252 -42.627105712890625
-51.20284652709961 22.3132381439209
-53.007347106933594 20.62270736694336
-25.44291114807129 -28.113779067993164
19.524106979370117 34.18312072753906
11.983577728271484 -42.49283981323242
23.118778228759766 -58.97997283935547
13.712003707885742 8.86186408996582
6.652800559997559 9.159144401550293
3.4443016052246094 43.82087326049805
16.637380599975586 -42.28785705566406
22.906774520874023 9.347941398620605
20.36043357849121 42.159095764160156
-26.834157943725586 -29.803346633911133
42.61198043823242 16.354156494140625
16.198610305786133 14.445215225219727
23.086952209472656 2.0469229221343994
15.412246704101562 -47.864051818847656
-1.0735563039779663 -62.81864547729492
-9.738665580749512 -67.40416717529297
-9.506484031677246 24.48195457458496
25.245258331298828 0.7160173654556274
8.902682304382324 -47.919979095458984
-11.430790901184082 24.788101196289062
-0.9616302251815796 21.372461318969727
8.417145729064941 -45.64524459838867
-3.5364248752593994 36.16243362426758
12.599137306213379 -49.022552490234375
-15.58173656463623 34.7774772644043
-7.304359436035156 -64.48921203613281
-21.1923770904541 35.56354522705078
6.6331868171691895 -7.654518127441406
2.7445526123046875 -41.65998077392578
9.957321166992188 -63.62160110473633
20.518505096435547 41.66874313354492
5.431848049163818 16.002824783325195
-13.265247344970703 -58.78123474121094
8.296130180358887 -42.0711784362793
5.263874530792236 43.022499084472656
8.430587768554688 -47.713016510009766
3.278801679611206 22.197765350341797
-5.05055570602417 44.51530456542969
-45.147090911865234 12.85986042022705
-36.98095703125 26.49591827392578
3.15929913520813 38.84797286987305
5.4260783195495605 41.585758209228516
44.82015609741211 33.136539459228516
-3.9347000122070312 40.22285842895508
25.871156692504883 -42.040218353271484
18.539186477661133 3.574158191680908
-12.965075492858887 26.612014770507812
19.56697654724121 12.075820922851562
-49.4042854309082 -36.305294036865234
7.080774784088135 -64.74903869628906
-41.835811614990234 -27.928251266479492
17.249713897705078 40.52080154418945
12.596031188964844 -5.326081275939941
40.26872253417969 17.667713165283203
-45.3235969543457 10.996102333068848
31.710895538330078 31.980148315429688
18.6404972076416 -5.060481071472168
-39.90026092529297 12.069231033325195
19.095462799072266 5.672660827636719
2.637460708618164 -48.3692741394043
34.381080627441406 34.291011810302734
20.427560806274414 46.31801223754883
-8.032607078552246 -62.46155548095703
-20.61478042602539 10.32982063293457
-13.97504711151123 15.889472961425781
29.23363494873047 19.132787704467773
-2.730300188064575 -56.77704620361328
-44.40047836303711 27.854633331298828
35.679012298583984 31.27866554260254
-25.13526153564453 11.614789962768555
-37.46404266357422 25.776594161987305
-38.766014099121094 18.055246353149414
26.205583572387695 22.124296188354492
-31.722211837768555 11.584029197692871
-13.153718948364258 34.11504364013672
-51.1796989440918 -34.60095977783203
31.278427124023438 -45.157203674316406
30.38658905029297 11.798439979553223
17.700824737548828 45.527381896972656
4.3584747314453125 45.23841857910156
3.104689836502075 -48.77973556518555
3.231229305267334 28.68406867980957
-12.163165092468262 -71.13241577148438
-27.123977661132812 19.78419303894043
29.618677139282227 -38.479671478271484
28.139789581298828 -38.12347412109375
31.88016700744629 13.81806468963623
38.32207107543945 21.75523567199707
-45.24323272705078 -23.343557357788086
27.74007797241211 2.0514562129974365
-17.5645809173584 34.55529022216797
34.276641845703125 48.63292694091797
-36.755611419677734 -28.58529281616211
25.401559829711914 13.046035766601562
29.66790771484375 -37.62861633300781
34.25430679321289 46.6330680847168
-27.24111557006836 7.777131080627441
-5.380806922912598 11.303027153015137
3.676565647125244 42.73398208618164
-3.2900495529174805 39.330570220947266
-1.962420105934143 -55.56492614746094
-31.0604190826416 -31.456449508666992
21.484636306762695 23.007694244384766
-21.984256744384766 34.93495178222656
21.006799697875977 33.54875564575195
-33.44414520263672 9.60041332244873
15.86721420288086 -50.50572204589844
26.25090980529785 30.349464416503906
28.20470428466797 20.967029571533203
-51.20000457763672 -30.149372100830078
-38.492523193359375 -21.41829490661621
33.87501525878906 48.18223571777344
36.97163009643555 46.88559341430664
25.13442039489746 11.910406112670898
18.76030921936035 5.435267448425293
-15.012998580932617 33.87324905395508
-15.453056335449219 27.304641723632812
-56.46915817260742 18.19088363647461
19.190004348754883 29.77036476135254
38.64988327026367 15.623557090759277
21.250059127807617 8.683963775634766
-13.795917510986328 24.44329071044922
21.768659591674805 38.135196685791016
21.653146743774414 45.476253509521484
-11.19388198852539 23.26585578918457
19.255563735961914 20.061626434326172
24.45099449157715 10.278694152832031
26.53970718383789 41.81608963012695
-9.199803352355957 15.245285034179688
23.564207077026367 7.82340145111084
-8.62158489227295 -70.75204467773438
3.8190720081329346 20.727142333984375
-12.68471622467041 17.865407943725586
-12.985372543334961 -72.41443634033203
18.747329711914062 -35.40925598144531
-18.710548400878906 32.314937591552734
-40.83810043334961 -30.114837646484375
10.848697662353516 -62.268680572509766
18.992395401000977 -55.62203598022461
30.01606559753418 12.233532905578613
18.50861358642578 -34.22661209106445
-42.59719467163086 -30.6204776763916
25.541767120361328 -0.909893274307251
10.652910232543945 -63.05558395385742
15.259786605834961 37.558963775634766
0.3202672302722931 -56.89638137817383
-8.322800636291504 -63.35411071777344
-19.888673782348633 36.17802047729492
-48.39286422729492 28.34293556213379
2.033389091491699 -7.520054817199707
13.13478946685791 35.22712707519531
32.323246002197266 19.523283004760742
36.96575164794922 22.909442901611328
-12.709298133850098 -71.73049926757812
20.025543212890625 -56.377620697021484
37.28963851928711 46.9312629699707
1.8535950183868408 -50.303123474121094
13.629048347473145 -46.96425247192383
2.074733018875122 10.08812427520752
28.524219512939453 0.3520039916038513
28.468416213989258 -37.65473556518555
-8.656914710998535 27.103553771972656
46.6059684753418 31.179847717285156
9.140131950378418 -64.07095336914062
-16.089256286621094 14.431761741638184
-8.557872772216797 -65.34608459472656
9.840367317199707 -41.9968147277832
-34.780147552490234 -26.99721908569336
-34.42484664916992 -30.421432495117188
30.663740158081055 19.81928825378418
-40.245845794677734 14.616177558898926
4.1099958419799805 -46.9157829284668
21.95551872253418 -29.45524024963379
14.242361068725586 37.74834060668945
-48.03825378417969 17.036670684814453
-3.2724523544311523 39.754844665527344
19.8713321685791 21.255268096923828
35.819480895996094 31.49118995666504
-51.05946350097656 19.96987533569336
-55.17266082763672 -24.0179386138916
33.03279113769531 45.9119758605957
17.014429092407227 47.985023498535156
5.970854759216309 -7.4062957763671875
23.496929168701172 3.7413344383239746
-41.24275588989258 -19.420997619628906
17.56679344177246 33.99207305908203
-6.620490074157715 -62.75124740600586
-7.4625349044799805 -61.235782623291016
-41.22365188598633 -27.476404190063477
11.126259803771973 -63.3055419921875
12.08885383605957 -48.89812088012695
4.446560859680176 -60.47557067871094
-38.80350112915039 -22.95888328552246
-3.6041715145111084 43.161956787109375
2.503523349761963 38.05940628051758
-8.135892868041992 25.760765075683594
11.942427635192871 -41.67531204223633
34.332313537597656 45.001853942871094
36.37192153930664 46.321495056152344
-37.1674690246582 -17.274372100830078
-7.834985733032227 11.04533576965332
18.066144943237305 -34.27598571777344
-48.50673294067383 18.52924919128418
0.5920466780662537 -43.248287200927734
6.961087703704834 19.96101951599121
-11.622321128845215 14.911782264709473
5.860339641571045 9.201029777526855
14.999105453491211 -7.657349586486816
13.000168800354004 38.54684829711914
2.4449944496154785 -5.504439830780029
-0.9547848105430603 -51.83835983276367
-24.497404098510742 -16.835220336914062
-26.81755256652832 -24.04580307006836
34.78804016113281 32.194087982177734
20.9979305267334 49.386871337890625
21.199548721313477 37.607688903808594
22.73295783996582 -52.82184982299805
12.959077835083008 -44.102516174316406
38.08551788330078 46.20561981201172
42.88321304321289 21.78705596923828
-51.07353591918945 -30.77372169494629
-27.417665481567383 -17.85710906982422
2.8788540363311768 -50.99843978881836
-13.558046340942383 -58.73797607421875
-44.957847595214844 25.45159149169922
-8.497274398803711 13.936188697814941
-17.725221633911133 15.773728370666504
-7.344176769256592 -70.76966857910156
28.288009643554688 -50.8128547668457
-20.519527435302734 26.196077346801758
-45.91233444213867 29.725460052490234
17.90689468383789 -36.50312423706055
-38.19667053222656 -17.929046630859375
-4.251173973083496 43.0634651184082
-25.936281204223633 -15.560532569885254
-34.27782440185547 30.12720489501953
17.034276962280273 -0.05430437624454498
4.16980504989624 -8.911309242248535
-14.791836738586426 25.11709213256836
4.517602443695068 8.742908477783203
-10.740830421447754 22.371084213256836
19.3769474029541 40.54631805419922
12.059490203857422 -49.359764099121094
-53.58591079711914 21.493179321289062
25.677005767822266 23.641218185424805
24.728187561035156 -42.98211669921875
22.352848052978516 49.68489456176758
-43.16681671142578 28.805904388427734
-1.7633496522903442 -54.902767181396484
27.43705177307129 -34.690582275390625
26.401840209960938 51.1547737121582
42.412208557128906 44.2017936706543
24.458059310913086 29.427959442138672
-41.03812789916992 -32.94969177246094
3.131533622741699 19.642499923706055
-45.99072265625 26.468351364135742
-49.64820861816406 -27.368778228759766
-33.479881286621094 -16.305173873901367
-2.235445261001587 43.2337646484375
-51.781829833984375 -24.106855392456055
0.7892499566078186 29.750789642333984
-27.225353240966797 -23.79053497314453
12.718375205993652 -4.131167411804199
32.21357345581055 48.702964782714844
31.949804306030273 -46.09587860107422
-24.888715744018555 28.803977966308594
18.617124557495117 -44.29383087158203
-33.37959671020508 26.613065719604492
-13.095504760742188 -71.09130096435547
20.42980194091797 -32.81326675415039
-1.158776044845581 -43.68967819213867
0.9818625450134277 31.748119354248047
-9.661870956420898 14.255291938781738
17.114910125732422 -57.836029052734375
-39.988101959228516 10.467143058776855
24.318866729736328 12.249070167541504
17.410072326660156 -59.616058349609375
20.511056900024414 19.57387924194336
6.818289279937744 -62.3835563659668
-1.981192708015442 43.5911979675293
-10.805532455444336 24.884620666503906
26.64972686767578 50.31387710571289
44.34768295288086 32.87049102783203
-43.78589630126953 16.30172348022461
32.24627685546875 -47.41259002685547
46.138275146484375 27.993844985961914
6.525338172912598 -40.17867660522461
-19.81290626525879 15.017147064208984
-13.961442947387695 -72.11455535888672
34.010318756103516 34.47743606567383
-41.8740234375 28.218469619750977
-36.285587310791016 17.832767486572266
15.341052055358887 -56.271888732910156
-16.493009567260742 15.863211631774902
-54.32576370239258 -24.38407325744629
-46.80592346191406 -24.72323989868164
12.605568885803223 -50.04645919799805
28.041383743286133 24.10120391845703
23.016130447387695 -3.6608898639678955
-14.252388000488281 22.98028564453125
-47.642154693603516 -23.31179428100586
-11.239567756652832 -58.11290740966797
15.316795349121094 8.366534233093262
-6.075150012969971 -44.98516845703125
24.811182022094727 -51.666316986083984
22.238739013671875 9.851018905639648
5.777637958526611 19.545188903808594
14.543405532836914 7.657024383544922
21.52469825744629 -58.388065338134766
6.041593074798584 44.68818664550781
23.28874969482422 44.35892868041992
29.310588836669922 40.5955696105957
3.6390013694763184 -42.63298416137695
-3.355753183364868 -64.42234802246094
15.657708168029785 -55.81721496582031
36.02097702026367 32.83668899536133
-39.92311096191406 -20.902379989624023
-27.691238403320312 -27.571456909179688
-28.529882431030273 -26.83292007446289
-27.479406356811523 -26.390138626098633
-6.82013463973999 10.675215721130371
-8.011817932128906 -61.675804138183594
-55.871761322021484 -27.37002944946289
-7.352974891662598 14.646233558654785
19.037240982055664 31.17416000366211
21.78957176208496 -29.837093353271484
21.445791244506836 -33.827857971191406
24.66649055480957 17.815675735473633
-7.357189655303955 26.320341110229492
28.02980613708496 2.7722346782684326
32.86277770996094 30.981786727905273
-13.92292308807373 21.649385452270508
8.122888565063477 -65.12430572509766
-0.5012000203132629 -54.05403518676758
21.978395462036133 3.9669127464294434
6.579484462738037 9.034469604492188
-13.586666107177734 30.44462776184082
18.495803833007812 18.591888427734375
17.51870346069336 -51.94255065917969
-54.488677978515625 21.135644912719727
17.45492172241211 -51.71308517456055
28.755586624145508 -33.916358947753906
-52.29042434692383 17.502363204956055
3.784386396408081 -53.518184661865234
13.17414665222168 4.3595733642578125
21.761089324951172 50.24557876586914
-14.271260261535645 -54.1743049621582
-7.711008071899414 11.233145713806152
20.594266891479492 34.00812911987305
-13.378952026367188 -54.785709381103516
23.38680648803711 -0.9438381195068359
-50.6846923828125 -23.922977447509766
-13.947157859802246 -58.89509201049805
-46.26233673095703 -23.26706886291504
-42.01264953613281 5.894083023071289
16.79252052307129 10.450872421264648
-18.135387420654297 14.984851837158203
-17.919824600219727 16.805377960205078
-8.978017807006836 24.45741081237793
22.986141204833984 36.6724967956543
4.6181159019470215 45.70774459838867
22.15751838684082 30.235084533691406
24.517927169799805 30.44479751586914
22.80599021911621 -3.953968048095703
22.339712142944336 29.796680450439453
17.93181610107422 -2.975144863128662
-52.712074279785156 22.82316780090332
-14.15705680847168 23.562488555908203
23.159196853637695 29.708641052246094
43.63425064086914 31.91631507873535
-15.627005577087402 29.938560485839844
12.413548469543457 -6.709691524505615
13.831616401672363 13.335416793823242
-19.697154998779297 31.009614944458008
22.994043350219727 21.644731521606445
41.21694564819336 29.615489959716797
34.28922653198242 25.39228630065918
31.937150955200195 -34.40879440307617
5.167201995849609 43.21257400512695
42.39007568359375 25.2403621673584
-2.8892762660980225 39.896244049072266
-33.823936462402344 31.32045555114746
-33.491336822509766 16.930028915405273
7.68065071105957 -64.25762176513672
-4.781999588012695 9.501007080078125
-39.97093963623047 13.990744590759277
-51.80386734008789 21.5537166595459
-53.61835861206055 19.736143112182617
31.403993606567383 14.934110641479492
-23.043994903564453 32.4735107421875
27.72804069519043 -39.227359771728516
-46.046634674072266 29.78590202331543
4.939858913421631 -60.50613021850586
39.77262496948242 16.220226287841797
-23.791545867919922 -16.533641815185547
22.685375213623047 19.719194412231445
19.28547477722168 21.356403350830078
-13.88752269744873 -71.77411651611328
34.5190315246582 18.78333282470703
-32.37190246582031 10.282697677612305
3.544776201248169 38.704261779785156
30.26407241821289 -39.597740173339844
-25.723621368408203 8.803357124328613
3.0348472595214844 39.99818801879883
2.7526955604553223 -8.313758850097656
-26.04442596435547 -16.23243522644043
24.434877395629883 31.514907836914062
5.803847312927246 -54.8117561340332
-3.6290156841278076 18.992618560791016
19.67156982421875 7.02111291885376
22.19239044189453 51.24243927001953
20.16205596923828 -34.89596939086914
-3.6567699909210205 41.85697937011719
-25.224353790283203 -16.022706985473633
17.15012550354004 46.02977752685547
-52.19614028930664 21.438270568847656
29.123001098632812 19.13745880126953
-34.791324615478516 -28.805423736572266
-8.202699661254883 22.66526985168457
-48.167545318603516 29.529399871826172
25.794662475585938 31.085004806518555
23.754596710205078 -1.0423115491867065
-40.603797912597656 -29.6507625579834
18.680538177490234 -41.93637466430664
10.667280197143555 -63.80228042602539
-13.360092163085938 -60.42567825317383
19.714475631713867 -3.621558427810669
16.849302291870117 -58.042049407958984
19.067716598510742 42.46163558959961
-25.44089698791504 -16.275596618652344
28.18048095703125 -50.754940032958984
30.641672134399414 39.29856491088867
31.330862045288086 12.734291076660156
24.098722457885742 17.983776092529297
28.994382858276367 2.239642858505249
-38.669525146484375 -19.248043060302734
18.754886627197266 3.934278964996338
-13.345307350158691 26.03622055053711
23.102632522583008 -35.090576171875
-34.823184967041016 30.242774963378906
11.864079475402832 40.82814025878906
-17.213953018188477 23.835805892944336
35.315120697021484 34.50617218017578
-7.3841753005981445 10.842796325683594
-1.4390908479690552 -62.56209182739258
-12.618888854980469 -71.9250717163086
20.752897262573242 32.66120147705078
-24.31855583190918 25.801790237426758
43.630592346191406 35.78323745727539
6.580841541290283 -45.7536506652832
21.271297454833984 -33.165645599365234
30.56917381286621 -45.95542907714844
-28.728321075439453 14.496204376220703
19.11701774597168 6.424421310424805
30.641075134277344 -48.08474349975586
23.60647964477539 -0.8786053657531738
16.57763671875 -36.45375442504883
22.953449249267578 54.287498474121094
3.529472827911377 22.633298873901367
17.786664962768555 -54.657958984375
-23.644826889038086 16.822303771972656
4.546938419342041 -49.99412155151367
-37.557762145996094 -26.522201538085938
17.431495666503906 -44.96791076660156
20.688926696777344 -2.7242465019226074
25.995126724243164 27.435321807861328
-3.2827489376068115 20.393808364868164
-47.0222053527832 12.864218711853027
33.2896728515625 13.463680267333984
22.487335205078125 14.998296737670898
-36.72892379760742 -16.68645477294922
5.732525825500488 -41.715240478515625
10.59415054321289 39.09265899658203
41.587364196777344 44.50711441040039
-20.81060791015625 26.849973678588867
-39.3509407043457 -25.580442428588867
-5.654632568359375 17.241539001464844
29.890100479125977 -46.515586853027344
32.694400787353516 -45.04362487792969
7.483725547790527 -63.032772064208984
7.888084888458252 14.832650184631348
3.3010811805725098 -51.934783935546875
-26.676794052124023 16.685691833496094
14.32867431640625 -46.801692962646484
-17.423885345458984 16.15160369873047
19.09185028076172 40.39774703979492
-38.56399917602539 27.4137020111084
2.9902234077453613 -6.893710136413574
-27.29330825805664 -23.546253204345703
-49.57033920288086 -21.687294006347656
-5.547482967376709 -60.03702163696289
24.34612464904785 2.0078539848327637
41.513824462890625 43.747318267822266
17.817119598388672 -59.24284744262695
28.797054290771484 -47.12668228149414
-33.92980194091797 30.394731521606445
-1.2782726287841797 25.107032775878906
18.56740379333496 -4.659547328948975
-13.182811737060547 15.459417343139648
18.17703628540039 19.091276168823242
17.716394424438477 44.142616271972656
19.308679580688477 9.047409057617188
-37.95729446411133 17.254854202270508
-42.69143295288086 -24.986221313476562
-3.4021975994110107 40.015987396240234
17.160682678222656 27.013301849365234
-18.009685516357422 14.637906074523926
5.699273109436035 -6.8280558586120605
4.533599853515625 -52.65766525268555
-37.969295501708984 10.532885551452637
1.062287449836731 46.51397705078125
5.351135730743408 -48.36798858642578
28.85906982421875 1.5111788511276245
-35.167449951171875 -19.988428115844727
-35.764835357666016 28.196645736694336
-41.1515007019043 -34.361907958984375
-16.224206924438477 -67.79499816894531
29.118295669555664 -1.4843930006027222
-40.10212707519531 27.549022674560547
3.006112813949585 45.53517150878906
17.57897186279297 0.2786414325237274
20.863502502441406 20.329662322998047
24.9928035736084 4.035646915435791
29.94774055480957 -39.318756103515625
6.606781959533691 20.517133712768555
-14.109705924987793 34.066123962402344
43.696075439453125 35.66798782348633
-42.157012939453125 30.076366424560547
25.986122131347656 42.46230697631836
1.717786192893982 -8.385717391967773
-12.406791687011719 35.12958908081055
-47.394012451171875 27.01123809814453
22.405168533325195 -5.298193454742432
-8.300389289855957 -70.76754760742188
8.8650484085083 23.959054946899414
31.225431442260742 48.91621017456055
14.125731468200684 -0.2632189989089966
-13.589444160461426 17.662832260131836
41.0100212097168 44.3936653137207
-39.97220230102539 27.046367645263672
28.45555877685547 39.08823013305664
13.071859359741211 -4.774101257324219
-53.486175537109375 18.849735260009766
27.306772232055664 1.2767324447631836
-23.202653884887695 18.725088119506836
11.40022087097168 41.30360794067383
18.518766403198242 -55.494876861572266
-9.437135696411133 -66.40919494628906
-47.51842498779297 -30.201494216918945
6.990017890930176 -39.7805061340332
18.357240676879883 -37.262210845947266
-39.4584846496582 17.7547550201416
18.6130428314209 37.89616394042969
29.3394775390625 21.330135345458984
-2.2568306922912598 37.963321685791016
10.198860168457031 41.41162109375
36.87560272216797 14.41508960723877
28.260452270507812 49.150081634521484
22.271486282348633 -59.11454772949219
24.157238006591797 49.05084991455078
-36.122737884521484 -16.930959701538086
-47.04991912841797 -22.345792770385742
17.429969787597656 -0.598738431930542
29.57949447631836 -40.15593338012695
7.716411113739014 -6.701799392700195
-0.8390317559242249 -43.147003173828125
-16.229290008544922 -56.882389068603516
22.238826751708984 3.9514071941375732
-45.671024322509766 25.802547454833984
42.91124725341797 30.556297302246094
5.97326135635376 -65.27149200439453
-36.813419342041016 -28.335390090942383
3.440871477127075 -43.9044189453125
-29.788503646850586 -24.625516891479492
-14.1937837600708 16.33853530883789
-15.466938972473145 15.009528160095215
-9.690997123718262 16.896820068359375
-25.930431365966797 -27.42401123046875
29.858388900756836 27.391246795654297
-44.274864196777344 14.162629127502441
-44.71622085571289 15.10988712310791
16.07670021057129 6.060580730438232
-50.36956787109375 -30.04568099975586
2.1961936950683594 -5.94498348236084
-15.235282897949219 34.04891586303711
21.242877960205078 50.171756744384766
17.01894187927246 5.285404682159424
28.427793502807617 -47.36593246459961
-14.13713550567627 25.327524185180664
15.324588775634766 -38.11387634277344
27.158628463745117 4.0377607345581055
8.638093948364258 -39.77956008911133
-20.790544509887695 10.722780227661133
19.974143981933594 -32.84699630737305
-35.99886703491211 -15.601250648498535
15.085409164428711 1.9639313220977783
6.466089725494385 -39.63682174682617
12.43217658996582 -62.05838394165039
-49.14434051513672 -22.18967628479004
6.492419719696045 -39.75748062133789
11.15731143951416 40.503868103027344
-45.011478424072266 31.445566177368164
-28.659282684326172 9.173483848571777
-52.93914031982422 18.332969665527344
21.598066329956055 26.592967987060547
18.046138763427734 -36.084957122802734
-46.95888137817383 27.374683380126953
-21.602705001831055 17.63970184326172
19.408462524414062 -61.77406311035156
-42.794986724853516 -31.3361873626709
-42.15160369873047 -28.991174697875977
-49.44485092163086 -21.242826461791992
6.700384616851807 44.29083251953125
-51.80547332763672 -33.85298156738281
9.988384246826172 -47.169036865234375
4.793431282043457 -43.702152252197266
25.206275939941406 49.3929557800293
-11.252537727355957 -69.27521514892578
43.04199981689453 23.000307083129883
-33.975215911865234 10.283225059509277
11.202849388122559 -7.05908727645874
-37.76869583129883 17.787996292114258
-24.831907272338867 18.020307540893555
8.472912788391113 -46.83951187133789
21.190011978149414 3.384464979171753
16.767446517944336 -44.23134994506836
-51.64609146118164 -31.38160514831543
-39.32099533081055 13.90725040435791
-27.528858184814453 -30.780393600463867
30.64647102355957 -43.1062126159668
32.78707504272461 46.1024169921875
-8.400449752807617 -63.21297836303711
20.255809783935547 16.09954833984375
7.151400089263916 -46.185569763183594
5.512440204620361 43.28724670410156
-48.50111770629883 11.978233337402344
25.756065368652344 -38.26502990722656
-2.5066683292388916 42.51970291137695
11.655449867248535 -43.39972686767578
-34.258548736572266 12.637843132019043
-38.789276123046875 21.60607147216797
-11.151511192321777 13.637655258178711
-11.392998695373535 10.499622344970703
25.596269607543945 47.18068313598633
2.551906108856201 43.2684211730957
-20.801616668701172 28.863832473754883
21.30521011352539 19.21109962463379
5.824291706085205 -42.46669006347656
-26.272960662841797 8.281414031982422
-15.056984901428223 16.756132125854492
22.29418182373047 22.738618850708008
23.572959899902344 43.04151916503906
25.602123260498047 19.453449249267578
8.232744216918945 -43.27378463745117
-15.884831428527832 20.129072189331055
16.733583450317383 -34.461463928222656
-21.35813331604004 33.517372131347656
11.683246612548828 8.983256340026855
35.70055389404297 35.36238098144531
26.380634307861328 3.335237503051758
-6.692439079284668 -59.56000900268555
8.781453132629395 41.85143280029297
8.410201072692871 -64.43770599365234
2.2754428386688232 -51.258384704589844
-47.289039611816406 29.312122344970703
17.68906593322754 49.31813430786133
-42.48710250854492 -32.09043502807617
3.6080169677734375 -41.079689025878906
11.289671897888184 -42.71702575683594
6.032686233520508 42.94827651977539
26.920791625976562 28.373310089111328
-17.8201904296875 31.87922477722168
5.057888507843018 20.50005340576172
-23.938846588134766 -28.315282821655273
-21.089609146118164 18.975034713745117
4.446239471435547 -6.933078765869141
29.753101348876953 -48.54854965209961
-38.597679138183594 19.410289764404297
30.122161865234375 21.115224838256836
-40.14420700073242 -30.414491653442383
35.691280364990234 34.98382568359375
-8.641246795654297 -60.67891311645508
4.954970359802246 -8.772473335266113
21.079524993896484 48.60795974731445
17.688127517700195 35.08156967163086
19.173337936401367 19.003870010375977
-49.6993522644043 -21.60816192626953
-33.849143981933594 10.220651626586914
-39.374427795410156 -19.724050521850586
-40.64937973022461 27.716989517211914
-51.255714416503906 16.621797561645508
-3.9952750205993652 42.94899368286133
-43.56827163696289 -25.656997680664062
18.13180923461914 4.4219970703125
10.288627624511719 -62.86747360229492
14.375819206237793 0.12367165833711624
19.201169967651367 -54.31612777709961
-16.432235717773438 -69.29269409179688
-26.094505310058594 -25.117961883544922
-17.236309051513672 23.786643981933594
-2.6523094177246094 42.00815200805664
34.989280700683594 33.79241180419922
-38.430908203125 26.294391632080078
-18.103424072265625 36.281986236572266
-38.36568832397461 18.012142181396484
-46.80072784423828 16.986013412475586
8.847860336303711 -48.261898040771484
3.679476261138916 27.544178009033203
34.940914154052734 46.35076141357422
-26.21550750732422 19.758258819580078
-3.1956183910369873 -42.403594970703125
1.8541522026062012 -54.619544982910156
45.587711334228516 26.72307586669922
21.039508819580078 -59.992393493652344
-15.89461898803711 32.609073638916016
21.93775749206543 -5.42139196395874
-47.51919937133789 -25.11549949645996
3.008317232131958 31.3866024017334
21.07481575012207 48.087677001953125
-36.00153350830078 -20.796432495117188
23.74579429626465 -41.896575927734375
7.120380401611328 -63.44798278808594
3.490013837814331 46.669803619384766
-29.399099349975586 7.531547546386719
35.32731628417969 47.16261672973633
30.25872802734375 -38.61753463745117
41.10621643066406 17.990541458129883
4.827754497528076 21.293886184692383
12.452863693237305 -6.9671783447265625
26.933189392089844 -1.4207382202148438
-2.1875994205474854 -41.50567626953125
-51.39059066772461 -31.304397583007812
13.423537254333496 -44.270389556884766
-41.87177276611328 13.965389251708984
20.938735961914062 -33.13059997558594
-32.4494743347168 -28.33121109008789
-47.55311965942383 13.110898971557617
3.75839900970459 -42.381412506103516
2.507262945175171 37.29350280761719
-4.164789199829102 18.61943244934082
-4.328946590423584 -42.2303352355957
7.118560314178467 -63.957664489746094
24.18283462524414 21.864816665649414
7.2122087478637695 -64.98653411865234
-25.590660095214844 9.012837409973145
36.76272964477539 30.527769088745117
20.78734016418457 -59.63176727294922
-29.349300384521484 6.529900074005127
35.09981918334961 18.814699172973633
-38.338985443115234 -15.088384628295898
-50.189720153808594 -17.439334869384766
19.122360229492188 -5.906781196594238
-13.830185890197754 26.320941925048828
26.673233032226562 50.39099884033203
7.006319999694824 15.485274314880371
-54.2160758972168 17.660768508911133
34.2177619934082 48.18241882324219
13.96821117401123 -52.72343826293945
-19.889944076538086 30.514232635498047
25.103349685668945 3.36903977394104
28.53133201599121 -39.655303955078125
20.49122428894043 -1.9580711126327515
-22.0599308013916 18.668455123901367
6.191441535949707 20.467666625976562
30.89493179321289 12.654023170471191
-15.989182472229004 15.393256187438965
42.433746337890625 45.4388542175293
-14.102007865905762 -72.49409484863281
-41.16133499145508 -26.20200538635254
-13.13052749633789 -72.04087829589844
25.105178833007812 12.06143856048584
3.8475911617279053 -48.210784912109375
25.624217987060547 -50.55805587768555
20.252094268798828 -33.54659652709961
30.08500099182129 16.94692039489746
41.11053466796875 46.88371276855469
5.585585117340088 -47.67781448364258
0.6634395718574524 -7.007962226867676
16.579299926757812 -6.57850456237793
-13.69677448272705 33.37541961669922
-3.8392395973205566 -43.276668548583984
-20.646358489990234 18.91631317138672
-48.0757942199707 27.614641189575195
4.012418270111084 21.78415298461914
-13.036120414733887 -69.48016357421875
-52.60947799682617 -32.05077362060547
-39.26205062866211 -33.38214111328125
-52.29602813720703 19.05194854736328
-12.577494621276855 14.876949310302734
8.129009246826172 13.688698768615723
-31.97762107849121 -29.258811950683594
14.606117248535156 7.083708763122559
29.540616989135742 -47.57585525512695
-36.7097053527832 -24.396121978759766
30.049741744995117 0.22833798825740814
11.32282829284668 -48.47608947753906
29.604501724243164 -0.2877865135669708
15.799509048461914 14.155592918395996
23.77482795715332 54.44089126586914
28.447803497314453 -35.25148391723633
-43.376190185546875 10.933311462402344
13.195832252502441 35.67961120605469
21.961570739746094 35.13228988647461
11.482918739318848 -49.70193862915039
-48.70790481567383 -29.767005920410156
28.677244186401367 49.195796966552734
-46.56437301635742 29.57634162902832
39.68907928466797 16.063772201538086
-37.09980773925781 -16.43268585205078
-1.848312497138977 19.520322799682617
7.855396270751953 -11.51522159576416
-55.24004364013672 19.326950073242188
18.77196502685547 -63.36084747314453
-33.31367111206055 18.048925399780273
-44.765625 -22.170671463012695
-19.499530792236328 34.12929153442383
16.770362854003906 47.418922424316406
22.224939346313477 -58.291053771972656
-38.12812423706055 10.524866104125977
37.389617919921875 45.985225677490234
31.89185905456543 47.11814880371094
20.13690757751465 45.866859436035156
21.674047470092773 27.404735565185547
-50.257598876953125 -26.486032485961914
-42.02202224731445 -24.240774154663086
-23.998044967651367 -14.010619163513184
-37.19407272338867 27.635908126831055
-18.23992347717285 36.51873779296875
-10.894241333007812 -66.64545440673828
43.910057067871094 23.00719451904297
40.54799270629883 44.93930435180664
20.735092163085938 -0.8871759176254272
-26.441495895385742 9.128240585327148
-49.168575286865234 9.496296882629395
23.431880950927734 44.57060623168945
-33.83651351928711 16.772798538208008
14.430229187011719 37.510345458984375
-23.59286880493164 22.13646125793457
3.7724432945251465 -51.63762283325195
-37.51176452636719 -17.55046272277832
21.773422241210938 9.30582332611084
-21.471744537353516 18.0485782623291
4.975800037384033 -7.177364349365234
-44.68178176879883 -23.441463470458984
13.106558799743652 -6.626706600189209
-32.59408950805664 -28.260263442993164
-46.16042709350586 -22.511489868164062
-40.33696746826172 30.628231048583984
-48.792938232421875 22.621706008911133
12.757131576538086 -48.84651565551758
-51.54327392578125 16.647762298583984
15.526130676269531 10.303248405456543
-39.32747268676758 -21.804351806640625
5.245105266571045 -9.66020393371582
-40.41453552246094 -33.01140594482422
14.680778503417969 9.336882591247559
8.402571678161621 20.09490203857422
-9.91616439819336 -66.61935424804688
31.682353973388672 -44.5968132019043
21.22395133972168 44.00394821166992
16.11638069152832 9.14362621307373
24.092683792114258 3.498307466506958
30.418983459472656 -42.575050354003906
-24.661151885986328 -26.081953048706055
21.12241554260254 8.433040618896484
9.10123348236084 41.63424301147461
-33.43193054199219 18.4985294342041
-15.492061614990234 25.50078582763672
-49.76190185546875 27.945816040039062
-41.21792221069336 14.625175476074219
1.960165023803711 46.385589599609375
-14.48343276977539 35.04943084716797
-15.84801197052002 -70.44071197509766
-8.375103950500488 -71.4106216430664
28.898311614990234 -37.46561813354492
-11.448999404907227 -68.7652587890625
-45.42170715332031 10.774477005004883
22.48927116394043 51.632320404052734
3.691894769668579 -10.25345230102539
-30.649389266967773 -26.963451385498047
4.0993332862854 23.020933151245117
2.121838331222534 30.555580139160156
-12.385968208312988 -73.63394927978516
27.8270206451416 -50.78126525878906
-13.495713233947754 23.022693634033203
-34.33231735229492 19.353065490722656
-0.7988723516464233 -63.1392707824707
-23.157337188720703 18.530336380004883
27.736568450927734 -35.04011154174805
22.120948791503906 51.79832458496094
-26.00163459777832 16.55670738220215
-17.34603500366211 16.17117691040039
-14.976953506469727 30.57535171508789
-41.699337005615234 11.487387657165527
-12.041851043701172 -70.85700988769531
25.847274780273438 12.295866966247559
-54.08146667480469 18.822010040283203
-27.088590621948242 -29.861574172973633
35.7238883972168 25.439777374267578
-51.80360794067383 -33.541717529296875
16.392398834228516 -63.40427780151367
-36.77125549316406 -21.256044387817383
19.373563766479492 -58.2689208984375
13.741060256958008 39.221736907958984
20.166563034057617 -50.20515441894531
40.94879913330078 47.582950592041016
46.04219055175781 29.2235107421875
-16.262588500976562 21.249177932739258
27.2458553314209 -41.9806022644043
-47.42768859863281 17.46792221069336
-9.529890060424805 20.5214900970459
-50.39104461669922 20.51403045654297
14.448575019836426 38.582984924316406
-38.21187973022461 19.89481544494629
18.72353172302246 -55.98085403442383
-52.2629508972168 18.451560974121094
-6.5279927253723145 -60.63243103027344
12.336502075195312 9.774133682250977
32.77499008178711 -43.066871643066406
1.7601765394210815 -6.4211320877075195
32.2774772644043 32.3066520690918
5.993139266967773 -60.81040573120117
-15.018959999084473 -71.83582305908203
-14.675622940063477 15.720250129699707
-14.303744316101074 -58.555606842041016
-42.269500732421875 -27.372474670410156
-13.83966064453125 24.06918716430664
-41.31589126586914 -17.853145599365234
-8.150221824645996 11.98445987701416
-52.7652587890625 23.4179630279541
22.325029373168945 51.0838623046875
23.379568099975586 46.81800842285156
-23.456167221069336 10.270174980163574
-25.78026580810547 -19.19752311706543
-29.159475326538086 9.199564933776855
33.564788818359375 31.22391128540039
-1.1354554891586304 -67.73217010498047
-19.81697654724121 17.033222198486328
29.497478485107422 -48.34749984741211
24.57693862915039 19.513587951660156
31.705360412597656 48.843101501464844
-1.4657764434814453 -61.481201171875
29.57793617248535 19.334054946899414
3.2565982341766357 -9.462754249572754
-3.318686008453369 -66.94544982910156
0.3552320897579193 30.622207641601562
26.70507049560547 25.23103141784668
3.9362406730651855 -44.56463623046875
-48.786338806152344 -29.812732696533203
20.509925842285156 3.7848093509674072
-29.819202423095703 -32.774959564208984
19.50724983215332 -5.0782623291015625
41.45189666748047 21.070362091064453
-44.98493194580078 14.888374328613281
29.782304763793945 17.978363037109375
-5.406075954437256 -42.187530517578125
-41.71649932861328 6.715444564819336
-5.077604293823242 -58.86008071899414
5.212785243988037 21.80811882019043
17.46527862548828 -44.68524932861328
-43.229820251464844 -29.66293716430664
17.884803771972656 -44.380577087402344
21.613059997558594 43.820308685302734
-1.6608644723892212 25.614994049072266
-21.92157554626465 18.491323471069336
-14.701469421386719 23.458660125732422
7.6711320877075195 18.692832946777344
-53.3807258605957 18.387929916381836
-40.509952545166016 10.388103485107422
-8.460545539855957 15.442741394042969
-24.656837463378906 28.556669235229492
-33.84872817993164 16.513919830322266
-14.291768074035645 -54.341064453125
20.80068588256836 -59.2505989074707
20.727149963378906 -3.731715679168701
25.946407318115234 26.295190811157227
0.44363799691200256 -6.754281044006348
-23.91805648803711 -15.225198745727539
-3.915884256362915 19.318675994873047
24.534564971923828 31.445463180541992
-23.598697662353516 22.176170349121094
34.98831558227539 25.447206497192383
19.355531692504883 -36.720855712890625
14.428173065185547 39.19468307495117
-37.741458892822266 28.425884246826172
2.536278009414673 -40.542015075683594
-33.600440979003906 -22.0400447845459
-20.37415885925293 25.7763671875
33.33559799194336 26.1295108795166
-37.37886428833008 -18.589372634887695
37.579742431640625 21.750240325927734
-25.237985610961914 -25.30898094177246
22.400053024291992 -4.3795599937438965
31.203460693359375 23.57072639465332
-44.4871940612793 -25.54916000366211
18.886703491210938 -2.5930800437927246
15.860876083374023 0.8202613592147827
-45.23236846923828 17.50714683532715
-1.224172592163086 -67.68968963623047
32.93142318725586 12.393206596374512
2.023451566696167 24.107114791870117
-46.638065338134766 25.30967140197754
-8.39394760131836 -60.51538848876953
25.646392822265625 -51.66412353515625
-37.02775573730469 -24.24690818786621
15.803980827331543 -54.90910339355469
31.444509506225586 -45.56665802001953
-7.491176605224609 -60.402645111083984
22.494369506835938 -33.34870529174805
-20.580081939697266 27.14366340637207
-24.04953956604004 -18.297914505004883
27.610904693603516 27.443737030029297
33.32686996459961 26.775985717773438
17.784595489501953 30.021955490112305
29.057235717773438 -48.663124084472656
-2.948220729827881 -56.46946716308594
-24.103342056274414 27.727008819580078
17.251144409179688 -53.75170135498047
42.5204963684082 39.752685546875
-7.318612575531006 -64.81343841552734
-14.696098327636719 -57.211055755615234
-24.374391555786133 18.74561309814453
10.341470718383789 40.45579147338867
-47.29621124267578 -24.233013153076172
42.30754470825195 20.733936309814453
1.6558876037597656 44.14038848876953
-50.300048828125 22.182443618774414
-36.04269790649414 -18.937257766723633
18.409812927246094 43.814239501953125
28.163217544555664 39.911319732666016
14.029691696166992 -5.156727313995361
0.5436645150184631 48.260555267333984
17.514747619628906 -39.27606201171875
5.812624454498291 -11.995208740234375
-12.19903564453125 33.85962677001953
12.643840789794922 -38.289180755615234
20.99295997619629 4.181394100189209
36.69981002807617 30.49655532836914
-35.26713562011719 -26.52887725830078
21.681915283203125 18.09070587158203
-4.791306495666504 11.31200122833252
19.442598342895508 -61.268985748291016
-0.08883845061063766 43.69829177856445
25.312204360961914 -0.537939190864563
16.294050216674805 -6.321556568145752
-24.506425857543945 26.386945724487305
-11.407544136047363 -72.58870697021484
22.762779235839844 -55.534854888916016
19.98979377746582 -35.41350173950195
28.842132568359375 -42.93980026245117
22.4598331451416 22.39807891845703
-8.413020133972168 -64.22471618652344
-35.265892028808594 -26.099567413330078
19.907392501831055 42.670372009277344
42.22707748413086 21.880931854248047
-51.002296447753906 22.654111862182617
0.5892906188964844 24.25834846496582
26.754682540893555 -42.74589538574219
14.226387023925781 28.661380767822266
3.191859722137451 38.61028289794922
35.787742614746094 20.683780670166016
43.378116607666016 23.496856689453125
-47.69335174560547 24.060821533203125
22.849857330322266 35.767578125
-36.785579681396484 -17.525619506835938
-8.633813858032227 -69.87451171875
-34.454715728759766 -26.233686447143555
-8.980178833007812 -70.02159118652344
-5.970771789550781 9.405582427978516
-32.081939697265625 -22.51905632019043
19.948564529418945 -2.784322500228882
0.8092652559280396 31.022518157958984
-31.84253692626953 -28.261972427368164
42.28708267211914 25.42316246032715
17.4852294921875 5.068954944610596
12.753828048706055 -3.805109977722168
21.537508010864258 -57.040279388427734
-3.7784364223480225 -54.758460998535156
-47.185333251953125 11.91816520690918
-10.83713436126709 -58.414146423339844
20.630918502807617 8.827315330505371
15.280351638793945 39.60761260986328
-49.76327133178711 14.428950309753418
17.528369903564453 6.110279083251953
27.08595085144043 1.9414420127868652
-8.390048027038574 -55.68071746826172
-40.69321060180664 -34.92915725708008
-51.2708740234375 -34.67872619628906
-47.08696365356445 -22.63977813720703
45.0890998840332 27.9178409576416
20.392101287841797 21.40692710876465
-48.863529205322266 -29.10612678527832
-47.119140625 -27.32392692565918
-49.66592788696289 -24.28359603881836
25.47626495361328 -41.601600646972656
32.23307800292969 -38.237178802490234
21.90625762939453 -57.06636428833008
-27.25244140625 -22.30927848815918
-10.119512557983398 -66.8558578491211
-28.065540313720703 8.846413612365723
40.59225082397461 19.456851959228516
18.854259490966797 -53.433494567871094
-32.56925964355469 10.436067581176758
-52.541664123535156 20.042638778686523
28.718708038330078 38.70859909057617
-27.016538619995117 -17.402069091796875
32.30571365356445 13.979620933532715
-8.21739673614502 -63.86664581298828
-10.350103378295898 23.959484100341797
-46.24785614013672 12.946168899536133
-23.025678634643555 10.422391891479492
27.775060653686523 49.347084045410156
27.406349182128906 -51.961917877197266
-13.458837509155273 16.573429107666016
-2.3230960369110107 -56.18804168701172
7.917877197265625 14.818524360656738
4.384059906005859 -52.03789520263672
44.87080764770508 32.85995864868164
-20.248069763183594 33.785369873046875
1.9131708145141602 -55.683753967285156
-18.03395652770996 33.95909881591797
14.419946670532227 8.440933227539062
-40.8336181640625 -24.52294158935547
-51.43930435180664 -29.954748153686523
-20.952083587646484 17.478647232055664
-45.82954025268555 -23.557811737060547
-18.391389846801758 33.793270111083984
25.068714141845703 -42.424015045166016
26.914461135864258 -1.4548205137252808
8.054610252380371 -8.178285598754883
-25.9971923828125 -16.03823471069336
16.747344970703125 -50.059288024902344
33.19717788696289 13.309879302978516
-54.7017707824707 17.841699600219727
6.7556633949279785 16.190000534057617
22.17341423034668 -33.58137130737305
3.325711250305176 39.0882682800293
17.088289260864258 27.0212459564209
-11.269061088562012 12.478039741516113
2.3437693119049072 -43.9688835144043
29.321889877319336 27.719444274902344
23.431962966918945 31.585851669311523
12.977954864501953 -40.75654602050781
-56.396846771240234 17.994537353515625
-43.63901901245117 29.37334632873535
-11.419785499572754 -69.58690643310547
-25.462936401367188 -15.574872970581055
19.169851303100586 -5.387095928192139
11.443812370300293 -63.38911437988281
36.28064727783203 47.27024459838867
46.932594299316406 27.146076202392578
-8.511420249938965 19.21242904663086
21.098665237426758 2.621908664703369
-40.39617156982422 -31.6823673248291
-18.598257064819336 32.07859420776367
23.155254364013672 37.21860885620117
12.512201309204102 27.98035430908203
-6.682666778564453 -61.0814323425293
21.43415069580078 38.21120834350586
1.546521544456482 -6.297907829284668
24.874465942382812 -47.421268463134766
14.550134658813477 -6.085555553436279
46.15366744995117 28.043212890625
-0.7197576761245728 -56.39786911010742
-35.5507926940918 30.51625633239746
-29.835018157958984 -24.423498153686523
0.03921956941485405 44.88192367553711
-46.20669174194336 -25.08990478515625
31.97279930114746 -43.50080108642578
26.594200134277344 -49.633731842041016
-1.2035069465637207 -55.53524398803711
-6.047961711883545 -45.11980438232422
-19.433317184448242 17.4306640625
-42.36386489868164 16.80864906311035
4.4817399978637695 -5.861752510070801
-37.927818298339844 18.657087326049805
-12.13650894165039 14.438955307006836
27.50108528137207 4.168734073638916
12.213329315185547 29.333044052124023
23.505157470703125 -39.06299591064453
27.1899471282959 0.7445924878120422
-55.73992919921875 23.418737411499023
-38.14656448364258 -21.80656623840332
-0.38187751173973083 24.68096351623535
30.510011672973633 -43.62492370605469
-22.820634841918945 -16.448305130004883
17.853113174438477 -55.03629684448242
6.3513593673706055 -54.441654205322266
28.036006927490234 3.2689337730407715
-38.441280364990234 26.25724983215332
13.823914527893066 7.8874969482421875
-20.49639892578125 28.830453872680664
21.243385314941406 36.35004425048828
28.94315528869629 -46.97012710571289
3.522738218307495 44.579288482666016
6.643997669219971 -60.32058334350586
19.457284927368164 -5.597659111022949
-26.981609344482422 9.348469734191895
-43.305755615234375 -21.638856887817383
-0.8899359703063965 -59.043243408203125
27.707759857177734 -37.49870300292969
38.10981750488281 41.032554626464844
-36.41404724121094 -26.31963348388672
-49.1306037902832 27.969799041748047
17.811004638671875 6.400050163269043
-26.990604400634766 -27.062110900878906
-6.653962135314941 -65.34996795654297
19.801319122314453 38.367916107177734
-41.33388900756836 -25.352962493896484
14.173714637756348 -62.80426788330078
2.962831735610962 -49.178157806396484
-29.247909545898438 -32.207271575927734
-41.33599090576172 -29.067123413085938
11.960246086120605 -6.223395347595215
-24.690948486328125 18.080245971679688
19.311735153198242 39.41836929321289
12.807478904724121 -49.017127990722656
8.613057136535645 -54.23988723754883
10.425055503845215 -62.308650970458984
24.909832000732422 15.075735092163086
6.23279333114624 9.936471939086914
13.167019844055176 28.61094856262207
20.2657527923584 35.922332763671875
1.825747013092041 -55.23207473754883
-11.369683265686035 -60.15769958496094
-14.941243171691895 29.633705139160156
30.388235092163086 21.8319149017334
23.096548080444336 26.280515670776367
46.445430755615234 29.66114044189453
31.012908935546875 -45.58625793457031
24.243030548095703 37.68625259399414
18.475868225097656 -62.772674560546875
-13.854659080505371 26.481670379638672
-50.882476806640625 -17.362730026245117
30.723703384399414 -47.001747131347656
2.260563373565674 34.52925491333008
-3.089317560195923 -58.78318786621094
4.790192127227783 44.94691467285156
22.23699951171875 -51.96802520751953
-39.688961029052734 -20.923864364624023
-40.935482025146484 13.515040397644043
-42.0468864440918 13.484915733337402
31.73904800415039 -45.43535232543945
-20.430479049682617 34.862186431884766
-44.86458969116211 13.392101287841797
-7.600043773651123 -54.90286636352539
27.360748291015625 23.467763900756836
-8.528881072998047 -56.298648834228516
3.0083210468292236 -6.529572010040283
8.559351921081543 14.272156715393066
-16.29391098022461 -68.03182220458984
33.54915237426758 31.9864444732666
26.52785873413086 -37.63339614868164
15.34267807006836 9.852767944335938
-34.91524124145508 30.10844612121582
-37.26514434814453 17.49793243408203
20.749021530151367 37.51114273071289
0.700464129447937 -57.30129623413086
24.518123626708984 1.8514426946640015
3.0456292629241943 -8.50243854522705
3.731374979019165 -3.809763193130493
21.340803146362305 -58.576438903808594
-51.304039001464844 20.716724395751953
5.079116344451904 -53.64707946777344
25.016098022460938 -3.3615190982818604
-51.7708854675293 -34.19486618041992
-0.37283897399902344 20.544095993041992
-45.48316192626953 13.168059349060059
-15.359621047973633 -70.5779037475586
-24.42707633972168 -16.020240783691406
-11.338175773620605 -59.88017654418945
17.619586944580078 47.30553436279297
-48.68734359741211 -29.983125686645508
-18.46563720703125 34.40361404418945
-36.33454132080078 -15.734634399414062
-3.746725559234619 -42.951847076416016
-2.9371583461761475 -61.83872985839844
32.700382232666016 46.99848937988281
-39.19561767578125 22.626054763793945
24.821083068847656 -42.5655403137207
29.93691635131836 20.34349822998047
-15.132245063781738 14.020110130310059
3.321824550628662 -42.497344970703125
30.974864959716797 21.349327087402344
5.743286609649658 -45.38967514038086
-8.817987442016602 -54.7767219543457
-21.723764419555664 17.179183959960938
26.867822647094727 -52.561275482177734
-43.113380432128906 -21.726781845092773
28.317302703857422 1.9490139484405518
8.600342750549316 -63.18806076049805
26.971553802490234 27.498350143432617
-50.0339469909668 -32.42597579956055
-48.53699493408203 -24.17255210876465
-50.219146728515625 -16.87601661682129
13.116781234741211 34.714027404785156
23.254169464111328 23.799562454223633
-39.385154724121094 -32.38192367553711
-46.682884216308594 16.777393341064453
-26.989330291748047 -27.618576049804688
26.577360153198242 26.811613082885742
-1.0816993713378906 -43.942325592041016
-3.4578464031219482 -61.35123062133789
21.170034408569336 -61.09041213989258
-2.0291099548339844 -56.28919982910156
26.479515075683594 0.5288179516792297
-19.806394577026367 16.817752838134766
-46.79384994506836 -23.80006217956543
2.021819591522217 -42.72048568725586
-35.72020721435547 -26.863189697265625
16.181705474853516 -7.352417469024658
-25.716148376464844 -25.466144561767578
19.765363693237305 -56.63197326660156
-50.81072998046875 -17.139652252197266
-34.64385986328125 -29.645023345947266
-33.547264099121094 -22.060821533203125
43.297119140625 22.72176742553711
