1.527377281121922725e-01
4.486782311974175236e-02
2.246301605747537955e-01
6.444452810371278928e-02
1.503221850403582867e-02
1.431962601539330318e-02
2.240002691641004851e-01
1.482314631892842904e-01
7.980778682420458514e-02
6.267906995146471649e-02
5.470687768999846906e-02
1.642687341659894440e-01
2.792665954214407914e-02
2.831882751679378613e-02
1.518221027193253914e-01
1.328660901275795746e-02
1.254969338750587804e-01
3.406165019070536704e-02
4.780978519593893916e-02
1.553781087033987394e-02
7.224720936458432774e-02
4.608600797468832139e-02
5.870368903885826023e-02
4.944197029556247902e-02
2.477769734360840692e-02
1.288828807891148343e-01
1.357003297453814733e-02
1.517898546161886297e-01
4.344263814245669791e-02
3.806430635636636611e-02
1.660421502192116761e-01
8.036683062467926686e-02
2.822525178610964247e-02
4.912154578156965878e-02
3.148962198535670831e-02
4.608600797468832139e-02
2.248198101935361404e-01
1.227352137305824514e-01
4.254487780150294218e-02
4.179060438186296689e-02
7.763951775897785790e-02
3.187980635094935650e-02
2.445727282961558668e-02
1.625040335898240290e-02
1.875951306891147918e-01
5.776226415784999763e-02
5.851892302032095372e-02
3.195523876297453048e-01
2.570255456364636815e-01
1.399920150140048294e-02
4.474657030222914389e-02
4.070767618859798959e-02
6.044970036391004997e-02
4.741761722128923218e-02
6.474510395673541141e-02
4.849470059775300851e-02
1.094577923390902985e+00
2.670847468719750664e-02
1.604340323664392096e-02
2.427210497730436164e-02
2.953701237174035862e-02
3.408932727753382491e-02
6.604504627167445685e-02
1.958453340982930016e-02
6.983068831566138779e-02
4.397006277878799663e-02
4.466082299740327388e-02
2.162873514507273470e-02
1.328800939717485474e-01
5.039901276673918185e-01
1.411262589305482124e-02
1.049802806130192973e-01
6.670355838715297248e-02
1.895768822601264642e-02
3.390415942522260334e-02
3.420275166918816667e-02
7.954849006840550296e-02
1.395418359022358445e-01
5.461330195931433235e-02
1.612143642244523445e-01
6.803516763375387633e-02
5.390070947067180512e-02
1.472414009181393091e-01
2.213432751137677998e-02
1.405392883113063263e-01
4.882096992854702971e-02
9.833468368476640242e-02
1.451773505219256799e-01
5.001147769666514087e-02
3.235084310776319833e-02
1.933777985966687596e-01
2.344608809700749613e-02
2.161115782960646992e-01
1.024613087122804855e-01
1.430590198831943605e-01
9.890836026840343909e-02
3.512234428016917237e-02
1.454103181567468692e-02
1.360703352675077596e-02
2.472818798675268867e-02
2.234132763371526192e-02
3.086862161834126941e-02
1.289444103810824874e-02
2.516986531825811391e-02
3.036302925203722414e-02
1.310144116044673068e-02
3.107562174067974789e-02
4.385663838713366180e-02
3.185995768997916533e-02
2.668664241717024974e-02
6.422550774626237247e-02
2.385810473262739775e-02
1.384505911325947525e-01
3.740579424088785049e-02
7.226705802555452585e-02
1.797418058023302068e-02
1.153260890545032141e-01
1.836634855488272766e-02
9.125242333839564401e-02
8.060272100311172139e-01
1.052680141267960806e-01
1.815934843254424572e-02
3.624690178199057589e-01
2.893784427475216969e-02
8.541256555982967846e-02
8.426612416553999618e-02
1.411262589305482124e-02
2.567545768456215918e-02
3.666095364910856164e-02
2.792665954214407914e-02
2.011195804616059887e-02
3.935423467196982189e-02
2.528328970991245220e-02
5.838128091580838119e-02
2.882441988309783140e-02
1.439136947605019166e-02
2.165903127465809708e-01
2.728020097333643257e-01
3.831774547355665250e-01
6.881167515719502359e-02
1.919236543517958971e-02
1.132791411059602543e-01
8.469689499933816257e-02
1.521738635634705544e-02
1.399920150140048294e-02
1.726158809159049345e-02
7.630833758201666095e-02
2.861741976075934946e-02
4.481246894608482273e-02
1.349360913509643767e-02
6.465152822605126082e-02
2.558188195387801553e-02
2.742106717584003386e-02
9.430979341530422444e-02
5.401413386232613995e-02
6.286394797226246833e-01
2.203000819536420352e-01
1.344999332629104871e-01
9.107037336419882001e-02
1.574481099267835416e-02
6.442467944274259117e-02
9.270374720461130313e-02
7.285210034549760572e-02
6.530234206120871798e-01
2.556203329290782089e-02
1.845790053503374994e-01
1.006254835581318618e-01
7.351249089768985279e-02
6.577626204867773607e-01
6.872592785236915358e-02
1.289444103810824874e-02
4.505299097205298087e-02
2.268398625150925413e-02
9.242308244554355012e-02
4.757510798677199587e-02
6.596913362848318141e-02
1.347364046871138421e-01
7.561519192057040983e-02
3.316973466655281921e-02
3.889032323666322816e-02
1.868677306887554443e-02
1.212533471454425998e-01
2.528328970991245220e-02
5.125733963844017471e-02
5.015257917514794050e-02
3.387711207351282172e-01
6.188248666183391450e-02
7.817281444797616330e-02
2.406510485496587970e-02
1.786075618857868239e-02
5.482030208165281082e-02
1.726158809159049345e-02
5.053890233299643958e-02
1.953803235910479275e-01
7.019517920348262996e-02
1.467880339530314715e-01
3.889032323666322816e-02
1.503221850403582867e-02
8.243873731113695591e-01
6.485852834838974623e-02
1.249495826412797550e-01
3.084678934831401251e-02
3.355200847967647060e-01
2.202090311972244516e-02
2.594188085130312849e-01
1.249942301865830802e-01
2.041055029012616220e-02
1.572297872265110072e-02
6.874776012239640355e-02
3.988165930830112754e-02
2.376651261100031637e-02
8.789061620072027847e-02
2.721406705350155192e-02
1.045133388733821972e-01
2.721406705350155192e-02
1.993720602695887509e-02
4.233787767916446371e-02
1.334570279649355817e-01
1.276291904214815476e-01
3.358373491122978310e-02
2.024761654161610913e-02
4.404180623944489031e-02
4.243145340984860736e-02
5.808268867184281786e-02
1.031398215905643678e-01
3.734365297327560951e-01
1.538375936618798234e-01
5.838128091580838119e-02
4.018025155226669087e-02
1.847977294653706595e-02
1.765375606624020044e-02
9.713288811681979051e-02
3.105378947065249445e-02
5.987820935375032932e-02
2.427210497730436164e-02
2.445727282961558668e-02
2.353183540183337308e-02
1.552572577196600634e-01
6.304900382231325151e-02
5.422570500097291524e-02
1.097615192560822822e-01
6.919840014881743773e-02
2.181390299738396321e-02
7.408441097748928728e-02
2.985743688573317539e-02
2.011195804616059887e-02
3.715042456172681917e-01
5.199176439710995884e-02
3.421022569358034837e-01
1.411262589305482124e-02
7.327239794136140849e-02
2.503460865657652218e-02
8.088792774086467352e-02
6.130339433103537683e-02
2.252649548602649043e-02
2.162873514507273470e-02
2.792665954214407914e-02
1.289444103810824874e-02
7.713979744534081584e-02
1.574870291409886380e-01
1.034205019369276224e+00
1.850982391142887151e-01
8.167657785130720549e-02
2.204032271105291901e-02
2.017587308095921891e-02
2.689364253950873168e-02
8.872446150687540722e-02
2.893784427475216969e-02
7.410425963845948538e-02
9.668497875830410759e-01
2.273349560836496891e-02
1.699709770759086358e-01
1.505286320651143261e-01
1.232783836304408159e-01
3.447366682632526519e-02
2.917209241427939567e-02
2.721406705350155192e-02
3.440975179152664515e-02
4.629300809702680680e-02
4.364963826479517639e-02
1.027663332297219512e-01
2.549028983225093414e-02
4.282362138449831435e-02
1.939936555751807165e-02
3.141828035847373662e-02
9.600589354972638434e-02
1.735516382227463711e-02
1.423706451074100710e-01
1.379220137906200273e-02
1.765375606624020044e-02
5.390070947067180512e-02
1.395470605793233849e-02
1.431962601539330318e-02
1.898643270737257471e-01
9.879049182147678354e-02
1.099060763374154343e-01
1.487654650777002208e-01
3.351199145057289636e-02
1.264188339923932314e-01
1.726158809159049345e-02
2.284692000001930720e-02
1.778420605852230885e-01
2.933001224940187668e-02
1.196016439863583775e-01
2.903011033740320324e-01
4.098443616253629601e-02
1.087374008393245800e-01
4.817427608376018827e-02
1.798676024002852925e-01
2.193805031701005770e-01
8.022115812988817041e-02
1.842798185264707955e-01
2.792665954214407914e-02
1.058538018295341665e+00
2.719223478347429848e-02
1.765375606624020044e-02
6.857539354602565362e-02
4.929888520802261365e-02
5.125932324749723351e-02
1.937753328749081821e-02
2.065446297188006375e-01
2.721406705350155192e-02
5.360211722670624179e-02
7.471198859658936819e-02
4.711902497732366885e-02
3.645395352677008316e-02
8.894187746232339042e-02
6.059080184239284961e-02
2.884625215312508484e-02
5.431470971534876208e-02
4.206151953900007234e-02
1.136378173459393209e-01
3.199521435166075706e-02
1.949095767914515651e-02
3.036302925203722414e-02
5.438645317600565576e-02
1.542223865830835428e-01
2.516986531825811391e-02
1.887194092118677294e-02
3.544733981047028942e-02
1.535805876519013777e-02
1.328660901275795746e-02
3.761575050219919530e-02
1.355752416989505771e-02
9.902461299996803690e-02
8.590052249351998181e-02
1.274438155765902081e-01
5.225504471254265038e-02
4.045899513526205610e-02
3.670502002293699051e-02
5.833578193543875051e-02
2.381806641764716292e-01
2.771965941980559719e-02
1.158593585076357207e-01
2.139405793590579141e-02
2.911716731026218682e-02
1.675599572528644818e-02
1.387794868388787795e-02
6.828462595679847535e-02
6.827840570406251697e-02
3.447972902723691058e-01
1.772549952689708719e-02
5.631723051959475201e-02
1.067671281382153448e-01
2.395168046331154141e-02
1.431962601539330318e-02
2.294049573070345086e-02
2.342425582698024270e-02
9.613299420093610603e-01
1.654899560294796623e-02
4.582365367869291328e-02
3.581310449878444269e-02
9.578488958321891567e-02
1.411262589305482124e-02
8.534623784633428578e-02
9.210265793155072989e-02
2.599588219855497942e-02
2.088846556960174614e-02
3.032134832103977259e-02
4.785842258607565791e-02
1.723391100476202864e-02
1.394861037785642410e-01
4.585133076552137810e-02
1.012407111786371439e-01
1.844181608022411600e-01
5.937261698744628058e-02
2.831882751679378613e-02
4.351716393536130267e-01
1.180878238644457456e-01
2.974401249407884057e-02
3.456724255700940884e-02
7.699086754099974950e-02
7.481685212710201260e-02
3.107562174067974789e-02
1.582349109314447611e-01
8.362288969472338185e-02
2.347560150971102488e-01
2.822525178610964247e-02
5.509121723878990934e-02
6.100937310337811031e-02
4.560766362557302361e-02
7.309264583621168099e-02
1.034692360353385993e-01
2.183573526741121665e-02
3.854596887196304333e-01
1.774258169432306464e-01
4.362780599476792642e-02
7.486091850093043454e-02
1.033310613648962678e-01
5.514072659564563106e-02
1.411262589305482124e-02
2.240083259522181736e-01
1.480287210803040432e-01
7.594344486042149678e-02
8.135059868723729659e-01
6.893292797470762512e-02
2.183573526741121665e-02
4.020208382229394084e-02
6.325402033559467119e-02
2.213432751137677998e-02
9.276335562050656847e-02
2.410557173676985132e-01
1.360703352675077596e-02
2.953701237174035862e-02
1.002661934636389224e-01
3.821396869599085616e-02
1.576620484906885444e-01
3.599827235109567120e-02
3.999508369995546236e-02
8.998086791884919722e-02
5.429287744532151211e-02
7.042202798679129960e-02
2.710064266184721363e-02
2.395168046331154141e-02
6.198830973284944618e-02
2.721406705350155192e-02
1.746858821392897193e-02
5.020447397483463609e-02
2.760623502815125890e-02
3.684612150141979015e-02
6.077012487790287021e-02
7.095728104898087196e-02
3.274988960507464741e-02
6.943852034101168080e-02
1.228045239808898820e-01
4.321578935914802133e-02
2.945431531627902833e-01
5.410074806380984480e-01
1.564714527297732249e-01
3.197338208163350015e-02
1.387141069335132981e-01
4.271019699284397952e-02
3.656383821960073610e-01
1.310144116044673068e-02
5.378728507901746336e-02
1.521738635634705544e-02
1.675599572528644818e-02
1.949095767914515651e-02
4.277411202764259956e-02
7.766722208167212149e-02
1.776718045789453873e-02
7.294015515667692795e-02
9.295309448912608685e-02
1.353082334220095106e-01
1.906536526336401749e-01
1.887194092118677294e-02
4.748936068194612586e-02
5.553289457029533804e-02
1.949767157147345442e-01
4.158972294343167286e-01
1.114091801936680920e-01
4.500332913625009756e-01
1.422470433012253399e-01
2.634636924220723833e-02
3.660880119813137989e-01
7.693152352250942627e-02
2.477769734360840692e-02
6.767587460616771022e-02
2.406510485496587970e-02
1.413987391024356527e-02
1.776718045789453873e-02
2.445727282961558668e-02
1.261479188352561398e-01
4.698376831564207712e-02
2.569728995458941609e-02
6.038968873149690442e-01
3.142843518818618787e-01
7.089994326626689047e-02
3.268597457027602737e-02
1.969795780148363845e-02
2.211592444636071783e-02
9.475194674594121513e-02
9.681944352671216503e-02
4.237012578230121840e-02
1.726158809159049345e-02
1.726158809159049345e-02
9.765610334533798842e-02
2.001298387356508501e-01
1.377557015377104954e-01
3.512234428016917237e-02
1.857334867722120614e-02
4.020208382229394084e-02
8.091234741814316844e-02
7.831559826493891818e-02
5.236408371078946772e-02
1.751149723106612266e-01
2.617931026566007735e-01
4.702000626361223234e-02
1.625040335898240290e-02
1.742700231515250942e-01
2.605611175979587468e-01
2.321572563560231062e-01
1.206164301384521909e-01
1.004447840638655193e-01
4.659160034099237013e-02
3.502876854948502872e-02
8.169951170735283152e-02
1.537219187496835504e-01
1.214322411113128997e-01
1.466530613823808504e-01
1.320252820770853597e-01
1.014542047503962513e-01
1.383297740889349869e-01
1.509634627189703204e-01
7.335196982787656195e-02
2.321141088784055284e-02
1.135995408981671922e-01
1.726158809159049345e-02
7.702637305368648102e-02
1.733333155224738020e-02
8.228543563132126315e-02
8.263353723214254820e-02
3.197482767758763611e-02
8.733152463272711441e-02
1.970226538411762318e-01
3.126078959299097293e-02
2.818357085511219440e-02
3.491534415783069389e-02
1.543735661699398992e-02
2.385810473262739775e-02
1.415768763302499567e-01
1.409500311464333133e-01
7.883589757976297574e-02
8.013365432122469822e-02
1.442238773319130529e-01
8.050085182558672781e-01
7.023128306719036984e-02
8.417671761739023428e-02
9.323582791695485261e-02
1.077316590897437754e-01
6.051905838173596286e-02
1.497810456790488187e-01
3.229380659562632039e-02
7.288805839256996821e-02
3.592652889043878445e-02
3.468066694866375060e-02
5.153023840463433897e-02
4.264485660043458304e-01
2.576120498938803613e-02
1.358418655730718516e+00
1.873701067088149042e-01
7.038251922084493017e-02
6.858984028727392601e-02
1.251928207115884095e-01
6.881950358305329030e-02
4.171886092120608014e-02
1.605297940896139863e-01
8.284167162353837932e-02
1.314268300738611339e-01
3.235191699700112333e-01
4.122845820676673129e-02
9.839073048744134686e-02
9.215969444368761476e-02
1.608104085670833128e-01
1.958135640893544083e-01
3.194884629576403290e-01
2.841282230269929765e-01
3.373339725085428009e-02
2.914484439709065164e-02
2.941575955422775016e-02
5.629258373709680047e-02
4.323563802011821944e-02
4.387104406507656013e-02
2.994902900736026025e-02
2.365911044638689120e-01
1.744521879353715943e-01
7.971749783400282618e-01
5.116574751681309680e-02
3.279939896193036913e-02
1.364293831723017159e-01
6.554928856700502349e-02
4.542513664661266826e-01
3.038612015427520907e-01
4.967120452170212946e-02
6.467159410352656401e-01
1.746858821392897193e-02
2.792665954214407914e-02
2.691547480953598859e-02
3.684612150141979015e-02
4.252502914053275102e-02
5.851892302032095372e-02
1.726158809159049345e-02
7.279448266188583150e-02
1.493536797474893096e-01
2.677238972199612668e-02
5.116574751681309680e-02
2.893784427475216969e-02
2.311783515715640919e-02
1.694116357759767322e-02
4.288258992515255330e-01
2.854208574563212419e+00
1.834967931251324735e+00
3.093703262416256372e-01
2.442959574278712534e-02
4.235072634551143578e-01
3.084094453151280460e-02
4.925680244325125051e-02
3.539325943730627783e-02
1.411262589305482124e-02
1.958453340982930016e-02
5.532589444795685957e-02
4.316587816851839149e-02
1.427011665853758493e-02
4.203928543519890038e-02
6.517935469615647459e-02
9.012196939733199685e-02
2.705113330499149538e-02
2.130831063107991794e-02
9.473111621105817504e-01
1.211057308478598465e-01
1.868677306887554443e-02
2.374468034097306293e-02
2.263991987768082872e-02
2.202090311972244516e-02
9.374942804681814235e-02
2.599588219855497942e-02
3.847830660104332307e-02
4.599441585306124347e-02
4.243145340984860736e-02
2.516986531825811391e-02
4.275187792384142760e-02
1.482521838169734846e-02
4.162726879957899528e-02
1.566503466956435386e-01
6.662823102176713697e-01
2.838274255159240617e-02
2.783553776296873727e-01
7.484106983996023643e-02
1.503221850403582867e-02
1.746858821392897193e-02
1.431962601539330318e-02
1.714816369993615516e-02
7.369224300283958029e-02
5.948604137910061540e-02
3.054819710434844918e-02
3.185212926412089862e-02
8.270043270868659979e-02
5.095874739447461138e-02
5.119299553400184083e-02
6.558936509600003795e-02
2.181390299738396321e-02
2.311783515715640919e-02
1.116871913413800405e-01
1.487647326424167971e-01
4.160543652955174532e-02
1.493176425068994465e-02
5.486553486286022130e-01
1.565287829702474431e-01
6.711557502277287757e-02
2.130831063107991794e-02
1.240958886741544281e-01
5.957961710978475905e-02
7.562174654593577239e-02
7.592161259039424681e-02
2.480577002091231831e-01
2.020355016778768373e-02
1.411262589305482124e-02
1.379220137906200273e-02
1.827277282419858401e-02
3.208680647328784191e-02
9.585038639330067944e-02
1.503221850403582867e-02
1.773198145345141474e-01
9.010501192827007066e-02
6.741615087579549970e-02
6.323417167462447308e-02
2.533972049639388602e-01
9.400921756228160231e-02
2.355951248866183442e-02
2.029684306448079900e-01
2.867150013392336105e-02
2.985743688573317539e-02
5.054673075885471323e-02
1.264406390265546964e-01
2.721406705350155192e-02
1.150852364270255473e-01
6.858482637388635395e-02
2.528328970991245220e-02
2.689364253950873168e-02
7.391779074978954700e-02
7.842700636449723151e-01
1.149240864182188987e-01
6.042505358141210536e-02
6.617613375082166682e-02
8.353129757309629699e-02
3.157340487193558420e-01
2.307875768162035157e-01
1.044197631426980466e-01
6.176449125387128286e-02
1.311588434008177650e-01
3.972296023410736843e-01
6.088939408635841988e-02
3.192500334841924525e-01
5.782033437584740976e-02
5.127917190846743162e-02
6.610439029016478008e-02
3.516341692952992259e-01
2.011382219452011455e-01
8.226861727468158525e-02
5.297527204288958458e-02
6.670355838715297248e-02
1.919236543517958971e-02
6.975350187197720819e-02
5.943653202224490062e-02
2.673498415150835084e-01
7.431125976079797080e-02
6.049606619903618032e-01
1.070689777917308849e-01
8.437370374039313004e-02
5.063832288048179114e-02
4.518824763373457259e-02
5.107217178612895314e-02
2.466427295195406863e-02
1.277185743429120335e-01
5.885919619528396513e-02
1.552726133007994724e-01
1.015495445271577535e-01
2.112314277876868943e-02
1.679272454736102926e-01
5.391889058433224635e-01
4.650457923567358209e-02
1.702691088242354669e-02
1.363436358674758320e-01
1.337918581568712795e-01
1.744802668559739811e-01
7.382790149829508708e-02
1.236101449688205844e-01
2.363125594931872464e-02
1.289444103810824874e-02
1.223799398787620840e-01
3.909643295569663057e-01
9.497979906615137968e-02
5.784801146267587457e-02
3.138609724430291847e-01
2.843225190844812442e-02
1.340003340441229401e-02
1.310144116044673068e-02
9.373395053280259015e-02
1.477072406527447090e-01
1.360703352675077596e-02
4.610784024471557829e-02
1.726158809159049345e-02
3.266414230024877741e-02
2.338638938374175691e-01
9.776006390214594943e-02
8.808361247888978063e-02
5.422113398466462536e-02
4.780978519593893916e-02
6.130339433103537683e-02
7.555642907355497595e-02
2.289098637384773260e-02
3.530311291163332199e-02
1.726158809159049345e-02
2.165753552280955674e-01
3.652569698742696991e-02
5.847485664649252485e-02
9.051998218878291869e-02
2.792665954214407914e-02
4.691202485498519037e-02
1.482521838169734846e-02
3.137421398464531469e-02
5.814116072361414506e-02
6.869825076554068877e-02
3.762262902486093741e-02
2.059571814243739071e-02
2.689364253950873168e-02
1.868677306887554443e-02
1.379220137906200273e-02
4.275187792384142760e-02
8.060918415786931523e-02
5.419345689783616055e-02
7.513926025015188470e-02
3.259239883959188372e-02
3.022777259035562894e-02
6.899684300950625904e-02
1.521738635634705544e-02
5.187834000545561708e-02
1.026581729024072520e-01
3.165295756764067991e-02
5.238393237175966582e-02
4.085733852822248657e-02
1.045608646211808462e-01
6.801333536372662636e-02
2.323908797466901419e-02
1.765375606624020044e-02
2.744330127964120236e-02
1.274740850988297647e-01
1.180017069898715992e-01
1.988312565379486349e-02
1.372959592849382904e-01
6.980301122883292297e-02
2.434384843796124839e-02
4.295887804617990607e-02
6.952426764583755081e-02
8.871663308101714052e-02
3.440975179152664515e-02
1.503221850403582867e-02
1.868677306887554443e-02
1.926410889583647992e-02
3.057002937437570261e-02
5.217693224942118735e-02
5.366603226150486183e-02
8.342244419775025899e-02
1.559004921904766638e-01
9.283509908116345521e-02
2.336400313620408120e-01
6.044970036391004997e-02
4.852237768458146638e-02
7.766722208167212149e-02
9.327916185549985084e-02
3.263646521342031259e-02
4.944197029556247902e-02
3.452317618318098691e-02
5.320994925205652787e-02
1.959869182801204646e-01
5.672891802025176178e-01
4.679860046333084861e-02
3.022777259035562894e-02
1.526040532257938176e-01
1.937753328749081821e-02
3.057002937437570261e-02
1.560955433099676243e-02
6.077114140421728539e-02
1.824509573737011919e-02
2.009012577613334544e-02
1.244525511361174036e-01
4.203928543519890038e-02
1.727638349382236149e-01
2.500093699758627053e-01
1.592997884498958266e-02
1.300743636012286798e-02
1.268879059957494171e+00
6.615826555630863748e-01
6.826440185989353371e-02
1.384670076554605223e-01
5.684465515592605073e-02
1.079587274360321592e-01
1.702859896138598506e-01
8.467773896738599315e-02
3.082107240579668936e-02
3.808613862639361608e-02
1.241796297432039703e-01
3.473017630551946539e-02
1.883186694817300111e-01
2.391218510579140935e-02
1.205467940214857592e+00
2.193017395602797903e-01
7.446330754325343471e-02
4.663566671482079207e-02
4.700560058566933402e-02
9.305752894999901048e-02
5.425935554169183939e-02
1.486072418769340264e-01
5.048550340119480895e-01
1.368374099630882135e-01
1.058429645109260492e-01
1.051245272054823071e-01
1.011850536393364974e-01
6.566271295865935831e-02
9.028844045628982296e-02
1.181043849469069207e-01
6.366802058027164202e-02
3.519408774082605912e-02
2.342073745593454825e-01
3.178821422932227858e-02
4.711902497732366885e-02
2.335251236632335248e-02
3.762262902486093741e-02
1.205629887606012446e-01
7.417015828231517116e-02
6.659013399549862378e-02
3.763045745071920412e-02
1.811485298907610300e-02
1.797418058023302068e-02
1.932082079835432398e-01
1.278101664645391045e-02
3.150952302299190877e-01
8.383187342611893300e-02
4.073243329730310558e-01
1.776718045789453873e-02
3.176638195929502168e-02
2.222790324206092363e-02
1.868677306887554443e-02
3.673269710976545532e-02
6.782272452838811194e-02
8.249045214460269670e-02
1.294266947124461109e-01
8.391563712188773727e-02
2.319959261714888213e-02
4.111969282421789468e-02
6.767306218876360802e-02
4.595075131300672966e-02
5.545837916892106811e-01
2.546845756222368071e-02
4.667734764581824708e-02
1.360703352675077596e-02
2.496286519591963196e-02
2.041055029012616220e-02
1.694116357759767322e-02
5.898044901279657359e-02
1.937753328749081821e-02
2.362342752346045446e-02
2.020355016778768373e-02
1.310144116044673068e-02
1.045807132821510547e-02
3.004260473804440390e-02
1.815934843254424572e-02
1.177484549202273689e-01
1.966973478220049587e-01
1.438815773895210093e-01
2.609332437464977339e-01
1.694116357759767322e-02
2.793917471578963307e-01
4.859141540862554343e-01
1.746858821392897193e-02
5.794743201016122613e-02
3.359577308011180707e-01
2.284692000001930720e-02
1.503221850403582867e-02
9.176657656584137623e-02
7.576650726774246392e-02
1.804592404088990742e-02
1.450479386770452822e-02
1.501038623400857523e-02
1.278101664645391045e-02
1.726158809159049345e-02
4.679860046333084861e-02
1.654899560294796623e-02
1.431962601539330318e-02
1.411262589305482124e-02
2.935184451942913011e-02
3.936823851613881209e-02
3.703128935373101865e-02
3.126078959299097293e-02
6.837782625154786853e-02
3.075519722668693112e-02
3.401758381687693816e-02
3.113953677547837140e-02
3.877689884500889334e-02
5.532589444795685957e-02
6.116030924349551839e-02
6.129556590517711012e-02
1.696299584762492665e-02
1.431962601539330318e-02
6.973909619403430293e-02
1.572297872265110072e-02
1.431962601539330318e-02
1.958453340982930016e-02
5.800550222815863827e-02
2.406510485496587970e-02
2.020355016778768373e-02
2.965043676339469692e-02
1.444807454865091878e-01
3.024960486038288585e-02
2.219181014699550536e-01
1.565970972258931559e-01
1.000966824630442342e-01
1.604340323664392096e-02
4.243145340984860736e-02
8.027965741752531026e-02
9.398936890131140420e-02
6.459301289020397130e-01
3.128262186301822984e-02
6.047737745073851479e-02
1.894203120669078200e-01
1.100650202410920903e-01
3.243421544509109827e-02
1.620089400212668465e-02
3.440975179152664515e-02
6.387502070261011355e-02
3.268597457027602737e-02
2.323908797466901419e-02
1.283898294914795346e-01
6.943852034101168080e-02
1.925628046997821322e-02
3.330499132823441094e-02
4.001691596998271927e-02
3.167912494947704993e-01
8.022470968678881154e-02
1.604340323664392096e-02
6.189473400216530252e-02
1.898493624320139045e-02
1.675599572528644818e-02
2.522394569142212550e-02
6.167019414985536185e-01
3.407151619453631097e-01
4.210122498979886885e-01
6.666577272968258194e-01
7.370977682472322767e-01
2.618105005086620446e-02
5.045315502817056957e-02
3.369715930288411793e-02
3.434130579809313022e-01
2.710521367815550697e-02
2.669719556094473090e-01
2.304130363129144876e-01
8.138127276683733424e-02
6.919057172295917102e-02
4.898628911988806706e-02
2.243838641262222156e-01
6.711557502277287757e-02
6.829207894672199852e-02
1.167625618316167624e-02
1.164999883916549850e-01
3.486353316080800790e-01
8.764193514738434498e-02
2.921658785774753839e-02
1.220143637464419367e-01
3.999871528840023283e-01
3.659462593561316895e-02
6.975894485500450104e-02
3.660944258182036171e-01
2.727994223261131015e-02
1.154507513834009680e-01
2.358411502335318877e-01
2.263991987768082872e-02
1.100966871727539487e-01
3.422458393921542358e-02
1.214612590407654763e-01
5.776226415784999763e-02
3.259239883959188372e-02
5.704967166920747734e-02
1.447851825472759590e-01
2.953701237174035862e-02
2.811182739445530418e-02
6.844916787843084716e-02
2.070914253409172900e-02
4.548683987770013593e-02
6.393205721474699843e-02
1.887194092118677294e-02
5.415177596683871247e-02
5.279733481013293428e-01
2.712798378379567277e-01
1.593346574813494232e-01
4.445967921473230056e-01
5.224867571007807410e-02
1.034997414620773271e-01
1.367194145551255680e-01
1.197206634628751737e-01
3.817773074802070093e-02
2.808616023072039725e-01
2.376651261100031637e-02
1.553745131500995080e-01
4.332799500865969766e-01
2.282133110797258668e-01
7.255891081737927406e-01
1.179604689559534264e-01
2.822525178610964247e-02
5.957961710978475905e-02
1.328660901275795746e-02
3.967465918596264213e-02
2.982178057015256178e-01
1.758606823550795950e-01
2.513036996073798185e-02
2.496286519591963196e-02
5.654308435577499736e-01
7.386989656357857426e-01
6.118618842797036717e-01
2.841041963842087098e-02
9.465245203309821664e-02
1.527673888080778031e-01
4.899086013619635693e-02
4.421472675142472386e-02
7.252739854353383586e-02
2.845325256273910086e-01
2.387346496481468072e-01
7.011400291496504289e-02
1.516962788855044930e-01
2.719223478347429848e-02
1.408040942542372886e-01
6.925335248870044536e-02
1.379220137906200273e-02
3.737354613775108886e-02
1.726158809159049345e-02
2.119544088735731413e-01
2.524248703083380174e-02
1.310144116044673068e-02
2.231949536368800849e-02
4.132669294655637315e-02
4.346447041248395482e-02
3.785010465209639324e-02
9.034806605173120730e-02
1.523921862637431061e-02
3.162528048081222204e-02
2.374468034097306293e-02
3.229380659562632039e-02
3.907549108897445667e-02
3.383360177226141935e-02
4.484797445877155425e-02
6.548537353220638957e-02
2.263991987768082872e-02
2.112314277876868943e-02
1.919236543517958971e-02
1.073989872354195740e-01
2.790482727211682223e-02
5.325401562588495674e-02
7.713979744534081584e-02
7.573644473808302524e-02
4.222445328751012888e-02
3.919348649693708830e-02
7.017294509968145799e-02
7.582219204290889525e-02
1.260048337477162883e-01
6.990243177631827454e-02
3.827130647870484459e-02
7.151735562222284737e-02
5.167133988311713860e-02
3.348431436374443154e-02
7.237463760040765970e-02
4.353621387314084157e-02
5.833177155895266641e-02
6.748789433645238645e-02
2.155019415702886798e-01
2.920875943188927168e-02
1.516077170682079145e-01
1.381403364908925617e-02
2.769198233297713238e-02
2.987967098953434736e-02
3.447366682632526519e-02
4.035957458777670454e-02
1.482521838169734846e-02
1.653999724999881960e-01
1.441901563969563427e-01
6.818084012854497278e-02
7.187489005090481886e-02
5.137076403009451647e-02
3.624695340443160468e-02
3.836289860033192944e-02
1.310144116044673068e-02
9.855505548587791820e-01
7.208189017324330428e-02
2.498469746594688887e-02
2.009012577613334544e-02
9.374686326628620114e-02
4.189962955267022976e-02
1.868677306887554443e-02
2.661576367430192325e-01
4.305047016780699093e-02
2.059571814243739071e-02
2.133014290110717137e-02
2.882441988309783140e-02
2.232893678132176207e-01
7.241471412940268804e-02
6.773657538978831993e-02
1.482521838169734846e-02
7.226121320875332488e-02
4.996291824300595069e-02
3.987383088244285390e-02
1.424227418715170168e-01
1.503221850403582867e-02
1.776718045789453873e-02
2.496286519591963196e-02
5.930087352678939383e-02
7.350707515052835872e-02
6.858482637388635395e-02
3.542714253041782113e-01
4.887224391809875668e-01
6.818835437821587631e-01
2.548657611719543636e-01
3.227197432559907042e-02
3.856989872267040792e-02
3.737354613775108886e-02
2.076415856399938323e-02
1.746858821392897193e-02
1.381403364908925617e-02
1.368754274606285778e-02
1.773808924301227830e-01
2.662550166956360043e-01
3.734483534506209679e-02
1.640780315667338396e-01
7.768234737309085425e-01
3.295167288587466103e-01
2.085782367022468997e-01
7.296170962087299150e-02
1.642676392841841970e-01
3.541175929439926984e-02
2.210299084601377029e-01
2.047789411092265296e-02
5.767517705793330229e-01
2.457069722126992498e-02
4.171886092120608014e-02
2.091614265643021095e-02
4.426865502275355996e-02
5.622365478891060836e-02
6.975894485500450104e-02
1.002449092630342820e-01
1.155410697045351348e-01
4.780978519593893916e-02
2.808415030762684284e-02
2.829699524676653269e-02
7.346539421953091065e-02
1.471334974459897749e-01
2.376651261100031637e-02
1.553781087033987394e-02
1.049091535209561860e-01
1.131045478928068143e-01
2.284692000001930720e-02
1.185304054266958090e-01
7.743994422872371719e-02
7.401266751683240053e-02
3.096251093859412884e-01
4.415340461295182983e-01
1.992046300891413546e-01
5.665750369455776342e-02
1.847977294653706595e-02
2.353768021863458099e-02
4.743400650828919624e-02
1.134328008326579013e-01
2.112314277876868943e-02
3.146778971532945834e-02
2.626679735569208141e-02
3.723828947606949713e-02
4.514656670273711758e-02
4.341496105562823310e-02
1.023360660499344765e-01
1.684004185698363409e+00
6.636130160313288839e-02
1.887362820402390118e-01
1.265734658299933757e-01
5.148617203080591009e-02
6.760131872810672127e-02
2.086019356766149191e-01
3.540108786316454453e-02
7.744652148080835574e-02
4.341496105562823310e-02
2.477769734360840692e-02
5.010505342734928452e-02
1.875068810367416794e-02
6.789991097207229154e-02
2.831882751679378613e-02
2.139405793590579141e-02
2.744330127964120583e-02
2.162873514507273470e-02
1.140782778627633665e-01
1.547462223703287287e-01
1.580872602747697767e-02
2.650147456485902470e-02
1.482521838169734846e-02
7.579993070324192450e-02
4.371159420281596208e-01
2.427210497730436164e-02
3.277756669190311223e-02
3.238738232631046404e-02
7.600735989522011682e-02
3.592652889043878445e-02
1.902345106765130356e-01
1.919236543517958971e-02
3.369715930288411793e-02
2.843225190844812442e-02
4.111969282421789468e-02
4.167717999020863207e-02
4.325747029014546940e-02
1.415550440602227067e-01
5.549121363929788997e-02
3.918848641098907071e-02
1.605567986600637820e-01
1.654899560294796623e-02
2.446477517092793708e+00
1.323046420286745073e-01
7.015111282965420803e-02
5.174006229963789005e-01
1.940930132706680800e-01
3.215039425868351092e-02
6.795597554091200587e-01
3.162936711772255244e-02
5.033190221065796111e-02
2.709738525229724027e-02
4.142026867724051681e-02
3.824947420867758768e-02
4.514125101595645728e-01
4.852237768458146638e-02
6.123165087037849008e-02
1.294852141127226033e-02
3.261484596976496619e-01
1.609962565618156427e+00
1.413987391024356527e-02
2.374468034097306293e-02
4.983413827021218601e-02
7.394132588994943578e-02
2.813365966448255762e-02
3.266139441089596640e-02
6.376159631095577873e-02
3.181644267063777676e+00
6.355459618861729332e-02
7.294414500151032155e-02
1.724747522015563084e-01
6.676747342195159252e-02
6.699670764809123602e-02
4.789553250076481611e-02
4.955539468721681384e-02
1.483898259214860571e-01
1.251230608599885608e-01
2.471530110639092725e-01
7.523085237177896956e-02
1.674831726429542034e-01
3.479714594742116390e-02
8.592817192546930993e-02
3.012835204287027738e-02
6.355459618861729332e-02
1.506446660717258509e-02
2.162873514507273470e-02
2.578888207621649747e-02
1.643557121129362794e-02
3.246767755552000256e-01
1.379220137906200273e-02
2.041055029012616220e-02
4.311438520260561097e-02
1.100340857447136417e-01
4.939246093870675730e-02
7.228889029558178969e-02
1.411262589305482124e-02
7.472526000547492775e-02
1.382885792133887737e-01
6.233641133367072429e-02
1.521738635634705544e-02
8.950053996067683371e-02
2.606762565921186617e-02
2.222790324206092363e-02
6.628955814247600165e-02
2.607099356257433498e-01
5.473412570718722003e-02
1.000701924409514304e-01
6.152293552204259747e-02
4.156878049009085085e-01
1.572297872265110072e-02
1.992418041128684869e-01
1.197010645338437290e-01
1.797418058023302068e-02
8.798419193140442907e-02
7.311490717587865173e-02
2.549028983225093414e-02
6.911809582701886057e-02
7.636758162392882632e-01
3.953971188181523710e-01
1.261113796167088741e-01
3.331338563158139365e-01
2.266234978640645215e-01
2.403742776813741835e-02
1.613102038841046360e-01
6.077596969470407812e-02
2.865561785304064635e-02
7.360065088121249544e-02
1.426761703457689878e-01
1.609748360980793255e-02
3.613352901277726292e-02
5.399428520135594878e-02
9.399434175139362302e-02
3.452317618318098691e-02
1.205687623451380391e-01
2.183573526741121665e-02
4.704966695949775596e-02
3.602010462112292810e-02
3.713886892858414557e-02
5.148617203080591009e-02
8.354426771140475994e-02
7.051560371747545020e-02
1.643557121129362794e-02
3.634052913511574834e-02
1.592997884498958266e-02
3.911486451361845251e-02
8.700636099428200598e-01
2.020355016778768373e-02
1.015694964749113360e+00
7.449183124649503274e-01
5.395260427035849377e-02
1.949095767914515651e-02
4.865219136323576526e-02
3.081887711121034656e-01
6.390485612705008867e-02
5.185650773542836711e-02
4.619556705226797733e-01
3.655794509056373154e-02
1.898536531284111123e-02
2.588245780690064113e-02
3.137421398464531469e-02
1.612502749230195487e-01
1.933303784402267203e-02
6.964552046335015234e-02
3.723828947606949713e-02
2.374468034097306293e-02
3.405382176484709339e-02
9.126974953917921241e-02
1.476035842996070990e-01
9.204388460920230608e-02
1.215714168045767957e-01
1.393405088012373561e-01
1.421917176204741742e-02
2.689364253950873168e-02
1.847977294653706595e-02
3.810837273019478805e-02
6.688872623946419405e-02
6.741615087579549970e-02
1.746858821392897193e-02
1.411262589305482124e-02
1.281644434836711199e-01
6.227907355095674280e-02
7.528076356240860634e-02
1.694116357759767322e-02
1.952412157779418733e-01
1.422053259160690475e-01
2.721406705350155192e-02
3.205912938645937710e-02
3.470834403549220848e-02
3.390415942522260334e-02
1.726158809159049345e-02
6.068437757307699326e-02
1.126905476481298574e-01
5.619597770208214355e-02
9.749499356181005882e-02
6.559879792386073827e-02
8.495659740193237663e-01
8.016750682636387959e-02
5.339511710436775638e-02
3.325548197137869616e-02
4.211102889585578712e-02
7.592161259039424681e-02
1.783892391855142548e-02
1.315843208393438768e-01
2.923842012777479182e-02
4.831537756224298791e-02
3.877689884500889334e-02
1.076544726460595958e-01
5.612423424142525680e-02
1.243028887964929136e-01
7.706313413978670424e-01
5.177149286588591387e-02
2.822525178610964247e-02
2.374468034097306293e-02
6.700215063111852887e-02
2.355951248866183442e-02
3.663912137908131167e-02
2.527724791494949663e-01
1.604340323664392096e-02
3.411115954756108182e-02
7.362507055849099036e-02
4.258894417533137106e-02
1.135429678147622662e-01
1.219496039807901194e-01
6.424535640723257057e-02
2.556203329290782089e-02
3.957523863847729056e-02
5.675107942524190707e-02
4.558041560838427958e-02
2.142173502273425623e-02
3.461675191386513056e-02
2.162873514507273470e-02
4.392755039965959840e-01
1.805930259148140204e-01
1.004724611506939841e-01
1.824509573737011919e-02
1.133392251019737645e-01
2.133014290110717137e-02
1.625040335898240290e-02
1.797418058023302068e-02
1.694116357759767322e-02
7.419783536914362210e-02
5.449987756765999058e-02
2.240524266851388197e-02
3.363533221145924984e-02
4.433455366660924574e-02
3.004260473804440390e-02
3.054819710434844918e-02
1.325678284851235234e-01
2.861741976075934946e-02
3.220163715744688848e-01
1.427253239603159807e-01
1.503221850403582867e-02
1.240318701011644320e+00
6.413193201557823575e-02
2.721406705350155192e-02
6.530020567989516800e-02
8.041458347769739334e-02
7.695877153969817031e-02
3.833969615674814868e-01
3.086862161834126941e-02
2.498469746594688887e-02
5.003872571385388490e-02
1.157712772986172339e-01
2.036104093327044742e-02
2.157922578821701992e-02
6.162381884502819707e-02
2.909533504023493339e-02
6.297766219543027288e-02
5.008322115732202762e-02
3.259239883959188372e-02
2.715173224363678917e-01
3.888989416702350738e-02
3.822179712184912981e-02
2.465202255282544497e-01
1.459054117253040343e-02
1.847977294653706595e-02
3.137421398464531469e-02
2.941575955422775016e-02
2.935184451942913011e-02
9.313567493418607735e-02
6.454394865119814084e-02
1.597750639454551536e-01
4.010850809160979719e-02
1.077098268197165254e-01
4.428482927211768172e-01
1.694116357759767322e-02
2.504861250074550891e-02
1.394969214454476643e-02
8.398738058254463790e-02
2.059571814243739071e-02
4.134109862449927841e-02
2.263991987768082872e-02
5.443669496814479425e-02
2.599588219855497942e-02
3.396886078041760348e-01
1.746858821392897193e-02
2.009012577613334544e-02
2.252649548602649043e-02
5.146433976077866013e-02
1.067567123051058470e-01
7.121836154448336897e-02
7.042240342272605702e-02
2.935184451942913011e-02
3.268597457027602737e-02
7.630595213918568709e-02
1.452662613773178339e-02
1.360703352675077596e-02
2.368008193735079148e-01
5.684267154686899193e-02
5.883934753431377396e-02
5.157776415243299495e-02
5.757709630553877606e-02
4.124051657209078237e-02
7.648527517469570769e-02
1.009876384466938948e-01
7.357099018532697876e-02
2.721406705350155192e-02
1.313629150390625000e-01
1.898536531284111123e-02
8.651732602312191267e-02
8.203436913515435580e-02
6.670355838715297248e-02
4.372138172545207008e-02
3.907549108897445667e-02
2.794616163719726987e-01
7.582219204290889525e-02
4.082110058025232441e-02
1.171088964532674553e-01
5.603848693659937985e-02
1.643557121129362794e-02
1.648542342579846665e+00
1.726158809159049345e-02
2.130831063107991794e-02
9.430979341530422444e-02
7.804766032314468527e-01
1.076182346980894405e-01
1.622857108895514600e-02
1.657624362013671027e-02
5.808268867184281786e-02
1.969795780148363845e-02
1.093724050505090056e-01
4.183228531286042190e-02
5.817242565389676434e-01
6.562103202766191024e-02
4.608600797468832139e-02
2.251079166291677647e-01
1.803809561503164072e-02
1.319646248708500336e-02
1.595930177423782181e-01
2.599588219855497942e-02
1.639107576782548523e-02
9.725431272979360997e-02
4.194769331357181552e-02
9.051628146314034951e-02
4.050524708256780099e-02
3.270539416160650470e-02
1.646894616695196156e-01
3.063394440917432265e-02
4.447565514509204537e-02
4.768853237842633763e-02
5.508577425576261649e-02
6.932509594935734598e-02
2.496286519591963196e-02
5.350854149602209814e-02
4.202614966092503290e-01
2.498469746594688887e-02
1.686845391412611084e-01
1.205216422022331729e-01
4.548683987770013593e-02
1.509613353883444871e-02
1.080524854375105176e-01
2.063139176326811985e-01
9.207844021869250606e-02
8.722209008590617318e-02
1.896151926479775485e-01
1.036691468713153708e-01
2.983560461570592195e-02
4.183228531286042190e-02
1.219127710339055065e-01
4.769636080428460434e-02
1.511049392143745673e-01
2.941576441478226389e-01
3.730220451086811717e-02
5.591723411908677832e-02
2.355951248866183442e-02
1.479114815723707455e-01
2.885921709566837134e-01
3.422458393921542358e-02
4.587316303554863500e-02
2.578888207621649747e-02
3.044329217531978604e-01
4.170282331208562399e-01
7.412064892545944250e-02
6.001346601543192105e-02
4.498124751139608718e-02
2.406510485496587970e-02
2.355951248866183442e-02
5.298310046874785129e-02
2.721406705350155192e-02
2.121587805253550008e-01
3.873521791401143832e-02
2.762806729817851234e-02
2.689364253950873168e-02
6.582020372414211506e-02
2.455924512631863788e-01
2.599588219855497942e-02
1.601108809137595790e-01
1.889377319121402637e-02
9.542921305959799205e-02
5.155008706560453013e-02
1.641490425921073026e-01
3.093253665313988945e-02
7.817281444797616330e-02
3.584790690712015560e-02
2.126567238035017571e-01
4.026599885709256088e-02
1.431962601539330318e-02
1.411262589305482124e-02
7.440483549148210751e-02
5.266267595475503799e-02
1.595841225086071236e-01
9.438652355348288447e-02
2.007048913590308778e-02
2.811182739445530418e-02
6.881167515719502359e-02
2.344608809700749613e-02
4.608600797468832139e-02
8.132634766282012539e-02
2.142173502273425623e-02
1.675599572528644818e-02
6.713196430977283469e-02
1.133392251019737645e-01
1.174157051294256321e-01
2.942358798008602033e-02
3.398990673004847335e-02
9.565675824304456509e-02
9.173033861787122101e-02
4.659160034099237013e-02
4.408587261327331225e-02
3.887047457569303005e-02
2.638805017320468640e-02
6.426718867725982054e-02
9.217201594937664277e-02
5.433912939262725006e-02
7.999016739991092473e-02
1.628265146211915759e-02
4.872937780691995180e-02
5.902706533408541567e-01
1.607341380865167368e-01
5.288952473806371457e-02
1.556614233027024119e-01
1.363720453895877205e-01
2.048645467875502557e-01
1.058439144141225668e-01
1.994549503225852838e-01
2.627462578155034811e-02
5.410770959301028360e-02
7.959255644223392490e-02
8.503041158451556114e-02
7.196846578158896945e-02
1.099910912069578806e-01
1.414501805297100623e-01
4.089284404090921810e-02
5.511889432561837415e-02
1.988312565379486349e-02
1.498556581239080254e-01
3.526801677496026882e-02
6.932509594935734598e-02
1.399920150140048294e-02
5.292576268603386980e-02
3.086862161834126941e-02
2.691547480953598859e-02
1.764599723849439028e-01
1.355638709344847148e-01
1.228697953618054645e-01
4.581211908001891348e-02
5.564631896194967287e-02
1.080603138633687843e-01
2.331637301218740244e-01
1.328738473211734383e-01
2.284692000001930720e-02
2.771965941980559719e-02
5.948604137910061540e-02
1.188917356132413561e+00
1.353522997958379326e-01
2.302463444339369891e-02
1.726158809159049345e-02
1.289444103810824874e-02
6.138914163586125378e-02
3.774388184237354588e-02
3.351199145057289636e-02
2.211367484764809876e-01
1.295988237082643935e-01
1.081659098291648524e-01
3.916319853811146834e-02
3.467111654566545353e-01
2.249881839919802562e-02
1.274152128893377665e-02
1.533081074800139373e-02
2.650147456485902470e-02
1.431962601539330318e-02
8.306778797156362526e-02
4.139843640721325990e-02
4.762461734362771759e-02
1.942317267922399615e-01
1.528267328265681124e-01
5.714324739989161406e-02
5.442813410700310384e-02
3.293178714222564363e-01
2.164772901887005441e-01
2.162873514507273470e-02
3.684612150141979015e-02
8.451480521887592967e-02
6.040563399008162804e-02
7.421768403011382020e-02
5.185650773542836711e-02
2.691547480953598859e-02
2.291083503481792724e-02
2.335251236632335248e-02
1.944444810149958736e+00
5.960144937981201596e-02
5.052489848882745632e-02
3.946765906362416365e-02
2.370716620413406417e-01
2.466427295195406863e-02
3.491534415783069389e-02
1.238830437350147418e-01
2.475586507358115348e-02
7.123404102291917839e-02
3.847632299198626427e-02
5.139386901118004891e-01
9.670377908984889581e-02
2.168983566740066149e-01
9.792801047460895081e-01
1.495820633765892749e-01
1.894544088568125839e-02
2.445727282961558668e-02
6.569237365454487498e-02
2.882441988309783140e-02
2.020355016778768373e-02
6.966190975035012334e-02
3.806026191409735970e-01
6.118870619520780374e-02
1.247702022009448963e-01
1.429091522270430591e-02
1.253160571381580768e-01
3.875506657498163643e-02
6.474582675471246551e-02
6.589696109818657388e-02
1.215956039294626700e-01
4.156994622704852649e-01
2.538119929536574587e-02
2.168281551823674630e-02
7.838056921330403826e-02
2.567545768456215918e-02
8.158640115667520343e-02
2.573249419669903712e-02
8.771212155454397030e-02
1.535805876519013777e-02
2.699693057993803394e-02
2.627136837200037475e-02
2.360618009718105578e-02
6.733140794589774492e-02
4.119317996690478600e-01
1.827277282419858401e-02
1.675599572528644818e-02
4.307687345414253771e-02
1.310144116044673068e-02
6.495794889587509779e-02
2.080271826477587266e-02
2.567545768456215918e-02
1.411262589305482124e-02
1.670329344503070912e-01
3.208680647328784191e-02
6.814467077305530474e-01
2.710064266184721363e-02
3.709601488599458818e-01
6.094128888604510852e-02
6.646972880003112483e-01
1.501789738298091037e-01
3.220518967807816657e-01
7.384973376832235092e-02
5.770430795337697649e-01
5.695807954758039249e-02
4.203928543519890038e-02
1.976970126214052520e-02
1.797418058023302068e-02
2.406510485496587970e-02
2.061755041246464415e-02
6.336942833630607175e-02
1.769238322816121464e-02
5.963369748294877065e-02
2.781444429722737532e-01
3.898389896734737181e-02
7.059736117746792661e-02
2.261224279085236391e-02
3.401758381687693816e-02
3.817773074802070093e-02
5.244784740655828587e-02
2.173028197565061992e-01
1.273003609193020802e-01
1.099966787495805787e-01
4.837479163976042273e-01
5.217693224942118735e-02
2.706076285960594685e-01
8.179424894296012660e-02
1.592997884498958266e-02
2.351000313180611617e-02
1.607491584570001353e-01
2.503288244740196067e-01
5.815443213249971155e-02
1.416680666181031334e-01
1.058780409539730599e-01
6.284200369997476610e-02
6.686689396943694408e-02
2.263991987768082872e-02
6.527837340986791803e-02
5.300294912971804939e-02
3.126078959299097293e-02
1.731576613675940568e-01
3.875506657498163643e-02
1.399920150140048294e-02
1.431962601539330318e-02
2.273349560836496891e-02
1.340003340441229401e-02
2.765959356706884087e-01
2.555420486704955418e-02
1.450479386770452822e-02
3.751703305906486929e-02
2.286037845645093325e-01
8.791829328754874329e-02
3.452317618318098691e-02
5.541164175278272958e-02
1.919236543517958971e-02
1.370049147279065738e-01
1.217308605911442548e-01
2.305392012235778915e-02
5.390070947067180512e-02
1.332046876682757564e-01
1.937753328749081821e-02
2.274143205585714422e-01
7.481685212710201260e-02
1.035402470607120623e-01
1.088586536568371815e-01
1.803809561503164072e-02
6.385318843258286359e-02
1.066709650002799631e-01
4.564433064318289962e-02
4.018025155226669087e-02
5.633707918056495012e-02
1.664257133363210989e-02
9.743107852701143878e-02
2.011195804616059887e-02
1.821368964149998049e-01
7.853730533579740547e-02
4.709134789049520403e-02
2.355951248866183442e-02
1.611610079063053591e-01
2.771965941980559719e-02
7.493484753506464424e-02
4.003132164792561759e-02
5.866002449880375336e-02
1.411262589305482124e-02
3.876465150467750531e-02
6.732257514511134910e-02
3.210904057708901388e-02
4.323516554069854467e-01
1.420503726952524193e-01
7.261754506920678476e-02
1.898536531284111123e-02
8.317480690659453946e-02
1.431962601539330318e-02
3.273301124572753906e-01
4.102810070259080982e-02
4.902797005088551513e-02
5.504170788193419456e-02
2.543239140971473647e-02
7.511742798012463473e-02
3.401642704680430951e-01
7.704037689785546428e-02
1.398962122275246855e-01
4.198977607834317866e-02
9.077396669371057270e-02
4.730419282963489735e-02
6.938901098415596602e-02
2.365453381530010710e-02
3.542093652413473570e-02
1.553781087033987394e-02
1.625040335898240290e-02
1.322800949713467400e-01
5.500546993396403933e-02
8.607091886925991031e-02
3.884081387980751338e-02
2.711912043693824326e-01
1.400635313694422734e-01
2.983560461570592195e-02
1.048129141225965649e-01
3.675452937979270529e-02
4.257494033116238086e-02
5.633906278962200892e-02
2.638805017320468640e-02
7.929366250867793120e-01
1.332443078917652513e-01
1.328660901275795746e-02
4.872937780691995180e-02
3.666095364910856164e-02
6.194424335902101730e-02
2.284692000001930720e-02
1.227506061848940427e-01
2.254832775605374387e-02
8.699325769354043780e-02
4.667734764581824708e-02
1.372324062776481834e-01
3.438207470469818727e-02
2.368888285122353402e-02
1.013066454805263472e+00
5.514072659564563106e-02
3.994557434309974758e-02
7.994848646891347665e-02
5.655721118035341582e-02
5.679400775889310860e-02
2.977577944422019618e-01
2.112314277876868943e-02
2.284692000001930720e-02
1.327143457107677893e-01
2.346860658514897668e-01
3.247312963113634099e-02
1.053373721446219935e-01
1.322329982931877979e-01
2.009012577613334544e-02
2.811182739445530418e-02
6.737665551827536070e-02
3.440975179152664515e-02
1.572297872265110072e-02
2.618105005086620446e-02
4.578741573072275806e-02
2.528328970991245220e-02
6.545571283632087289e-02
2.009012577613334544e-02
5.532589444795685957e-02
1.435187411853005961e-02
7.530259583243585630e-02
6.842733560840358331e-02
4.332921375080236309e-02
2.355951248866183442e-02
3.105378947065249445e-02
2.941575955422775016e-02
8.625182661314630128e-02
2.130831063107991794e-02
3.266414230024877741e-02
6.665862004660554063e-02
7.575827700811027521e-02
4.801678531827742458e-02
4.927903654705242248e-02
6.143865099271696856e-02
2.142173502273425623e-02
2.422259562044864339e-02
1.521738635634705544e-02
6.254142784695214397e-02
1.553781087033987394e-02
3.390415942522260334e-02
9.179623726172690679e-02
5.815443213249971155e-02
2.567545768456215918e-02
1.240379542164727067e-01
2.183573526741121665e-02
6.525654113984065419e-02
2.771965941980559719e-02
8.035267467867511504e-02
5.952441139254712743e-01
3.755871399006231737e-02
1.762607897941173563e-02
1.021771221462578205e-01
3.300639908426884761e-02
7.969197698971927646e-02
7.601592075636182111e-02
1.411524602524635019e-01
1.085105520560158965e-01
5.954012175226462700e-02
6.814195736849873453e-02
1.295185604497711696e+00
1.521246848081243552e-01
5.277610034640937281e-02
4.151186079886760166e-02
5.900228128282383050e-02
6.010744357988997977e-02
1.245000542571967905e-01
1.731566846475450505e-02
1.989976299668028692e-01
4.735482317282571074e-01
3.032134832103977259e-02
1.521368952752835679e-01
1.337235631758383093e-02
3.954158809775836642e-02
8.559773341214091391e-02
1.289444103810824874e-02
3.913356130697186880e-02
3.993731684760176009e-02
4.546699121672993782e-02
2.410134280293603840e-02
8.678623117336280168e-02
4.557054939504667224e-01
8.387395619089028920e-02
1.618144788725304761e-01
1.919426310460471130e-01
9.826294022410951567e-02
4.010850809160979719e-02
6.307123792611442348e-02
2.241440116835394791e-01
3.776571411240079584e-02
3.383908074853290149e-01
1.456694489832712214e-01
7.003329009708075814e-01
2.189965030220983669e-02
1.596424189937973581e-01
3.279939896193036913e-02
2.670847468719750664e-02
4.923497017322399361e-02
4.323563802011821944e-02
2.303208785233053571e-02
2.007419786470007739e-01
6.261515491666609645e-02
1.898536531284111123e-02
1.765375606624020044e-02
2.721406705350155192e-02
1.969795780148363845e-02
3.330499132823441094e-02
5.672924715521465711e-02
5.735481853853838935e-02
1.289444103810824874e-02
2.155594249182300359e+00
2.151531075341839641e-02
1.046956649773569253e-01
7.841948172329599176e-02
9.650564109922922518e-02
2.814407549759206234e-02
4.071309193575947671e-02
3.622212803845665241e-01
4.406165490041508148e-02
2.792665954214407914e-02
3.542093652413473570e-02
3.134653689781684988e-02
1.289444103810824874e-02
4.596932617348400973e-02
1.330844128278521089e-02
1.981095312349825596e-02
3.648401605642952183e-02
1.294852141127226033e-02
1.628456916038097391e-01
4.397006277878799663e-02
2.464244068192681519e-02
2.588245780690064113e-02
1.289444103810824874e-02
5.238393237175966582e-02
3.407862429459610487e-01
1.574359564454358706e-01
3.830427159743485244e-01
1.745241920223135623e-01
3.914986624659050340e-01
1.170214567536419364e-01
3.178821422932227858e-02
2.811182739445530418e-02
9.374068784797548459e-02
7.491042785778614932e-02
1.530313366117293065e-02
3.145052846161049825e-02
4.486413664055205475e-02
1.455967665137641309e-01
3.669873846855230548e-01
7.286622612254271825e-02
7.539418795406294116e-02
5.877301982081837434e-02
1.583640311430543901e-02
4.183228531286042190e-02
7.520317528495050474e-02
1.863570971731980386e-01
1.526184589037367367e-01
5.063247806368058324e-02
7.398309640599470827e-01
1.893906513710223172e-01
4.877647448507888700e-02
1.450479386770452822e-02
7.173105421719945252e-01
1.184878935922847321e-01
9.386811608379880267e-02
1.513197677625713056e-01
2.485968852923079730e-01
1.502414332123339080e-01
4.371355329959379643e-02
3.615536128280451983e-02
3.838473087035917941e-02
4.495941524136883721e-02
3.523576867182351413e-02
4.243145340984860736e-02
4.959190352729837548e-01
3.276084131431915014e-01
2.357919987140514595e-01
6.055473568988391231e-02
6.233919249268113916e-01
1.105601967742866343e-01
8.609549735258668901e-02
3.279939896193036913e-02
2.596284614086989406e-01
3.374425598104306007e-02
3.158121410698379317e-02
1.991487831558200750e-01
2.041055029012616220e-02
6.488620543521821105e-02
4.186234784251986057e-02
6.875599038202859226e-02
2.136892932999113204e-01
5.063049445462352444e-02
1.997286049888087889e-01
2.588245780690064113e-02
4.171886092120608014e-02
1.383026467475824139e-01
2.659505029554316835e-02
2.863925203078660636e-02
1.981728504328400808e-01
4.070767618859798959e-02
2.183573526741121665e-02
1.206623380758221897e-01
1.310144116044673068e-02
2.498469746594688887e-02
2.252649548602649043e-02
1.522836287118010112e-01
3.351199145057289636e-02
4.085467301688839314e-01
1.726158809159049345e-02
1.280902198831729288e-01
1.502071788734208047e-01
6.622020012465008876e-02
2.569728995458941609e-02
2.953701237174035862e-02
7.255980545271888127e-02
2.162873514507273470e-02
5.999163374540466415e-02
6.028438117256901957e-02
3.086862161834126941e-02
2.588245780690064113e-02
3.815005366119223612e-02
1.868677306887554443e-02
9.391802727442843945e-02
4.365848321696785828e-02
3.075519722668693112e-02
7.611136528645333355e-02
1.420982169350756497e+00
1.334400206751898743e+00
4.100626843256355292e-02
1.710777869333491852e-01
2.011195804616059887e-02
6.688872623946419405e-02
1.411262589305482124e-02
7.994065804305520995e-02
2.700706693116306997e-02
9.166057876627140000e-02
1.211129781022432239e-01
1.415504730439144099e-01
6.501970613777952046e-01
7.113602668413587793e-01
1.340003340441229401e-02
4.668517607167651379e-02
1.018453222586526152e-01
5.977878880626497776e-02
7.022285629031109477e-02
3.746513825937817371e-02
5.220693599151182696e-01
4.974056253952804235e-02
3.960291572530575538e-02
7.127770556297369220e-02
4.670502473264670495e-02
6.113263215666705358e-02
7.257504178266742656e-01
2.385810473262739775e-02
1.836634855488272766e-02
2.850399536910501117e-02
7.431125976079797080e-02
1.361783166761348085e-01
4.852237768458146638e-02
4.504714615525176602e-02
3.398990673004847335e-02
1.999982519602314657e+00
1.991834078187054269e+00
1.707253179147918187e+00
2.670847468719750664e-02
