1.524697671856796444e-01
4.478910764058430943e-02
2.242360725737454485e-01
6.433146752809223989e-02
1.500584619087085361e-02
1.429450386448910364e-02
2.248233339242767803e-01
1.479714079907065993e-01
7.966777316310949542e-02
6.256910667084811251e-02
5.461090071159496739e-02
1.639805434042947430e-01
2.787766540259645556e-02
2.826914536325554964e-02
1.515557481531511208e-01
1.326329917238469776e-02
1.252767638156288554e-01
3.400189290966904032e-02
4.772590837980571210e-02
1.551055155302348901e-02
7.212045987447103512e-02
4.600515532911869654e-02
5.860070011071991797e-02
4.935522999679833184e-02
2.473422769914593658e-02
1.286567704719409622e-01
1.354622589914422116e-02
1.515235566256339095e-01
4.336642298782080601e-02
3.799752687153063607e-02
1.657508482012832463e-01
8.022583618498685398e-02
2.817573380051997811e-02
4.903536763107567420e-02
3.265042472303959081e-02
4.600515532911869654e-02
2.256414371624327619e-01
1.225198887942130083e-01
4.247023766500908348e-02
4.171728753207022689e-02
7.750330807869894312e-02
3.182387686612313249e-02
2.441436533342327894e-02
1.622189387940524072e-02
1.872660164247479386e-01
5.766092685230991138e-02
5.841625824309232273e-02
3.189917694058334585e-01
2.565746236265751268e-01
1.397464149876644773e-02
4.466806754731295070e-02
4.063625921282851966e-02
6.034364825800845461e-02
4.733442841914661803e-02
6.463151605505691732e-02
4.840962217565168701e-02
1.092657611244603144e+00
2.666161771406207193e-02
1.601525691517612440e-02
2.422952233699330118e-02
2.948519305178993674e-02
3.402952144020482406e-02
6.592917776944344499e-02
1.955017457928573746e-02
6.970817833616022030e-02
4.389292231777257997e-02
4.458247067635519312e-02
2.159078999569541413e-02
1.326469709998683022e-01
5.031059344609578599e-01
1.408786690025998906e-02
1.047961046821192649e-01
6.658653460050883988e-02
1.892442912386174680e-02
3.384467844377483936e-02
3.414274684169836538e-02
7.940893131389951953e-02
1.392970256638108584e-01
5.451748914885939240e-02
1.609315320065146937e-01
6.791580769053676137e-02
5.380614682247764069e-02
1.469830826709145055e-01
2.209549535784804952e-02
1.402927281563742246e-01
4.873531910411098289e-02
9.816216669584575116e-02
1.449226534157468660e-01
4.992373826210958626e-02
3.229408724266186193e-02
1.930385393008851036e-01
2.340495460911800815e-02
2.157324351762470449e-01
1.022815520303291120e-01
1.428080391465571808e-01
9.873483682933606453e-02
3.506072613230922647e-02
1.451552123354192363e-02
1.358316153810735366e-02
2.468480520081101776e-02
2.230213232207716584e-02
3.081446614181786170e-02
1.287181921172560368e-02
2.512570765980503065e-02
3.030976077966522630e-02
1.307845617595471827e-02
3.102110310604697802e-02
4.377969691627903864e-02
3.180406302736516616e-02
2.663982374626293684e-02
6.411283141688296772e-02
2.381624840853507202e-02
1.382076953586779122e-01
3.734017004046524119e-02
7.214027371322899451e-02
1.794264693009225975e-02
1.151237625824777649e-01
1.833412689075135382e-02
9.109233136762652505e-02
8.046131272065012441e-01
1.050833334002578417e-01
1.812748992652223751e-02
3.630491549508613192e-01
2.888707612690172635e-02
8.526271895358436548e-02
8.411828885998642868e-02
1.408786690025998906e-02
2.563041302195766605e-02
3.659663618656627121e-02
2.787766540259645556e-02
2.007667390923751141e-02
3.928519215500145961e-02
2.523893306129857197e-02
5.827885761595608810e-02
2.877385072540818503e-02
1.436612145942554181e-02
2.162103297417624082e-01
2.723234097162882672e-01
3.825052135869076442e-01
6.869095292007713904e-02
1.915869461862664339e-02
1.130804057706866345e-01
8.454830395547967281e-02
1.519068918730083310e-02
1.397464149876644773e-02
1.723130460371050804e-02
7.617446330555698031e-02
2.856721376117907218e-02
4.473385057951274890e-02
1.346993613661381234e-02
6.453810449232134927e-02
2.553700145922209105e-02
2.737296004044382364e-02
9.414433763738264127e-02
5.391937222397118201e-02
6.275366034424095796e-01
2.199135905817935221e-01
1.342639684677124079e-01
9.091060077934934314e-02
1.571718851725260532e-02
6.431165368933426663e-02
9.254110905162074574e-02
7.272428964313708277e-02
6.518777654882063066e-01
2.551718762046412473e-02
1.842551825339334148e-01
1.004489476220649519e-01
7.338352161541319973e-02
6.566086509771514867e-01
6.860535604911938146e-02
1.287181921172560368e-02
4.497395063701428719e-02
2.264418978440134109e-02
9.226093668686716209e-02
4.749164288504081899e-02
6.585339830632795655e-02
1.345000250297680167e-01
7.548253368913081240e-02
3.311154214959395603e-02
3.882209459940592217e-02
1.865398925647401146e-02
1.210406219750119888e-01
2.523893306129857197e-02
5.116741448117975710e-02
5.006459219413891132e-02
3.381767854355929304e-01
6.177392089576051737e-02
7.803566915947093841e-02
2.402288537276418487e-02
1.782942152859871843e-02
5.472412611308850872e-02
1.723130460371050804e-02
5.045023759206136021e-02
1.950375510935197787e-01
7.007202976628353064e-02
1.465305110864471849e-01
3.882209459940592217e-02
1.500584619087085361e-02
8.229410794743320379e-01
6.474474145655045865e-02
1.247303728471722550e-01
3.079267217401872661e-02
3.349314530690510883e-01
2.198226995635450820e-02
2.589636877963417683e-01
1.247749420634487183e-01
2.037474230716103049e-02
1.569539454945346676e-02
6.862715001691852001e-02
3.981169148495322663e-02
2.372481697484066579e-02
8.773642213721023764e-02
2.716632307621470732e-02
1.043299821385166165e-01
2.716632307621470732e-02
1.990222847252561336e-02
4.226360070077996717e-02
1.332228928281549707e-01
1.274052795610929878e-01
3.352481607805218866e-02
2.021209440733257034e-02
4.396453991270901640e-02
4.235701226351554216e-02
5.798078921803256902e-02
1.029588745351423251e-01
3.727813779262074134e-01
1.535677031466835540e-01
5.827885761595608810e-02
4.010975988287674571e-02
1.844735229224489514e-02
1.762278456436960211e-02
9.696247954117624690e-02
3.099930913824784293e-02
5.977315986365602796e-02
2.422952233699330118e-02
2.441436533342327894e-02
2.349055148007576921e-02
1.549848765657659277e-01
6.293839153490568550e-02
5.413057218518173286e-02
1.095689551872119638e-01
6.907699944680197046e-02
2.177563299212539535e-02
7.395443832665159201e-02
2.980505541751259091e-02
2.007667390923751141e-02
3.732845791599206930e-01
5.190055077536064043e-02
3.415020775376704787e-01
1.408786690025998906e-02
7.314384987479762013e-02
2.499068829051235424e-02
8.074601909570526537e-02
6.119584451641952444e-02
2.248697531850714360e-02
2.159078999569541413e-02
2.787766540259645556e-02
1.287181921172560368e-02
7.700446446736654293e-02
1.572107361074079612e-01
1.032390624598452877e+00
1.847735053614566192e-01
8.153328560946281056e-02
2.200165547822651238e-02
2.014047681239613391e-02
2.684646071049204968e-02
8.856880455686334808e-02
2.888707612690172635e-02
7.397425216540955140e-02
9.663696075740613178e-01
2.269361228273625991e-02
1.696727823792842371e-01
1.502645467457018325e-01
1.230621057644225025e-01
3.441318670908610072e-02
2.912091330478065732e-02
2.716632307621470732e-02
3.434938380592747476e-02
4.621179229334781285e-02
4.357305995204992233e-02
1.025860414170382262e-01
2.544557002552768482e-02
4.274849222417463623e-02
1.936533158285575970e-02
3.136316056837115673e-02
9.583746215753387310e-02
1.732471616644608303e-02
1.421208720458181363e-01
1.376800453453733142e-02
1.762278456436960211e-02
5.380614682247764069e-02
1.393022411747982595e-02
1.429450386448910364e-02
1.895312317630701016e-01
9.861717516915839699e-02
1.097132586596304971e-01
1.485044730337042596e-01
3.345319848311574529e-02
1.261970465643364181e-01
1.723130460371050804e-02
2.280683768422980123e-02
1.775300569701613040e-01
2.927855608756082043e-02
1.193918165407682752e-01
2.897918031926740579e-01
4.091253364295290018e-02
1.085466334694310253e-01
4.808975980992902938e-02
1.795520452030918146e-01
2.189956250943635718e-01
8.008041925597608746e-02
1.839565205992313990e-01
2.787766540259645556e-02
1.056680934052718346e+00
2.714452910841556876e-02
1.762278456436960211e-02
6.845508583805016978e-02
4.921239593572784149e-02
5.116939461022092239e-02
1.934353761505662461e-02
2.061822707192939585e-01
2.716632307621470732e-02
5.350807842455412161e-02
7.458091493238482028e-02
4.703636002122309895e-02
3.638999922233715489e-02
8.878583908081054410e-02
6.048450219003777967e-02
2.879564469320732359e-02
5.421942075093587332e-02
4.198772739945796223e-02
1.134384527541043436e-01
3.193908239665784604e-02
1.945676301655016593e-02
3.030976077966522630e-02
5.429103834587230976e-02
1.539518209925869185e-01
2.512570765980503065e-02
1.883883225290398922e-02
3.538515149501331863e-02
1.533111480244419081e-02
1.326329917238469776e-02
3.754975795745849748e-02
1.353373903977243484e-02
9.885088560874001617e-02
8.574981982247871504e-02
1.272202299352277743e-01
5.216336919550310092e-02
4.038801444204229846e-02
3.664062525096692391e-02
5.823343845835902977e-02
2.377628033621269343e-01
2.767102843836734272e-02
1.156560964751661841e-01
2.135652450093051755e-02
2.906608456059505893e-02
1.672659924155787264e-02
1.385360140549509074e-02
6.816482836740059281e-02
6.815861902738871991e-02
3.441923827455755092e-01
1.769440215930604202e-02
5.621842836078844857e-02
1.077958650756300485e-01
2.390965997127064355e-02
1.429450386448910364e-02
2.290024924696537623e-02
2.338316064131887306e-02
9.596433982514498418e-01
1.651996227732875980e-02
4.574326130381801969e-02
3.575027449089183962e-02
9.561684591728344951e-02
1.408786690025998906e-02
8.519650760449860860e-02
9.194107432114451139e-02
2.595027538768032022e-02
2.085181913877788215e-02
3.026815297310812489e-02
4.777446044118780627e-02
1.720367607317472777e-02
1.392413913157948269e-01
4.577088983435379649e-02
1.010630958958675940e-01
1.840946201692547635e-01
5.926845450150339256e-02
2.826914536325554964e-02
4.344081803372031869e-01
1.178806522436309234e-01
2.969183001601905306e-02
3.450659827182167572e-02
7.685579584355939353e-02
7.468559449179131005e-02
3.102110310604697802e-02
1.579573058245474781e-01
8.347618287069755172e-02
2.343441624390451561e-01
2.817573380051997811e-02
5.499456598047624406e-02
6.090233911547744683e-02
4.552765018061587926e-02
7.296441312421832193e-02
1.032877110598380138e-01
2.179742695992453044e-02
3.847834436517012513e-01
1.783305912687067341e-01
4.355126598425079071e-02
7.472958355619196968e-02
1.031497788010981992e-01
5.504398847881116635e-02
1.408786690025998906e-02
2.236153288891440938e-01
1.477690215696368381e-01
7.581021074663128745e-02
8.120787833866319749e-01
6.881199301334849083e-02
2.179742695992453044e-02
4.013155385067588427e-02
6.314304837009362958e-02
2.209549535784804952e-02
9.260061289134778606e-02
2.406328126003867696e-01
1.358316153810735366e-02
2.948519305178993674e-02
1.000902878610711311e-01
3.814692664564701269e-02
1.573854484056171621e-01
3.593511748732181738e-02
3.992491688644676795e-02
8.982300674706174271e-02
5.419762678313673476e-02
7.029848056927061328e-02
2.705309767472116600e-02
2.390965997127064355e-02
6.187955831226549935e-02
2.716632307621470732e-02
1.743794156793962435e-02
5.011639595031738142e-02
2.755780303687380139e-02
3.678147918299624897e-02
6.066351062373111225e-02
7.083279459100021158e-02
3.269243365839907822e-02
6.931669837550112623e-02
1.225890774475900807e-01
4.313997218483373031e-02
2.940264107888205247e-01
5.400583447071544141e-01
1.561969414091946839e-01
3.191728842885870748e-02
1.384707488511738027e-01
4.263526682268109491e-02
3.649969113500494688e-01
1.307845617595471827e-02
5.369292142098409937e-02
1.519068918730083310e-02
1.672659924155787264e-02
1.945676301655016593e-02
4.269906972583971394e-02
7.753096379731830301e-02
1.773600996586314343e-02
7.281218997219152111e-02
9.279001888475919835e-02
1.350708505563568695e-01
1.903191725413004576e-01
1.883883225290398922e-02
4.740604601408306140e-02
5.543546843947026043e-02
1.946346513011999180e-01
4.151675851721512434e-01
1.112137254915739337e-01
4.492437592723913520e-01
1.419974870849073922e-01
2.630014754178231287e-02
3.654457523111711570e-01
7.679655593738221597e-02
2.473422769914593658e-02
6.755714500159548663e-02
2.402288537276418487e-02
1.411506711390980544e-02
1.773600996586314343e-02
2.441436533342327894e-02
1.259266066969486619e-01
4.690134065193042601e-02
2.565220698975680114e-02
6.040534667801438218e-01
3.137329758259287948e-01
7.077555740088747882e-02
3.262863075524045919e-02
1.966339998077927878e-02
2.207712457891096089e-02
9.458571526042201805e-02
9.664958485385827247e-02
4.229579222829718543e-02
1.723130460371050804e-02
1.723130460371050804e-02
9.748477684824090328e-02
1.997787337554128573e-01
1.387300725568804960e-01
3.627677382084361357e-02
1.854076385498047014e-02
4.013155385067588427e-02
8.077039593144466623e-02
7.939425016704358684e-02
5.227221689726176818e-02
1.748077530609933872e-01
2.625498642001235505e-01
4.693751502455326824e-02
1.622189387940524072e-02
1.739642862688031144e-01
2.629275681679709153e-01
2.329660106123539465e-01
1.204048223662794737e-01
1.002685651444552295e-01
4.650986069127133193e-02
3.496731456957365147e-02
8.155617923067326469e-02
1.534522311729297206e-01
1.224352497803537498e-01
1.463957753097801795e-01
1.317936587751957489e-01
1.024922626060351949e-01
1.393031379632782563e-01
1.519146622272959934e-01
7.322328216151187397e-02
2.317068911435311157e-02
1.134002434579949592e-01
1.723130460371050804e-02
7.689123906587300161e-02
1.730292219864694794e-02
8.214107521793298505e-02
8.248856611419141949e-02
3.191873148867958171e-02
8.717831143161706986e-02
1.966770000625074899e-01
3.120594610247695577e-02
2.813412599396287322e-02
3.485408916808011015e-02
1.541027353520979006e-02
2.381624840853507202e-02
1.413284958454600615e-01
1.407027503900360743e-01
7.869758898751777476e-02
7.999306896276640877e-02
1.439708529857167130e-01
8.035962226098043448e-01
7.010807028987951772e-02
8.402903916542990570e-02
9.307225628903037506e-02
1.075426561790600172e-01
6.041288459510134323e-02
1.495182719146996297e-01
3.223715079458136512e-02
7.276018460591633652e-02
3.586349989238538094e-02
3.461982367331521704e-02
5.143983447760866468e-02
4.257004106253908238e-01
2.571600989291542363e-02
1.361106292824996178e+00
1.882574349118952273e-01
7.025904111694870890e-02
6.846950723413836037e-02
1.249731841840242136e-01
6.869876761185494951e-02
4.164566993713379045e-02
1.602481628719129025e-01
8.269633535753216635e-02
1.311962566877666325e-01
3.229515924788358139e-01
4.115612757833380514e-02
9.821811517079671872e-02
9.199801076922500820e-02
1.605282850432814268e-01
1.954700315207765771e-01
3.189279568822760424e-01
2.836297524602789388e-01
3.367421585216856528e-02
2.909371309113084267e-02
2.936415295851858148e-02
5.619382481825978964e-02
4.315978602359169664e-02
4.379407732110274232e-02
2.989648685120699714e-02
2.361760323507743897e-01
1.741461314653095505e-01
7.957764257464492452e-01
5.107598304748535434e-02
3.274185615673400052e-02
1.361900333772625704e-01
6.543428981513307874e-02
4.534544342442562437e-01
3.033281117154840723e-01
4.958406205762896923e-02
6.484049270027562040e-01
1.743794156793962435e-02
2.787766540259645556e-02
2.686825467829118824e-02
3.678147918299624897e-02
4.245042382625111022e-02
5.841625824309232273e-02
1.723130460371050804e-02
7.266677304318076847e-02
1.490916557479322890e-01
2.672542061722069442e-02
5.107598304748535434e-02
2.888707612690172635e-02
2.307727755161754005e-02
1.691144223798785387e-02
4.312170108159383286e-01
2.849201191099066666e+00
1.831748689266673225e+00
3.088275712833070119e-01
2.438673680288749868e-02
4.227642682560703302e-01
3.078683761128208143e-02
4.917038700036835408e-02
3.533116599969696875e-02
1.408786690025998906e-02
1.955017457928573746e-02
5.522883147524114411e-02
4.309014855769642549e-02
1.424508136615418481e-02
4.196553230285644809e-02
6.506500495107550575e-02
8.996386067909106776e-02
2.700367517638624718e-02
2.127092762997275996e-02
9.456492127033702122e-01
1.208932646533899119e-01
1.865398925647401146e-02
2.370302300704153070e-02
2.260020072000068492e-02
2.198226995635450820e-02
9.358495536603425591e-02
2.595027538768032022e-02
3.841080079998886176e-02
4.591372389542429377e-02
4.235701226351554216e-02
2.512570765980503065e-02
4.267687462923819286e-02
1.479920922664173903e-02
4.155423850343938769e-02
1.563755215260020370e-01
6.663294415724905218e-01
2.833294826641417213e-02
2.778670348619159958e-01
7.470976971743399642e-02
1.500584619087085361e-02
1.743794156793962435e-02
1.429450386448910364e-02
1.711807920221696672e-02
7.356295836599249793e-02
5.938167990299693388e-02
3.049460377609520753e-02
3.179624833558734875e-02
8.255534423025030766e-02
5.086934608325623802e-02
5.110318326113516552e-02
6.547429603442811441e-02
2.177563299212539535e-02
2.307727755161754005e-02
1.114912489004302454e-01
1.485037418833950185e-01
4.153244453564024913e-02
1.490556817305715466e-02
5.476927953853941711e-01
1.562541710702996522e-01
6.699782839992590722e-02
2.127092762997275996e-02
1.238781765887611852e-01
5.947509146573250888e-02
7.548907681515341916e-02
7.578841677883214889e-02
2.476225112613878732e-01
2.016810534293191418e-02
1.408786690025998906e-02
1.376800453453733142e-02
1.824071532801577883e-02
3.203051383035224881e-02
9.568222782068085130e-02
1.500584619087085361e-02
1.770087271405939577e-01
8.994693295997485682e-02
6.729787692689058465e-02
6.312323453133567019e-02
2.529526484640021167e-01
9.384428911041794996e-02
2.351818001061154947e-02
2.026123456787644883e-01
2.862119925649542554e-02
2.980505541751259091e-02
5.045805228383917762e-02
1.262188133440519666e-01
2.716632307621470732e-02
1.160993801920037483e-01
6.846450211709005640e-02
2.523893306129857197e-02
2.684646071049204968e-02
7.378811041514078684e-02
7.853262466296815347e-01
1.147224652139764017e-01
6.031904471547980262e-02
6.606003527055706592e-02
8.338475143700314896e-02
3.151801293356376599e-01
2.303826863305610539e-01
1.042365705757810346e-01
6.165613249728554152e-02
1.309287401667812434e-01
3.965327083018788112e-01
6.078257058796129875e-02
3.186899457061500018e-01
5.771889519273189217e-02
5.118920844897889566e-02
6.598841767562063643e-02
3.510172672439039743e-01
2.007853478716130902e-01
8.212428636718215047e-02
5.288233296913013443e-02
6.658653460050883988e-02
1.915869461862664339e-02
7.084717499582390832e-02
5.933225740466201853e-02
2.668808067054079247e-01
7.418088912963867465e-02
6.038993274956419022e-01
1.068811374798155633e-01
8.422567969874332483e-02
5.054948371753358038e-02
4.510897000630696707e-02
5.098257148474977934e-02
2.462100229765239526e-02
1.274945066686262174e-01
5.875593444757293976e-02
1.550002052072892988e-01
1.013713874314960683e-01
2.108608463354277873e-02
1.676326362710250095e-01
5.382429603944745011e-01
4.642299225455836370e-02
1.699703910894561146e-02
1.361044365063048267e-01
1.335571355987013320e-01
1.741741611246477028e-01
7.369837886408756034e-02
1.233932850653665092e-01
2.358979760554798938e-02
1.287181921172560368e-02
1.221652382298519801e-01
3.902784272244101960e-01
9.481316783971953377e-02
5.774652372326766897e-02
3.133103391580414621e-01
2.838237076474909096e-02
1.337652457387823735e-02
1.307845617595471827e-02
9.356950500555205608e-02
1.474481051428276068e-01
1.358316153810735366e-02
4.602694929691783510e-02
1.723130460371050804e-02
3.260683678744132064e-02
2.334536063043694820e-01
9.758855501810709265e-02
8.792907982541803280e-02
5.412600918820029833e-02
4.772590837980571210e-02
6.119584451641952444e-02
7.542387393482943847e-02
2.285082674863045740e-02
3.524117762582344021e-02
1.723130460371050804e-02
2.161953984645375026e-01
3.646161681727359133e-02
5.837226917869166309e-02
9.036117520248680701e-02
2.787766540259645556e-02
4.682972305699398957e-02
1.479920922664173903e-02
3.131917150397049709e-02
5.803915868725693233e-02
6.857772751858359772e-02
3.755662441253661971e-02
2.055958530359100825e-02
2.684646071049204968e-02
1.865398925647401146e-02
1.376800453453733142e-02
4.267687462923819286e-02
8.046776453653971262e-02
5.409838065766451459e-02
7.500743698655512604e-02
3.253521919250488420e-02
3.017474141037254989e-02
6.887579591650712374e-02
1.519068918730083310e-02
5.178732537386709911e-02
1.024780708446837302e-01
3.159742606313604985e-02
5.229203073601973450e-02
4.078565898694490321e-02
1.043774245078103596e-01
6.789401372273763668e-02
2.319831764488889531e-02
1.762278456436960211e-02
2.739515513704534125e-02
1.272504463530423346e-01
1.177946864512928737e-01
1.984824297720926001e-02
1.370550891809296234e-01
6.968054980562443657e-02
2.430113993192973762e-02
4.288351159346730918e-02
6.940229524645888382e-02
8.856098986508553761e-02
3.434938380592747476e-02
1.500584619087085361e-02
1.865398925647401146e-02
1.923031221356308329e-02
3.051639774389434262e-02
5.208539377179061819e-02
5.357188132771274758e-02
8.327608903249104910e-02
1.556269825550547770e-01
9.267223048628422943e-02
2.332301365701775764e-01
6.034364825800845461e-02
4.843725070618746381e-02
7.753096379731830301e-02
9.311551420312179361e-02
3.257920825690553690e-02
4.935522999679833184e-02
3.446260920742101608e-02
5.311659846389502754e-02
1.956430815813834101e-01
5.662939360267237321e-01
4.671649765550044825e-02
3.017474141037254989e-02
1.523363268166257611e-01
1.934353761505662461e-02
3.051639774389434262e-02
1.558216914795992718e-02
6.066452536666602086e-02
1.821308679747999856e-02
2.005487994143837285e-02
1.242342133271066712e-01
4.196553230285644809e-02
1.736767881794979707e-01
2.520028524231492373e-01
1.590203151368258308e-02
1.298461629633317939e-02
1.267869004032068148e+00
6.604219842375370630e-01
6.814463975136740570e-02
1.382240830806263643e-01
5.674492769074021559e-02
1.077693261598285934e-01
1.699872422636601044e-01
8.452918153060109963e-02
3.076700034894441424e-02
3.801932083932976769e-02
1.239617707436544841e-01
3.466924617165013239e-02
1.879882858510603105e-01
2.387023390385142538e-02
1.203353084179393129e+00
2.189169996663143658e-01
7.554871785013299312e-02
4.655384975567198463e-02
4.692313461972955763e-02
9.289427012727971555e-02
5.416416368986430585e-02
1.483465274175008175e-01
5.039693234259622345e-01
1.365973443315740277e-01
1.056572750995033727e-01
1.049400982103849689e-01
1.010075360013727580e-01
6.554751521662662006e-02
9.013003968355948192e-02
1.178971842715614698e-01
6.477236998708624238e-02
3.513234372724566290e-02
2.337964844285396193e-01
3.173244543242872973e-02
4.703636002122309895e-02
2.331154304638243663e-02
3.755662441253661971e-02
1.203514747452317651e-01
7.404003519760934959e-02
6.647330919901529855e-02
3.756443910431443711e-02
1.808307254523561572e-02
1.794264693009225975e-02
1.928692462151510578e-01
1.275859381023206236e-02
3.145424315803929116e-01
8.368479996396784026e-02
4.066097288800958887e-01
1.773600996586314343e-02
3.171065146462959117e-02
2.218890692058362452e-02
1.865398925647401146e-02
3.666825378150270764e-02
6.770373729237338933e-02
8.234573205312092914e-02
1.291996303357575981e-01
8.376841670588443256e-02
2.315889157746967367e-02
4.104755301224558006e-02
6.755433751825701272e-02
4.587013595982601666e-02
5.536108376687033372e-01
2.542377605772854973e-02
4.659545756222908952e-02
1.358316153810735366e-02
2.491907069557591434e-02
2.037474230716103049e-02
1.691144223798785387e-02
5.887697454084429849e-02
1.934353761505662461e-02
2.358198291377017544e-02
2.016810534293191418e-02
1.307845617595471827e-02
1.043972383465683294e-02
2.998989841394257214e-02
1.812748992652223751e-02
1.175418786835252249e-01
1.963522647556505685e-01
1.448452012580737636e-01
2.604754661258898429e-01
1.691144223798785387e-02
2.789015861979702304e-01
4.850616731141743077e-01
1.743794156793962435e-02
5.784576984873988914e-02
3.353683312733968247e-01
2.280683768422980123e-02
1.500584619087085361e-02
9.160558257186622588e-02
7.563358357078150962e-02
1.801426452502869618e-02
1.447934686091908313e-02
1.498405222307171679e-02
1.275859381023206236e-02
1.723130460371050804e-02
4.671649765550044825e-02
1.651996227732875980e-02
1.429450386448910364e-02
1.408786690025998906e-02
2.930035005535995898e-02
3.929917143102278076e-02
3.696632217942622672e-02
3.120594610247695577e-02
6.825786515286094702e-02
3.070124074032432038e-02
3.395790384526838068e-02
3.108490600920560051e-02
3.870886919791238084e-02
5.522883147524114411e-02
6.105301045534903409e-02
6.118802982464171397e-02
1.693323620578698896e-02
1.429450386448910364e-02
6.961674690246581754e-02
1.569539454945346676e-02
1.429450386448910364e-02
1.955017457928573746e-02
5.790373818916186993e-02
2.402288537276418487e-02
2.016810534293191418e-02
2.959841845328347806e-02
1.442272704944276007e-01
3.019653537817168498e-02
2.215287714673761787e-01
1.563223654763740422e-01
9.992107424819678119e-02
1.601525691517612440e-02
4.235701226351554216e-02
8.013881591328403386e-02
9.382447527165999057e-02
6.447969181495800672e-01
3.122774007027609433e-02
6.037127678854423835e-02
1.890879957299483327e-01
1.098719237143533228e-01
3.237731331273129010e-02
1.617247138107032189e-02
3.434938380592747476e-02
6.376295926278097159e-02
3.262863075524045919e-02
2.319831764488889531e-02
1.281645841765821914e-01
6.931669837550112623e-02
1.922249752178526588e-02
3.324656151888663591e-02
3.994671085424590651e-02
3.162354753728498502e-01
8.008396458207514557e-02
1.601525691517612440e-02
6.300219443806430453e-02
1.895162933751156492e-02
1.672659924155787264e-02
2.517969315512138401e-02
6.156200082678543462e-01
3.401174160472133501e-01
4.202736319157115430e-01
6.654881523366560359e-01
7.358046142678511536e-01
2.613511838411030144e-02
5.036464072110360263e-02
3.363804147954572998e-02
3.428105789318419139e-01
2.705766067170260400e-02
2.665035837575008837e-01
2.300088029158742775e-01
8.123849860408849377e-02
6.906918475502415999e-02
4.890034826178299432e-02
2.239902082242463677e-01
6.699782839992590722e-02
6.817226828190318944e-02
1.165577152319121831e-02
1.162956024471082234e-01
3.480236906754343162e-01
8.748817736642403031e-02
2.916533068606727910e-02
1.218003034591674805e-01
3.992854210368373957e-01
3.653042483748051433e-02
6.963656074122379080e-02
3.654521548957155308e-01
2.723208268483479771e-02
1.152482062055353584e-01
2.354273938296133906e-01
2.260020072000068492e-02
1.099035350899947305e-01
3.416454080949749700e-02
1.212481691126237882e-01
5.766092685230991138e-02
3.253521919250488420e-02
5.694958452592815967e-02
1.445311734550877580e-01
2.948519305178993674e-02
2.806250839902643679e-02
6.832908161899499400e-02
2.067281070508454957e-02
4.540703840423048615e-02
6.381989571086146840e-02
1.883883225290398922e-02
5.405677285110741664e-02
5.294791744466413874e-01
2.708039082978900836e-01
1.590551229945400269e-01
4.450328454636691133e-01
5.215701136672706156e-02
1.033181629682842079e-01
1.364795559330990449e-01
1.195106272111859241e-01
3.811075227302417739e-02
2.803688626540334350e-01
2.372481697484066579e-02
1.551019262849238911e-01
4.325198098232871380e-01
2.278129368497614216e-01
7.243161448261193902e-01
1.177535207648026383e-01
2.817573380051997811e-02
5.947509146573250888e-02
1.326329917238469776e-02
3.960505452072411031e-02
2.976946165687159307e-01
1.755521548421759281e-01
2.508628159238580901e-02
2.491907069557591434e-02
5.644388596216837195e-01
7.374030025381791420e-01
6.120044900659928899e-01
2.836057679694995587e-02
9.448639509970681305e-02
1.524993758452566073e-01
4.890491125876443579e-02
4.413715705536959411e-02
7.240015749345746210e-02
2.840333457578692600e-01
2.383158169294658513e-01
6.999099589230721452e-02
1.514301450628983414e-01
2.714452910841556876e-02
1.405570695274754589e-01
6.913185537907115541e-02
1.376800453453733142e-02
3.852402620148240309e-02
1.723130460371050804e-02
2.115825590334440565e-01
2.519820196586742764e-02
1.307845617595471827e-02
2.228033835427803075e-02
4.125418997647469638e-02
4.338821695561994457e-02
3.778370095972428955e-02
9.018956067269308374e-02
1.521248315509996993e-02
3.156979753260026611e-02
2.370302300704153070e-02
3.223715079458136512e-02
3.900693759583589992e-02
3.377424457616973186e-02
4.476929380182634310e-02
6.537048691197445971e-02
2.260020072000068492e-02
2.108608463354277873e-02
1.915869461862664339e-02
1.072105679595679595e-01
2.785587143479732047e-02
5.316058752829568718e-02
7.700446446736654293e-02
7.560357378240217807e-02
4.215037529928642585e-02
3.912472599431088272e-02
7.004983466968202344e-02
7.568917065335993566e-02
1.257837726358781716e-01
6.977979593109666367e-02
3.820416383575974545e-02
7.139188657727157938e-02
5.158068840963798973e-02
3.342556995257996849e-02
7.224766455198589066e-02
4.345983455055638101e-02
5.822943511762117275e-02
6.736949452182702802e-02
2.151238679885864313e-01
2.915751599428946517e-02
1.513417386172110635e-01
1.378979850233646824e-02
2.764339990783155898e-02
2.982725051411411199e-02
3.441318670908610072e-02
4.028876831657007829e-02
1.479920922664173903e-02
1.651097971096373573e-01
1.439371912102950235e-01
6.806122461954752789e-02
7.174879375256990044e-02
5.128063988267329842e-02
3.618336225810803858e-02
3.829559526945415515e-02
1.307845617595471827e-02
9.857489088125396259e-01
7.195543071679900982e-02
2.494086466337505290e-02
2.005487994143837285e-02
9.358239508511727311e-02
4.182612143064799726e-02
1.865398925647401146e-02
2.656906935206631015e-01
4.297494302716171194e-02
2.055958530359100825e-02
2.129272159777189505e-02
2.877385072540818503e-02
2.228976320802119604e-01
7.228767077128092633e-02
6.761773929261324922e-02
1.479920922664173903e-02
7.213443915049234934e-02
4.987526400047435915e-02
3.980387679317541616e-02
1.421728774120933070e-01
1.500584619087085361e-02
1.773600996586314343e-02
2.491907069557591434e-02
5.919683690656695613e-02
7.337811536956251324e-02
6.846450211709005640e-02
3.536498964878550533e-01
4.878650313929507876e-01
6.806872568632427178e-01
2.556346759461520235e-01
3.221535682678222656e-02
3.850223223368327147e-02
3.730797851294802292e-02
2.072773021564149054e-02
1.743794156793962435e-02
1.378979850233646824e-02
1.366352951317502742e-02
1.770696978819997769e-01
2.657879026312577331e-01
3.727931809007075520e-02
1.637901753710027386e-01
7.754606255313806207e-01
3.289386293344330192e-01
2.082123099711903347e-01
7.283370662153812458e-02
1.639794504433347566e-01
3.534963340090032519e-02
2.206421366909094017e-01
2.044196798090349224e-02
5.757399253677903950e-01
2.452759073491682026e-02
4.164566993713379045e-02
2.087944766931366589e-02
4.419099071569609904e-02
5.612501679805287358e-02
6.963656074122379080e-02
1.000690410011692982e-01
1.153383660734745436e-01
4.772590837980571210e-02
2.803487986849065305e-02
2.824735139545641455e-02
7.333650756300541529e-02
1.468753685031020939e-01
2.372481697484066579e-02
1.551055155302348901e-02
1.047251023744281972e-01
1.129061188614159245e-01
2.280683768422980123e-02
1.183224573469998514e-01
7.730408467744526169e-02
7.388282073171514863e-02
3.090819074396501387e-01
4.407594249959577715e-01
1.988551482819674310e-01
5.655810456526906560e-02
1.844735229224489514e-02
2.349638604281241439e-02
4.735078895301149393e-02
1.132337959189163995e-01
2.108608463354277873e-02
3.141258306670607209e-02
2.622071525506805903e-02
3.717295914365534304e-02
4.506736219974986218e-02
4.333879445728502922e-02
1.033725767804865303e-01
1.681049792390120645e+00
6.624487826698705062e-02
1.884051657559578929e-01
1.263514071180109333e-01
5.139584541320800504e-02
6.748271992332056934e-02
2.082359673684103518e-01
3.533898069147477922e-02
7.731065039049114795e-02
4.333879445728502922e-02
2.473422769914593658e-02
5.001714982484516125e-02
1.871779215963263396e-02
6.778078832124409536e-02
2.826914536325554964e-02
2.135652450093051755e-02
2.739515513704534472e-02
2.159078999569541413e-02
1.138781405331795726e-01
1.544747377696790158e-01
1.578099142041122782e-02
2.645498074983295561e-02
1.479920922664173903e-02
7.566694836867482454e-02
4.363490719544260155e-01
2.422952233699330118e-02
3.272006218893486196e-02
3.233056235731694011e-02
7.587401364978990648e-02
3.586349989238538094e-02
1.899007659209402121e-01
1.915869461862664339e-02
3.363804147954572998e-02
2.838237076474909096e-02
4.104755301224558006e-02
4.160406213057668556e-02
4.318157999139082825e-02
1.413067018776609229e-01
5.539386063291315554e-02
3.911973468044348257e-02
1.602751200659233155e-01
1.651996227732875980e-02
2.442185451273332752e+00
1.332885763101410437e-01
7.002804070188288488e-02
5.164929026051571226e-01
1.937524992122984790e-01
3.209399005822968082e-02
6.783675453119110133e-01
3.157387699997216135e-02
5.024360062783224390e-02
2.704984597992478659e-02
4.134760153921027137e-02
3.818236986796061383e-02
4.506205583873548193e-01
4.843725070618746381e-02
6.112422692148308800e-02
1.292580470704195877e-02
3.255762694174783034e-01
1.607138069889001653e+00
1.411506711390980544e-02
2.370302300704153070e-02
4.974670995745742591e-02
7.381160426558110166e-02
2.808430236682557188e-02
3.260409371894702757e-02
6.364973386128743027e-02
3.179710578081900607e+00
6.344309689705832089e-02
7.281617281729714508e-02
1.721721649169921931e-01
6.665033750366745890e-02
6.687916956449810324e-02
4.781150525076347663e-02
4.946845539829187316e-02
1.481294928935536215e-01
1.249035467181289355e-01
2.467194092901129343e-01
7.509886842024954268e-02
1.671893425155104307e-01
3.473609832295200539e-02
8.577742074665270500e-02
3.007549528490032972e-02
6.344309689705832089e-02
1.503803771838807188e-02
2.159078999569541413e-02
2.574363842345120737e-02
1.640673687583521848e-02
3.241071671770330287e-01
1.376800453453733142e-02
2.037474230716103049e-02
4.303874593032033791e-02
1.098410434890211701e-01
4.930580749846341648e-02
7.216206768102813307e-02
1.408786690025998906e-02
7.459416305809690728e-02
1.380459676709091532e-01
6.222704920852393379e-02
1.519068918730083310e-02
8.934352146951775320e-02
2.602189298261676012e-02
2.218890692058362452e-02
6.617326067205060725e-02
2.602525497737683824e-01
5.463810092524478551e-02
9.989463069982695842e-02
6.141500054744251924e-02
4.149585280502051665e-01
1.569539454945346676e-02
1.988922570881090646e-01
1.194910626662404884e-01
1.794264693009225975e-02
8.782983369994581957e-02
7.298663540890341916e-02
2.544557002552768482e-02
6.899683600977847553e-02
7.685734870141012198e-01
3.947034396623310126e-01
1.258901315822935907e-01
3.325494109538563725e-01
2.262259127800924641e-01
2.399525684222840460e-02
1.610272035264132262e-01
6.066934518646775742e-02
2.860534483926338231e-02
7.347152693229809517e-02
1.424258612749869368e-01
1.606924241049247776e-02
3.607013685661449726e-02
5.389955838521321568e-02
9.382943939744380069e-02
3.446260920742101608e-02
1.203572382006728864e-01
2.179742695992453044e-02
4.696712368413021726e-02
3.595691145512095593e-02
3.707371301818312287e-02
5.139584541320800504e-02
8.339769882068300000e-02
7.039189213200619522e-02
1.640673687583521848e-02
3.627677382084361357e-02
1.590203151368258308e-02
3.904624194429631712e-02
8.685371825569554449e-01
2.016810534293191418e-02
1.013913043758325472e+00
7.436114382325557104e-01
5.385795057865611080e-02
1.945676301655016593e-02
4.856683664154588104e-02
3.076480890575208349e-01
6.379274234437105895e-02
5.176553140606796749e-02
4.611452219779031414e-01
3.649380834479080959e-02
1.895205765439753054e-02
2.583704998618677889e-02
3.131917150397049709e-02
1.609673797038563559e-01
1.929912023377000282e-02
6.952333533973024948e-02
3.717295914365534304e-02
2.370302300704153070e-02
3.399407821789122292e-02
9.110962717156660673e-02
1.473446306429411212e-01
9.188240410988790519e-02
1.213581336172003533e-01
1.390960517682527375e-01
1.419422584667540468e-02
2.684646071049204968e-02
1.844735229224489514e-02
3.804151593593128877e-02
6.677137759693882457e-02
6.729787692689058465e-02
1.743794156793962435e-02
1.408786690025998906e-02
1.279395935828225583e-01
6.216981201841120103e-02
7.514869204738683361e-02
1.691144223798785387e-02
1.948986873292086475e-01
1.419558428881461110e-01
2.716632307621470732e-02
3.200288529981646507e-02
3.464745220385099383e-02
3.384467844377483936e-02
1.723130460371050804e-02
6.057791375277335466e-02
1.124928449329577057e-01
5.609738826751708984e-02
9.732394971345600942e-02
6.548371231346800103e-02
8.480755073982372272e-01
8.002686207754569625e-02
5.330144146032500529e-02
3.319713902055171362e-02
4.203714989779288452e-02
7.578841677883214889e-02
1.780762756079958334e-02
1.313534711536608335e-01
2.918712465386641766e-02
4.823061374195834750e-02
3.870886919791238084e-02
1.074656051501893111e-01
5.602577067258065341e-02
1.240848135529902946e-01
7.692793565883970786e-01
5.168066568541945099e-02
2.817573380051997811e-02
2.370302300704153070e-02
6.688460299843236589e-02
2.351818001061154947e-02
3.657484221876713265e-02
2.523290186597589857e-01
1.601525691517612440e-02
3.405131540800395568e-02
7.349590376803749603e-02
4.251422672940973618e-02
1.133437696256135579e-01
1.217356573071396164e-01
6.413264525564092711e-02
2.551718762046412473e-02
3.950580839525189014e-02
5.665151612800464059e-02
4.550044996696606114e-02
2.138415303146630128e-02
3.455602077015659107e-02
2.159078999569541413e-02
4.385048452176545930e-01
1.802761960447880341e-01
1.002961936749909994e-01
1.821308679747999856e-02
1.150677743710969564e-01
2.129272159777189505e-02
1.622189387940524072e-02
1.794264693009225975e-02
1.691144223798785387e-02
7.406766372814513333e-02
5.440426374736585108e-02
2.236593522523578834e-02
3.357632285670230504e-02
4.425677374789589030e-02
2.998989841394257214e-02
3.049460377609520753e-02
1.323352533474303205e-01
2.856721376117907218e-02
3.214514305717066645e-01
1.424749286551224570e-01
1.500584619087085361e-02
1.238142703290571189e+00
6.401941985414738578e-02
2.716632307621470732e-02
6.518564391554447501e-02
8.027350526106985518e-02
7.682375615103202715e-02
3.827243353191174813e-01
3.081446614181786170e-02
2.494086466337505290e-02
4.995093847575940438e-02
1.155681697945845771e-01
2.032531980882611167e-02
2.154136749736049877e-02
6.151570688214218208e-02
2.904429059279592384e-02
6.286717506877162465e-02
4.999535585704602964e-02
3.253521919250488420e-02
2.710409762566549641e-01
3.882166628251995655e-02
3.815474133742483009e-02
2.460877339045206835e-01
1.456494373187684245e-02
1.844735229224489514e-02
3.131917150397049709e-02
2.936415295851858148e-02
2.930035005535995898e-02
9.297227901324890686e-02
6.564676134209883329e-02
1.594947568157263074e-01
4.003814228794030927e-02
1.075208622112608786e-01
4.432874135803758220e-01
1.691144223798785387e-02
2.500466756653367539e-02
1.392521900043153064e-02
8.384003430082087593e-02
2.055958530359100825e-02
4.126857038129840005e-02
2.260020072000068492e-02
5.434119199451647314e-02
2.595027538768032022e-02
3.390926628782038321e-01
1.743794156793962435e-02
2.005487994143837285e-02
2.248697531850714360e-02
5.137405144540887342e-02
1.065694198273775817e-01
7.109341705054567084e-02
7.029885534654584101e-02
2.930035005535995898e-02
3.262863075524045919e-02
7.617208204771343250e-02
1.450114082871821822e-02
1.358316153810735366e-02
2.363853793395193081e-01
5.674294756169905030e-02
5.873612060881497343e-02
5.148727684690241474e-02
5.747608385587993363e-02
4.116816478863097317e-02
7.635109048140675814e-02
1.008104671511733802e-01
7.344191827272114614e-02
2.716632307621470732e-02
1.311324537846079996e-01
1.895205765439753054e-02
8.636554124062521820e-02
8.189044918930321604e-02
6.658653460050883988e-02
4.364467754698636570e-02
3.900693759583589992e-02
2.789713328344780030e-01
7.568917065335993566e-02
4.074948461432206098e-02
1.169034422489634711e-01
5.594017380162289582e-02
1.640673687583521848e-02
1.645650163031461055e+00
1.723130460371050804e-02
2.127092762997275996e-02
9.414433763738264127e-02
7.803233937213295279e-01
1.074294307775664759e-01
1.620009991160610216e-02
1.654716249097857445e-02
5.798078921803256902e-02
1.966339998077927878e-02
1.091805236381396954e-01
4.297494302716171194e-02
5.807036876678466353e-01
6.550590741006952211e-02
4.600515532911869654e-02
2.247129904596429084e-01
1.800644983325088225e-02
1.317331079851117095e-02
1.593130299919529869e-01
2.595027538768032022e-02
1.636231949454859669e-02
9.708369112851326921e-02
4.187410086916203839e-02
9.035748096934535789e-02
4.043418524558083788e-02
3.264801627711245990e-02
1.644005327893976465e-01
3.058020064705296512e-02
4.439762767992521536e-02
4.760486828653436031e-02
5.498913254654198141e-02
6.920347297400758491e-02
2.491907069557591434e-02
5.341466686181854662e-02
4.195241957380060338e-01
2.494086466337505290e-02
1.683886013532939763e-01
1.203102007246854011e-01
4.540703840423048615e-02
1.506964909402947611e-02
1.078629196735850504e-01
2.059519633912203496e-01
9.191689909550181115e-02
8.706906887522915250e-02
1.892825344152617995e-01
1.034872711750498969e-01
2.978326144971345582e-02
4.175889533862733177e-02
1.216988889794600598e-01
4.761268297831217772e-02
1.508398428297879346e-01
2.936415781054580454e-01
3.723676204681396207e-02
5.581913370835153709e-02
2.351818001061154947e-02
1.476519877450508111e-01
2.880858689023737540e-01
3.416454080949749700e-02
4.579268380215293505e-02
2.574363842345120737e-02
3.038988289080167826e-01
4.162966046416968768e-01
7.520666038780882134e-02
5.990817923294870784e-02
4.490233304207785076e-02
2.402288537276418487e-02
2.351818001061154947e-02
5.289014766090794489e-02
2.716632307621470732e-02
2.117865721384684374e-01
3.866726139135528290e-02
2.757959700467293648e-02
2.684646071049204968e-02
6.570472968252082102e-02
2.451615873136018531e-01
2.595027538768032022e-02
1.598299846314547301e-01
1.886062622070312431e-02
9.526179338756360360e-02
5.145964831636663100e-02
1.638610618156299270e-01
3.087826904497648420e-02
7.803566915947093841e-02
3.578501584237082228e-02
2.122836418319166696e-01
4.019535675383451023e-02
1.429450386448910364e-02
1.408786690025998906e-02
7.427430069237424271e-02
5.257028529518528726e-02
1.593041503638552014e-01
9.422093316128379858e-02
2.003527775145413567e-02
2.806250839902643679e-02
6.869095292007713904e-02
2.340495460911800815e-02
4.600515532911869654e-02
8.118366985990289886e-02
2.138415303146630128e-02
1.672659924155787264e-02
6.701418893379076924e-02
1.131403843561808314e-01
1.172097126642863002e-01
2.937196765029639542e-02
3.393027531473260389e-02
9.548893936893396162e-02
9.156940819924337671e-02
4.650986069127133193e-02
4.400852897710967604e-02
3.880228076064795584e-02
2.634175534833941429e-02
6.415443922344006566e-02
9.201031065823739308e-02
5.424379758667527418e-02
7.984983377289353590e-02
1.625408540692245898e-02
4.864388767041658013e-02
5.892350907911334534e-01
1.604521483705754759e-01
5.279673609817236990e-02
1.553883330863818912e-01
1.361327961871498515e-01
2.045051353019580465e-01
1.056582233362030609e-01
1.991050293571070551e-01
2.622852994684587297e-02
5.401278378670675701e-02
7.945292037830017917e-02
8.488123542384097553e-02
7.184220531530548237e-02
1.097981243802789997e-01
1.412020223182544332e-01
4.082110220925849742e-02
5.502219451101202780e-02
1.984824297720926001e-02
1.495927534605327458e-01
3.520614306131998605e-02
6.920347297400758491e-02
1.397464149876644773e-02
5.283291047079521213e-02
3.081446614181786170e-02
2.686825467829118824e-02
1.761503934860229603e-01
1.353260395819680661e-01
1.238702820058454612e-01
4.573174694128203516e-02
5.554869384096380175e-02
1.078707343653628747e-01
2.327546709462215979e-01
1.326407353083292606e-01
2.280683768422980123e-02
2.767102843836734272e-02
5.938167990299693388e-02
1.186831536209374205e+00
1.351148396207575153e-01
2.298424034787897516e-02
1.723130460371050804e-02
1.287181921172560368e-02
6.128144138737728897e-02
3.767766450580797843e-02
3.345319848311574529e-02
2.207487892686275099e-01
1.293714573508814858e-01
1.079761450750785917e-01
3.909449117225512887e-02
3.461029002540990107e-01
2.245934678797136333e-02
1.271916774281283899e-02
1.530391458879437443e-02
2.645498074983295561e-02
1.429450386448910364e-02
8.292205501021000791e-02
4.132580757141113281e-02
4.754106538337573434e-02
1.938909693768149922e-01
1.525586157514337848e-01
5.704299608866373467e-02
5.433264615242941464e-02
3.287401207706384665e-01
2.160975054690712494e-01
2.159078999569541413e-02
3.678147918299624897e-02
8.436653363077263601e-02
6.029965919360780191e-02
7.408747756690309272e-02
5.176553140606796749e-02
2.686825467829118824e-02
2.287064058738842373e-02
2.331154304638243663e-02
1.942249551154019649e+00
5.949688543353164744e-02
5.043625831604003906e-02
3.939841755649499400e-02
2.366557468447768875e-01
2.462100229765239526e-02
3.485408916808011015e-02
1.236657050617954168e-01
2.471243373134679802e-02
7.110906902112458516e-02
3.840882067094769647e-02
5.130370432870430264e-01
9.653412333705968518e-02
2.165178332412452111e-01
9.775620694746051109e-01
1.493196387039987527e-01
1.891220327009234675e-02
2.441436533342327894e-02
6.557712387620356909e-02
2.877385072540818503e-02
2.016810534293191418e-02
6.953969587359512539e-02
3.799348952477438202e-01
6.108135758784779407e-02
1.245513071093642954e-01
1.426584344161184285e-02
1.250962044063367307e-01
3.868707523011324922e-02
6.463223758496736138e-02
6.578135239450555449e-02
1.213822783085337920e-01
4.149701649682563387e-01
2.533667087554931571e-02
2.164477549101177095e-02
7.824305944275437852e-02
2.563041302195766605e-02
8.144326711955823805e-02
2.568734947003816285e-02
8.755824063953600300e-02
1.533111480244419081e-02
2.694956754383287870e-02
2.622527825204949703e-02
2.356476574613336830e-02
6.721328266879968150e-02
4.112091123012074356e-01
1.824071532801577883e-02
1.672659924155787264e-02
4.300129999194229197e-02
1.307845617595471827e-02
6.484398758202268576e-02
2.076622226782012456e-02
2.563041302195766605e-02
1.408786690025998906e-02
1.667398942144293628e-01
3.203051383035224881e-02
6.802511871906748997e-01
2.705309767472116600e-02
3.703093415812442335e-01
6.083437434413976885e-02
6.635311524073282952e-01
1.499155019458971450e-01
3.214868934530961120e-01
7.372017283188669889e-02
5.760307232538859346e-01
5.685815309223375691e-02
4.196553230285644809e-02
1.973501757571571869e-02
1.794264693009225975e-02
2.402288537276418487e-02
2.058137927139014681e-02
6.325825390062833620e-02
1.766134395933987786e-02
5.952907696104886570e-02
2.776564702653048222e-01
3.891550616214149716e-02
7.047350615785832884e-02
2.257257218946490465e-02
3.395790384526838068e-02
3.811075227302417739e-02
5.235583363917836047e-02
2.181376344279239154e-01
1.270770269527770058e-01
1.098037021201953567e-01
4.841152835310550961e-01
5.208539377179061819e-02
2.701328783704523562e-01
8.165075026060406027e-02
1.590203151368258308e-02
2.346875751227663412e-02
1.604671423895317195e-01
2.498896510977494101e-01
5.805240681296900546e-02
1.414195261503520817e-01
1.056922900049309944e-01
6.273175457067657612e-02
6.674958362913968601e-02
2.260020072000068492e-02
6.516384994774533646e-02
5.290996149966591122e-02
3.120594610247695577e-02
1.728538759967737093e-01
3.868707523011324922e-02
1.397464149876644773e-02
1.429450386448910364e-02
2.269361228273625991e-02
1.337652457387823735e-02
2.761106796431959665e-01
2.550937292868631079e-02
1.447934686091908313e-02
3.745121370282089579e-02
2.282027252933435391e-01
8.776405066774602137e-02
3.446260920742101608e-02
5.531442834619890170e-02
1.915869461862664339e-02
1.367645552283839050e-01
1.215172976778264580e-01
2.301347464845891755e-02
5.380614682247764069e-02
1.329709952337700118e-01
1.934353761505662461e-02
2.270153480663634205e-01
7.468559449179131005e-02
1.033585975044652022e-01
1.086676735627023771e-01
1.800644983325088225e-02
6.374116529498183303e-02
1.064838229564198241e-01
4.556425287012468017e-02
4.010975988287674571e-02
5.623824219954641490e-02
1.661337384006433479e-02
9.726014681029737652e-02
2.007667390923751141e-02
1.818173580002366563e-01
7.961556827812864279e-02
4.700873149068732215e-02
2.351818001061154947e-02
1.608782692959433991e-01
2.767102843836734272e-02
7.480338289026627896e-02
3.996109125906961018e-02
5.855711217512164085e-02
1.408786690025998906e-02
3.869664334414298079e-02
6.720446536415501659e-02
3.205270892695376989e-02
4.315931437308327956e-01
1.430172092036197107e-01
7.249014586733099064e-02
1.895205765439753054e-02
8.302888619272331960e-02
1.429450386448910364e-02
3.267558491020872147e-01
4.095612157855117730e-02
4.894195606834009921e-02
5.494514348214132871e-02
2.538777317917137802e-02
7.498564301875600135e-02
3.395674910461693452e-01
7.690521834189431583e-02
1.396507802762483319e-01
4.191610980452152579e-02
9.061471412056371078e-02
4.722120301765308364e-02
6.926727587716621781e-02
2.361303463316800216e-02
3.535879453023274555e-02
1.551055155302348901e-02
1.622189387940524072e-02
1.320480246292917437e-01
5.490896910951848647e-02
8.591991725720857231e-02
3.877267210107100681e-02
2.707154303266290918e-01
1.398178058758116626e-01
2.978326144971345582e-02
1.046290318171183287e-01
3.669004774930184620e-02
4.250024745338841503e-02
5.624022232858758019e-02
2.634175534833941429e-02
7.949593857715003820e-01
1.330105459480954988e-01
1.326329917238469776e-02
4.864388767041658013e-02
3.659663618656627121e-02
6.183556924786483971e-02
2.280683768422980123e-02
1.225352542442187942e-01
2.250876928630628215e-02
8.684063794320090457e-02
4.659545756222908952e-02
1.369916476701435182e-01
3.432175527539169796e-02
2.364732340762489698e-02
1.011289145235429787e+00
5.504398847881116635e-02
3.987549438811185260e-02
7.980822596633643795e-02
6.066482192591617084e-02
5.669436914878978745e-02
2.972354123466893205e-01
2.108608463354277873e-02
2.280683768422980123e-02
1.324815135253103182e-01
2.342743359113994284e-01
3.241615922827469770e-02
1.051525697373507373e-01
1.320010105768839592e-01
2.005487994143837285e-02
2.806250839902643679e-02
6.725845085947136648e-02
3.434938380592747476e-02
1.569539454945346676e-02
2.613511838411030144e-02
4.570708693119517746e-02
2.523893306129857197e-02
6.534087825239751068e-02
2.005487994143837285e-02
5.522883147524114411e-02
1.432669539200632190e-02
7.517048601518597217e-02
6.830728765119585544e-02
4.325319758632727163e-02
2.351818001061154947e-02
3.099930913824784293e-02
2.936415295851858148e-02
8.610050761908816241e-02
2.127092762997275996e-02
3.260683678744132064e-02
6.654167509915535905e-02
7.562536775020130275e-02
4.793254534403482842e-02
4.919258209696987516e-02
6.133086388571220432e-02
2.138415303146630128e-02
2.418009983865838236e-02
1.519068918730083310e-02
6.243170604371187787e-02
1.551055155302348901e-02
3.384467844377483936e-02
9.163519123144317491e-02
5.805240681296900546e-02
2.563041302195766605e-02
1.238203437704789023e-01
2.179742695992453044e-02
6.514205597994619790e-02
2.767102843836734272e-02
8.021170507397568095e-02
5.941998260063037218e-01
3.749282150937800068e-02
1.759515603383382185e-02
1.019978640372293105e-01
3.294849312096310989e-02
7.955216650377240628e-02
7.588255949187697191e-02
1.409048243572837422e-01
1.083201826664439427e-01
5.943566539831329071e-02
6.802241007486979629e-02
1.292913349051224570e+00
1.518577993961802708e-01
5.268351069667882858e-02
4.143903297290467413e-02
5.889876850864343705e-02
6.000199192448666535e-02
1.242816331093771348e-01
1.728529009902686486e-02
1.986485113177383077e-01
4.739334930453384387e-01
3.026815297310812489e-02
1.518699884414672907e-01
1.334889604334245708e-02
3.947221689056931715e-02
8.544756195001435017e-02
1.287181921172560368e-02
3.906490593625788071e-02
3.986725137944806957e-02
4.538722456547251982e-02
2.405905974538702710e-02
8.663397462744461264e-02
4.549060106277466042e-01
8.372680889932733461e-02
1.615305938218769277e-01
1.916058895880715929e-01
9.809054910090932167e-02
4.003814228794030927e-02
6.296058663150720658e-02
2.237507765753227462e-01
3.769945847360711005e-02
3.377971394020214402e-01
1.454138885464584530e-01
6.991042467585780740e-01
2.186122986308315294e-02
1.593623445745100120e-01
3.274185615673400052e-02
2.666161771406207193e-02
4.914859303256921552e-02
4.315978602359169664e-02
2.299168068065977899e-02
2.003897997370937545e-01
6.250530376768949348e-02
1.895205765439753054e-02
1.762278456436960211e-02
2.716632307621470732e-02
1.966339998077927878e-02
3.324656151888663591e-02
5.662972216020550897e-02
5.725419604987429245e-02
1.287181921172560368e-02
2.151812504885489474e+00
2.147756459420187281e-02
1.045119883721334908e-01
7.828190368518495035e-02
9.633633295694986332e-02
2.809469992654365506e-02
4.064166545867919922e-02
3.615858044540672944e-01
4.398435375146698273e-02
2.787766540259645556e-02
3.535879453023274555e-02
3.129154297343471336e-02
1.287181921172560368e-02
4.588867823282877928e-02
1.328509314018383285e-02
1.977619706538685448e-02
3.642000901071648644e-02
1.292580470704195877e-02
1.625599974080136068e-01
4.389292231777257997e-02
2.459920832985326017e-02
2.583704998618677889e-02
1.287181921172560368e-02
5.229203073601973450e-02
3.401883723443014373e-01
1.571597530130754428e-01
3.823707112094812399e-01
1.742180092292919535e-01
3.908118227071929462e-01
1.168161559523197696e-01
3.173244543242872973e-02
2.806250839902643679e-02
9.357623050087376937e-02
7.477900605452687810e-02
1.527628605825859243e-02
3.139535209588837500e-02
4.478542762890196788e-02
1.453413335900557712e-01
3.675595948570652971e-01
7.273839063811719796e-02
7.526191744888037494e-02
5.866990925972921656e-02
1.580861995094700809e-02
4.175889533862733177e-02
7.507123988971375894e-02
1.860301548974555852e-01
1.523507072214494718e-01
5.054364915479693521e-02
7.385330150001927496e-01
1.909857770852875225e-01
4.869090172282436457e-02
1.447934686091908313e-02
7.160521026243242826e-01
1.182800200947543984e-01
9.370343517838862490e-02
1.510542944857948822e-01
2.481607504058302438e-01
1.499778517505578890e-01
4.363686285520854830e-02
3.609193082441363581e-02
3.831738923725328677e-02
4.488053907427871220e-02
3.517395153380276779e-02
4.235701226351554216e-02
4.950490018777680135e-01
3.270336615411859049e-01
2.353783285408689308e-01
6.044849931148060795e-02
6.222982548830802152e-01
1.103662315167878855e-01
8.594445262038917510e-02
3.274185615673400052e-02
2.591729728799117005e-01
3.368505553195350749e-02
3.152580846819961341e-02
1.987993993257221315e-01
2.037474230716103049e-02
6.477236998708624238e-02
4.178890512700666332e-02
6.863536583749871300e-02
2.164578375063444526e-01
5.054166902575576298e-02
1.993782039274249185e-01
2.583704998618677889e-02
4.164566993713379045e-02
1.380600105252182408e-01
2.654839231256853060e-02
2.858900772897820727e-02
1.978251787654140559e-01
4.063625921282851966e-02
2.179742695992453044e-02
1.204506497634084544e-01
1.307845617595471827e-02
2.494086466337505290e-02
2.248697531850714360e-02
1.520164644509031104e-01
3.345319848311574529e-02
4.078299815194648681e-01
1.723130460371050804e-02
1.278655001991673423e-01
1.499436575069762190e-01
6.610402433495772556e-02
2.565220698975680114e-02
2.948519305178993674e-02
7.243250754841587535e-02
2.159078999569541413e-02
5.988638526514956928e-02
6.017861910033644318e-02
3.081446614181786170e-02
2.583704998618677889e-02
3.808312374248839366e-02
1.865398925647401146e-02
9.375325880552592972e-02
4.358188938676265528e-02
3.070124074032432038e-02
7.597783657542446500e-02
1.418489218176457012e+00
1.332059153757597203e+00
4.093432761075203874e-02
1.707776504650450611e-01
2.007667390923751141e-02
6.677137759693882457e-02
1.408786690025998906e-02
7.980041127455861361e-02
2.695968611198559101e-02
9.149977073334811251e-02
1.209004991932919187e-01
1.413021388806794953e-01
6.490563647788867296e-01
7.101122663732160056e-01
1.337652457387823735e-02
4.660327225400690693e-02
1.016666462546900740e-01
5.967391373818380779e-02
7.009965829681931437e-02
3.739940994664242568e-02
5.211534487573723506e-01
4.965329839472185092e-02
3.953343692578767388e-02
7.115265695672286228e-02
4.662308609276487326e-02
6.102538192481325729e-02
7.244771714796099937e-01
2.381624840853507202e-02
1.833412689075135382e-02
2.845398835968553086e-02
7.539693681817305482e-02
1.359394073486328014e-01
4.843725070618746381e-02
4.496811607427764201e-02
3.393027531473260389e-02
1.999297353677582212e+00
1.991163207773576804e+00
1.704257998131869067e+00
2.666161771406207193e-02
