569
-22.28827667236328 -5.55873966217041
-25.598295211791992 0.0596848726272583
-24.555442810058594 -2.045988082885742
-24.371334075927734 -2.334268808364868
-24.043054580688477 -0.195670485496521
-25.605161666870117 0.09559288620948792
-23.489450454711914 -1.3522580862045288
-22.413532257080078 -0.6752243041992188
-23.47557258605957 1.099399447441101
-22.434602737426758 1.006032109260559
-24.594614028930664 3.74615216255188
-26.136301040649414 -3.7118115425109863
-21.084692001342773 2.153505325317383
-22.697969436645508 -1.8993514776229858
-21.801897048950195 -6.972078800201416
-21.44061851501465 -7.419643878936768
-23.100385665893555 0.1297311633825302
-23.6599178314209 -0.5164209008216858
-17.82512664794922 -12.432744979858398
-21.778671264648438 -6.911126136779785
-23.163837432861328 -1.0065531730651855
-27.055683135986328 0.2471068650484085
-23.49248504638672 0.12670595943927765
-17.998376846313477 -15.029563903808594
34.052947998046875 4.692491054534912
-22.01201057434082 1.8030496835708618
-22.94099998474121 -0.557399570941925
-18.946842193603516 5.9461541175842285
-19.01348304748535 0.3119502663612366
-19.650665283203125 5.286342620849609
-22.41135025024414 0.5125264525413513
-24.83158302307129 -2.3314096927642822
-24.858903884887695 4.503894329071045
-18.4788875579834 5.213006496429443
-19.881023406982422 -12.688335418701172
-25.287620544433594 -3.048936367034912
-26.887557983398438 0.3025910556316376
-20.464345932006836 -8.900813102722168
-17.520811080932617 -13.486700057983398
-20.182498931884766 -13.185383796691895
-23.837203979492188 -1.018412470817566
-19.223543167114258 -13.2300443649292
-17.346759796142578 -13.241788864135742
-23.522720336914062 -3.157320976257324
17.022226333618164 -1.5646029710769653
-23.52435302734375 -3.585444927215576
-18.39627456665039 5.538858890533447
17.824953079223633 -4.399938106536865
-23.86147117614746 2.245408296585083
-18.09575080871582 5.474080562591553
-15.963664054870605 -13.671409606933594
-21.922496795654297 -6.379703998565674
-22.11956787109375 -6.012988567352295
-16.9947452545166 -12.506233215332031
36.373966217041016 5.907506942749023
-24.22283935546875 -3.3102617263793945
-13.212472915649414 10.859789848327637
-16.497665405273438 -13.00743293762207
35.63862991333008 5.448606014251709
32.56647872924805 8.351767539978027
-22.47513771057129 -0.8506897687911987
-22.0451717376709 -6.181417465209961
-22.03887176513672 -1.9690155982971191
-15.262262344360352 20.045961380004883
-19.72443389892578 -13.166159629821777
-20.87175941467285 -8.354108810424805
-16.83233642578125 -13.532455444335938
-16.511777877807617 -13.367016792297363
-17.202852249145508 -12.9625883102417
-23.45130157470703 1.7684680223464966
-24.376394271850586 0.8512603640556335
-15.541498184204102 -13.331380844116211
-20.20781707763672 -9.235421180725098
-18.061992645263672 6.133054256439209
-25.606689453125 -2.8054397106170654
35.582881927490234 7.114842891693115
-18.029394149780273 -13.109603881835938
-19.1281681060791 -12.319863319396973
-22.3144588470459 -0.11109909415245056
-15.561056137084961 -13.693705558776855
-12.195842742919922 -14.014616012573242
36.553775787353516 5.1336493492126465
35.86859893798828 6.805846214294434
-25.888996124267578 -3.2289628982543945
-13.865049362182617 10.493266105651855
30.400487899780273 5.617192268371582
-14.28454875946045 10.863601684570312
33.2926025390625 8.15827751159668
-23.27044105529785 -0.14617687463760376
-22.65964126586914 -0.14617790281772614
-25.922847747802734 -3.7704944610595703
-17.436386108398438 6.474487781524658
-13.774738311767578 11.446066856384277
-17.838581085205078 5.834410667419434
-11.395794868469238 -13.787964820861816
17.410247802734375 -4.027453422546387
-12.481832504272461 8.652440071105957
18.642438888549805 6.8602094650268555
-17.604068756103516 -12.601184844970703
35.10158920288086 6.135114669799805
-15.323022842407227 -15.577522277832031
17.703983306884766 7.301684379577637
17.30352210998535 6.338054656982422
-13.555486679077148 13.700531959533691
-17.405420303344727 6.82666015625
-19.889585494995117 -12.700130462646484
31.675548553466797 6.920374870300293
22.61105728149414 -0.8140267729759216
-14.059703826904297 -13.801299095153809
13.306400299072266 10.75931453704834
11.403868675231934 -18.502416610717773
-14.800835609436035 -13.151551246643066
-13.468416213989258 -13.941673278808594
-24.728248596191406 4.049060821533203
36.10252380371094 6.216897964477539
11.676591873168945 -18.930334091186523
19.35115623474121 6.6653242111206055
-16.326475143432617 7.1805830001831055
-11.868733406066895 -13.83452033996582
-20.77815818786621 0.05433398857712746
31.04016876220703 5.486863136291504
-11.527565002441406 -14.21064281463623
31.83917808532715 7.069631576538086
33.34870529174805 6.34033727645874
22.50736427307129 1.628336787223816
24.15753746032715 3.9066145420074463
26.850414276123047 1.9260740280151367
17.1340389251709 -2.8545548915863037
32.311031341552734 5.731202602386475
34.98371124267578 3.356309175491333
34.19157791137695 5.894608497619629
-12.65964412689209 10.407319068908691
-11.381841659545898 -10.73348331451416
11.00583267211914 -18.95212173461914
9.549312591552734 -19.476438522338867
-14.376957893371582 6.582366466522217
17.333799362182617 5.917056560516357
31.40412712097168 3.744810104370117
-14.03095531463623 -13.38711929321289
23.086183547973633 -0.12089735269546509
34.77651596069336 3.7173948287963867
-24.854625701904297 4.42303466796875
-21.396360397338867 -0.025115469470620155
31.654565811157227 4.73389196395874
11.78699016571045 -18.77669334411621
33.44805145263672 5.153936862945557
-24.93705940246582 4.766001224517822
35.011207580566406 6.184985160827637
12.762138366699219 -8.241959571838379
24.251068115234375 -0.7616138458251953
11.060564041137695 -19.633697509765625
12.727453231811523 -8.367583274841309
23.15656852722168 -0.2072102278470993
17.271116256713867 5.966453552246094
-10.885162353515625 -12.163725852966309
33.31485366821289 5.795563220977783
-24.913259506225586 4.662353992462158
26.009185791015625 -2.362316131591797
33.620147705078125 3.963165283203125
-11.983778953552246 10.041922569274902
-18.168479919433594 6.352094650268555
-2.820141077041626 -22.74030113220215
-14.259419441223145 6.738245487213135
10.387249946594238 -19.60262680053711
-10.493732452392578 10.352703094482422
-25.34823989868164 -3.363208055496216
26.57703971862793 -2.647475004196167
23.435319900512695 2.2848057746887207
10.537951469421387 -18.916521072387695
-12.860688209533691 8.864873886108398
23.67070770263672 2.590973138809204
-21.728954315185547 0.926298975944519
25.591556549072266 3.8119308948516846
15.625771522521973 -3.421154737472534
32.7039680480957 4.1157002449035645
32.45107650756836 4.534971237182617
-13.27914810180664 10.173808097839355
-16.861265182495117 17.46245574951172
16.02873992919922 7.9929633140563965
16.607229232788086 -3.740525484085083
26.533344268798828 -1.0063576698303223
16.637014389038086 -2.5020675659179688
16.041078567504883 7.635209083557129
-16.894060134887695 17.59786605834961
17.145896911621094 7.435121536254883
15.399062156677246 7.369716167449951
-13.765650749206543 9.516505241394043
22.889732360839844 0.4805401861667633
-10.636841773986816 21.9193115234375
-10.613232612609863 21.940780639648438
-9.180744171142578 -14.614570617675781
31.438846588134766 7.100824356079102
-14.002881050109863 9.603412628173828
-13.933760643005371 15.09254264831543
-13.845207214355469 14.677288055419922
25.311344146728516 3.7506051063537598
-10.710938453674316 -12.552079200744629
27.083770751953125 4.668926239013672
15.68332290649414 7.506630897521973
27.906185150146484 -1.5931003093719482
-13.604446411132812 13.007189750671387
-4.9028000831604 -20.25537109375
32.37322235107422 3.9424026012420654
-11.307863235473633 -14.593192100524902
26.67808723449707 4.169638156890869
9.00485610961914 -18.511001586914062
22.870941162109375 1.727978229522705
24.81985092163086 3.556445360183716
-5.437154293060303 -20.195600509643555
26.821205139160156 -2.457181215286255
33.09654235839844 3.895481824874878
-11.149781227111816 -14.022993087768555
-9.623529434204102 -14.537782669067383
-12.774958610534668 10.2528076171875
15.344728469848633 8.307311058044434
14.24669361114502 -5.24383020401001
22.736967086791992 1.847160816192627
26.880327224731445 0.8332019448280334
26.463275909423828 -1.9005496501922607
-10.956748008728027 -11.313909530639648
26.148536682128906 -3.765059232711792
17.104745864868164 -1.7014364004135132
26.70823860168457 -0.5259444713592529
16.007930755615234 -2.9795567989349365
11.798794746398926 0.7530553936958313
-5.632232666015625 -20.141454696655273
14.713335990905762 8.310281753540039
14.75735092163086 0.11106029897928238
16.052675247192383 -2.3582816123962402
22.852962493896484 1.1975581645965576
15.88623046875 8.178719520568848
16.099178314208984 -2.703916549682617
23.04772186279297 1.965118169784546
27.101240158081055 -1.1415865421295166
-9.06807804107666 10.83966064453125
8.755587577819824 -18.190906524658203
26.613283157348633 -2.0649361610412598
13.691145896911621 -2.733314275741577
-9.598751068115234 9.964725494384766
-10.59264850616455 21.930320739746094
33.57896423339844 5.010025501251221
14.704506874084473 -3.0137836933135986
-0.9363742470741272 -10.260759353637695
25.901042938232422 -4.347663402557373
27.098180770874023 1.5540460348129272
-7.918631553649902 13.664674758911133
14.669710159301758 8.029043197631836
-11.226243019104004 10.114981651306152
15.313720703125 7.969967842102051
14.094943046569824 -3.551088809967041
10.538725852966309 -19.06987762451172
-11.63253402709961 10.4876127243042
-8.647706031799316 6.216885089874268
14.705057144165039 0.37680888175964355
-8.807055473327637 -15.590198516845703
-8.728147506713867 6.331863880157471
4.201874732971191 -5.90480375289917
14.724251747131348 7.5133957862854
10.249467849731445 -18.65294075012207
32.35752487182617 3.783595323562622
-12.709692001342773 15.54793643951416
-14.438800811767578 18.91952133178711
-16.16541290283203 -0.6371083855628967
13.903254508972168 0.4818250238895416
27.10786247253418 -1.3000324964523315
-12.759791374206543 12.848973274230957
-15.603882789611816 18.80439567565918
31.82964515686035 3.5534980297088623
30.63869285583496 4.159780025482178
-6.608645915985107 -13.302750587463379
-16.130859375 -0.6668067574501038
-8.89179801940918 -12.8836030960083
8.532689094543457 -18.184062957763672
-4.875725269317627 -18.46331024169922
-11.428833961486816 -12.009011268615723
29.383071899414062 2.936145067214966
15.221383094787598 -4.022875785827637
-5.705803394317627 15.214066505432129
-10.476813316345215 -14.330074310302734
11.804910659790039 0.7884290814399719
13.925711631774902 0.553473949432373
26.454742431640625 5.165146827697754
8.91690731048584 -18.54526710510254
14.557805061340332 -0.2386786937713623
-14.335126876831055 19.706085205078125
-12.330857276916504 15.891143798828125
-6.029111862182617 15.474603652954102
-14.121766090393066 18.361698150634766
13.563789367675781 1.419427752494812
-14.040739059448242 8.997753143310547
-8.664637565612793 -14.722249984741211
15.442910194396973 -2.7038848400115967
14.299979209899902 0.024272184818983078
14.81712818145752 -4.468430042266846
-8.05958366394043 -13.320589065551758
14.40152359008789 0.8335941433906555
-16.135087966918945 -0.6913211345672607
-12.98492431640625 9.62927532196045
-2.264296770095825 -15.436517715454102
-5.695074081420898 15.093781471252441
30.119348526000977 3.42771315574646
-12.529500007629395 14.320340156555176
3.5760247707366943 -3.08845853805542
13.1987943649292 6.8453264236450195
14.452722549438477 0.887759268283844
15.592222213745117 -5.3935770988464355
2.8337674140930176 -6.225405693054199
-1.745556116104126 7.152282238006592
15.37639331817627 -2.4180381298065186
-10.611743927001953 19.79029083251953
-16.832870483398438 17.981325149536133
27.237064361572266 -0.25251123309135437
-10.91661548614502 -12.84518051147461
13.75342082977295 0.5735898613929749
-5.555065155029297 -9.861085891723633
29.131324768066406 2.087963342666626
-1.067793607711792 -9.919931411743164
-14.891040802001953 19.32357406616211
-9.166803359985352 -12.532730102539062
-1.6917293071746826 8.956480026245117
8.234100341796875 -18.184785842895508
-7.627173900604248 12.351839065551758
14.428365707397461 1.7120972871780396
11.47420597076416 -4.151922702789307
-7.723934650421143 -12.658382415771484
27.441774368286133 -0.5182612538337708
15.171637535095215 -1.3296146392822266
11.355307579040527 10.055012702941895
-11.18886947631836 19.600561141967773
13.03147029876709 -7.5371551513671875
-8.210445404052734 9.802809715270996
10.109593391418457 -17.59010124206543
-8.006946563720703 9.408658027648926
-6.155475616455078 8.901202201843262
-3.9338462352752686 15.695804595947266
-15.9362154006958 18.54698371887207
9.959100723266602 -17.694440841674805
10.07066535949707 -17.937397003173828
-8.138258934020996 -14.926604270935059
-5.510148525238037 -9.818432807922363
28.028776168823242 2.002244472503662
12.445831298828125 10.520075798034668
2.8745603561401367 -10.235671997070312
27.088611602783203 -0.06656355410814285
-3.1931393146514893 7.425241947174072
3.3402202129364014 -2.5140738487243652
9.949418067932129 -17.162187576293945
3.092364549636841 -2.9970622062683105
-2.7422235012054443 15.249536514282227
-5.8079328536987305 -9.90320110321045
-16.89683723449707 18.018360137939453
-0.627543568611145 7.344036102294922
-10.610118865966797 18.05623435974121
-7.472914695739746 13.367035865783691
-11.016129493713379 5.852076053619385
3.2866439819335938 -3.0229532718658447
-2.361354351043701 7.387450218200684
27.93136215209961 0.2762351334095001
4.443467140197754 -13.010971069335938
10.690705299377441 -4.220570087432861
10.973280906677246 8.101360321044922
-1.337988018989563 -15.249935150146484
-0.06343419849872589 5.773482322692871
-1.411015272140503 7.497678279876709
-6.943395614624023 13.842879295349121
-11.962970733642578 20.412158966064453
-13.675553321838379 19.703725814819336
-11.35388469696045 17.354406356811523
9.881678581237793 8.234149932861328
-8.073468208312988 11.863566398620605
9.65002727508545 8.596559524536133
1.1559169292449951 -2.0825419425964355
1.8875494003295898 -6.5597100257873535
-0.9926773905754089 6.691468715667725
-11.039849281311035 10.766789436340332
-0.8761724233627319 -13.966923713684082
0.8429001569747925 6.526183605194092
-8.23556137084961 -13.316962242126465
-3.2299511432647705 8.848053932189941
3.3090298175811768 -3.564181089401245
11.115985870361328 8.525060653686523
-6.8567352294921875 9.338486671447754
-11.620922088623047 5.942206382751465
27.63943099975586 0.2987217307090759
-12.884356498718262 17.392763137817383
-0.9242450594902039 7.296519756317139
-1.1523628234863281 7.256791114807129
11.008176803588867 -4.176924705505371
0.9652837514877319 -2.0550036430358887
11.889751434326172 8.153350830078125
-13.364133834838867 20.737070083618164
-6.027618885040283 12.80670166015625
-2.657083034515381 -15.069512367248535
-13.424975395202637 19.847511291503906
-11.720929145812988 6.721287727355957
3.273893117904663 -1.7337146997451782
10.878387451171875 7.570969104766846
-3.216874837875366 15.813944816589355
3.159064292907715 -3.87689471244812
-2.22310471534729 8.458868026733398
-2.973694086074829 -15.81528377532959
0.33215025067329407 -9.378899574279785
-3.4148216247558594 -15.35176944732666
-7.5784173011779785 11.15700912475586
9.989563941955566 -4.2175374031066895
1.201372504234314 -7.266031742095947
-13.512105941772461 19.486902236938477
10.574787139892578 8.346417427062988
8.744492530822754 -3.967115640640259
4.740235805511475 -7.054617404937744
-1.058404564857483 10.704344749450684
-8.335055351257324 -13.333650588989258
0.3640448749065399 5.965052604675293
2.316249132156372 -19.59276580810547
-1.6536967754364014 -18.114145278930664
-2.3971102237701416 14.592743873596191
2.6295623779296875 -9.791498184204102
9.389599800109863 8.988463401794434
10.838807106018066 7.045682907104492
-2.037278175354004 10.161453247070312
-3.2142741680145264 15.861451148986816
2.5057640075683594 -12.932527542114258
1.9048341512680054 -10.511591911315918
-9.599190711975098 18.154220581054688
8.866863250732422 7.94437837600708
-6.426409721374512 -13.418652534484863
-1.783745527267456 -16.856481552124023
-11.310391426086426 5.954862594604492
-3.109936237335205 -15.999632835388184
-2.0122148990631104 -15.629117012023926
-1.0352492332458496 -15.103666305541992
-0.5700846314430237 -15.543793678283691
9.544758796691895 7.5920257568359375
-12.208659172058105 19.759872436523438
-1.550601840019226 -17.555160522460938
-12.752032279968262 15.003662109375
-2.139410972595215 15.072400093078613
2.8491392135620117 -9.250277519226074
-2.948713541030884 -15.109529495239258
-1.1203413009643555 8.310534477233887
-5.290764331817627 8.424186706542969
-3.1226909160614014 15.307259559631348
1.8577157258987427 -10.091010093688965
-1.259286880493164 -15.461148262023926
-0.9715479016304016 -16.03738021850586
9.678237915039062 6.6960039138793945
9.046740531921387 7.026352405548096
0.5050551891326904 -15.375146865844727
-2.1574180126190186 15.26397705078125
2.4446284770965576 -11.915007591247559
2.551107883453369 -7.684276580810547
1.9426401853561401 -9.407382011413574
-11.249161720275879 15.911975860595703
9.839466094970703 9.262757301330566
1.6410895586013794 -8.725342750549316
0.8929741382598877 -3.948002815246582
-10.799449920654297 17.898895263671875
2.6676931381225586 -8.446745872497559
1.9934654235839844 -15.701273918151855
10.231257438659668 8.631314277648926
1.755230188369751 -11.13366985321045
1.1869745254516602 -14.73697566986084
10.404810905456543 7.704315185546875
2.3108861446380615 -9.051309585571289
1.9513651132583618 -15.539630889892578
-1.3959574699401855 -19.49350357055664
1.466541051864624 -17.382080078125
4.718873500823975 -2.084299325942993
1.8767515420913696 -16.581796646118164
11.507580757141113 9.236505508422852
1.4389684200286865 -15.060646057128906
10.645387649536133 8.913545608520508
9.872237205505371 7.228424549102783
-17.039113998413086 -0.39803463220596313
1.43050217628479 -15.681511878967285
3.54769229888916 -4.77755880355835
11.454086303710938 7.619419097900391
3.778900623321533 -2.4639315605163574
-11.838120460510254 18.641843795776367
2.5716941356658936 -12.294486999511719
-12.41050910949707 17.67125129699707
2.4515058994293213 -5.4238600730896
10.12370777130127 7.861718654632568
8.737811088562012 -3.989673376083374
-2.771040439605713 -21.11847686767578
2.3021323680877686 -14.965781211853027
2.751070261001587 -1.1174687147140503
0.7753327488899231 -1.3259375095367432
-2.31907320022583 -20.98765754699707
-2.876736640930176 15.866230010986328
9.062646865844727 8.546441078186035
2.9665887355804443 -14.908833503723145
-1.8550429344177246 -20.222131729125977
2.5196990966796875 -15.340235710144043
-9.651490211486816 16.960853576660156
-4.778357028961182 8.207419395446777
-2.5402324199676514 -21.517377853393555
1.7973650693893433 -14.972891807556152
1.9495320320129395 -14.353384971618652
-2.505394697189331 7.649723052978516
2.305896043777466 -13.539088249206543
-2.9029541015625 -21.445606231689453
0.12382011860609055 5.164112567901611
-6.5347981452941895 8.464925765991211
1.4478709697723389 -17.24927520751953
3.837890148162842 -12.864337921142578
10.296527862548828 9.217305183410645
9.358522415161133 7.926731109619141
-4.131898403167725 7.09957218170166
10.37057113647461 7.04037618637085
32.33391571044922 2.988701820373535
-2.3676645755767822 -21.278644561767578
8.741084098815918 -3.9743871688842773
1.2303239107131958 -15.549148559570312
2.7492690086364746 -16.78490447998047
1.5329890251159668 -14.500365257263184
-5.832470417022705 8.162630081176758
2.6705551147460938 -15.875715255737305
2.6003825664520264 -14.65672492980957
-9.110733985900879 17.514583587646484
-15.615439414978027 17.52545738220215
-7.87375020980835 6.193037986755371
2.574260711669922 -13.97325325012207
-5.8726420402526855 9.104402542114258
-8.532785415649414 5.923982620239258
-6.932070255279541 8.381651878356934
-10.918861389160156 17.51593589782715
32.22770309448242 2.750307559967041
-8.33759880065918 18.14021873474121
-17.196073532104492 -0.2644524872303009
-1.6793010234832764 -14.695903778076172
-4.371101379394531 7.317386150360107
-6.5038275718688965 13.795025825500488
-12.83674144744873 19.783018112182617
4.1899333000183105 -15.792694091796875
4.1615777015686035 -14.50502872467041
-6.938844680786133 13.778815269470215
-10.69633960723877 18.918039321899414
-2.699674606323242 9.799288749694824
-3.2210896015167236 8.194012641906738
-5.8527045249938965 6.672693729400635
9.458541870117188 -3.9274909496307373
-3.727147340774536 9.70278549194336
-5.732363700866699 8.540103912353516
-2.4686355590820312 -20.719289779663086
-4.181556701660156 9.310858726501465
2.8994393348693848 -6.623569965362549
4.263376235961914 -12.879058837890625
4.649760723114014 -7.4056549072265625
-7.812714099884033 6.686916351318359
0.7564770579338074 -1.3177145719528198
-5.287728786468506 8.942286491394043
-15.4276704788208 9.325959205627441
34.425601959228516 2.9464454650878906
-17.815433502197266 -14.62409496307373
33.198524475097656 2.635625123977661
-14.301228523254395 -2.4339632987976074
-13.092918395996094 11.051334381103516
-12.582254409790039 9.577057838439941
-3.587996244430542 7.902397632598877
33.20798110961914 1.0153179168701172
-0.44035738706588745 -15.19129753112793
-2.925304651260376 -21.40469741821289
-14.595608711242676 17.828628540039062
0.10145867615938187 -10.250099182128906
14.275364875793457 1.6231768131256104
1.0926793813705444 -5.291009426116943
27.56620216369629 1.7764042615890503
28.54375648498535 2.981257677078247
