3
3
0
3
3
0
3
3
0
3
3
3
0
0
0
0
3
3
3
3
0
0
0
5
0
0
0
0
3
3
0
6
6
0
0
0
6
3
3
0
3
0
3
0
0
0
5
6
5
0
6
0
0
0
3
0
6
3
6
0
0
5
3
3
0
6
0
6
3
6
3
0
6
0
3
0
3
0
3
0
3
3
6
0
3
0
3
0
3
3
0
3
6
6
6
3
6
3
0
3
3
3
3
0
3
6
3
6
3
3
0
3
3
6
3
5
3
0
3
6
6
3
3
0
3
5
6
3
3
3
0
3
3
5
6
3
3
5
5
3
3
6
3
3
5
6
6
5
3
5
3
2
3
2
5
5
2
5
5
2
7
5
2
5
2
2
5
5
2
1
5
5
2
5
5
5
7
5
5
5
5
1
5
2
1
5
7
2
2
5
5
1
1
5
1
1
1
5
4
5
7
1
5
2
2
4
1
1
2
1
5
1
1
1
1
5
5
1
7
5
2
1
7
2
1
4
1
2
2
1
2
2
7
1
1
7
2
1
1
2
2
1
7
2
1
1
7
1
7
2
2
1
7
1
2
7
2
2
7
7
7
4
1
7
7
2
4
1
1
1
1
7
2
1
2
5
2
1
4
7
1
4
7
7
4
4
1
4
2
4
1
2
2
4
7
7
4
1
4
4
7
4
2
7
1
4
7
7
7
7
4
4
4
1
4
4
4
4
7
4
7
7
7
4
7
7
7
7
7
7
2
4
4
4
2
4
2
1
4
4
4
4
2
1
4
4
7
7
2
4
4
2
7
4
4
4
7
4
4
7
7
7
4
4
7
7
4
4
7
