1.122644424438476590e-01
3.428120162035967755e-02
4.077143855997034105e-01
1.306036800951571042e-01
1.311359534392485780e-02
3.806151763812915673e-02
2.890205769925504112e-02
1.608281779933620065e-02
2.654552330841889254e-02
8.627639654520395662e-02
8.981818572894946506e-02
6.714763995763417537e-01
1.293916702270507882e-02
8.398574300714441165e-02
1.638661597226117039e-01
1.748313317427764024e-01
2.041304272574347434e-01
2.962507557224583130e-02
1.957899364265235781e-02
1.739500084438839328e-02
3.386457804087045914e-02
5.580970338872961317e-02
1.855927931295858757e-02
8.320888313087257404e-02
1.553771740681416380e-01
2.007175458444131547e-02
2.417939160321209979e-02
3.680913764077263783e-01
1.622258972477268468e-01
2.021251910441630717e-01
3.976944846075934625e-02
1.343192796449403474e-02
1.403501871469858484e-02
7.460799629623825480e-01
5.369413736704233692e-02
3.948469033112397136e-02
2.444967450322331481e-01
1.420944703591836382e-02
1.896515801146223812e-01
3.070888841474378461e-02
2.979950389346560854e-02
1.640115041990537759e-02
6.012534321965398026e-02
2.043265007637642613e-02
2.279878178158321889e-02
5.340937923740696203e-02
2.848628488746849374e-01
1.905204025474754523e-02
2.841889407183672764e-02
8.692622700253048451e-02
1.027962053144300253e-01
9.778966452624346384e-02
1.120108262912647146e-01
1.668590854954075248e-02
1.805852683814796189e-01
5.882148871550688801e-02
1.855927931295858757e-02
5.775921151444718404e-02
1.153319558581790416e-01
1.784881527359421238e-01
1.361590759174243770e-01
1.759837021698822945e-01
2.239341226783958527e-01
2.389463347357672490e-02
1.827452118332321615e-02
1.513087040669209259e-02
1.649382056416691944e-01
2.396597552943874054e-01
2.499048516557023439e-02
3.044493385263391527e-01
2.058173308501372589e-01
1.237468622826241177e-01
2.756523763811265931e-02
1.605806627789059249e-01
1.537744580088435120e-01
3.844376564025878684e-01
1.530529872791187157e-02
2.527524329520560581e-02
1.717866949132971013e-02
4.029493789415101723e-01
6.426717268454061605e-02
8.941938748230805756e-02
1.937037287531672217e-02
2.220272051321493453e-02
1.212217021632838870e-01
5.227995305447965396e-02
2.357630085300754796e-02
1.778176024153425849e-02
2.341499728125494839e-01
4.323143185795964155e-02
4.729650600536449562e-02
7.793696764353159889e-02
3.694413030469739789e-02
6.174176441656576975e-01
5.213909922419367876e-02
3.111956673699456388e-01
2.435381992443187704e-02
4.257637745625263842e-02
2.270946489798056078e-01
4.172906134579632553e-01
1.778176024153425849e-02
1.901967499707196141e-01
3.291065183845726105e-01
4.226744561581998599e-02
1.732776345433415521e-01
7.174795704918938977e-02
1.384855154398325315e-02
3.496042973286396516e-02
1.279953531316808668e-01
1.340158269212052555e-01
4.528143225489436041e-01
7.173220859991537024e-01
1.234515982705193665e-01
2.013177659060504110e-01
2.858220596571226513e-01
1.386019629401129549e-01
1.560989650520118455e-01
3.863371900610021448e-01
2.555372296152887968e-01
7.871881497872842970e-02
1.311359534392485780e-02
1.557350190910133103e-01
1.424044325545027467e-01
8.900342374234586351e-02
1.517155582840378214e-01
1.260458450059633029e-01
4.450171187117293176e-02
3.513485805408374935e-02
1.125066377021170932e-01
7.298837288005931290e-02
1.770375412863653963e-01
6.202863403268762399e-01
5.406195647007709937e-01
2.159653721628962408e-01
1.311359534392485780e-02
1.855927931295858757e-02
1.837403400524242614e-01
1.845452862816887862e-01
4.113149771819243350e-01
2.014789194674105124e-02
3.974228549647975534e-02
7.938138149880073768e-02
7.872875793560131230e-01
1.879950864894970042e-01
9.523762509629533080e-01
4.372419279974860268e-02
7.345959818041002121e-02
9.959888844876675640e-02
1.088024590466473568e-01
1.358584764841440640e-01
3.722456017056027106e-02
5.117511298205401626e-02
1.077066073546538438e-01
1.452777965648754249e-02
3.524518786249934005e-02
2.746694667919262131e-02
1.869114476281243456e-02
1.778176024153425849e-02
8.027323516639503498e-02
3.464209711229478822e-02
1.311359534392485780e-02
2.783675445092690937e-01
4.747093432658427287e-02
1.395784964432587594e-01
2.732304237984322162e-02
3.459953424092885449e-02
1.763537619564984338e-01
9.194212217588682012e-02
2.764137500041239856e-02
1.634737478720175163e-01
3.591237712550807842e-02
5.842319037463213904e-01
2.340187253178777071e-02
5.651945552310427834e-02
8.632200988563330790e-02
1.562363134848105024e-02
8.659472916577314050e-02
3.259429802765717588e-02
1.192651645557300522e-01
4.305700353673986430e-02
5.109283988540237048e-02
1.048775788900014466e-01
1.913240194320678655e-01
2.654552330841889254e-02
6.044367584022315720e-02
4.856678601857777888e-02
8.101717974688556201e-02
2.111683922844964090e-01
1.237589011321196669e-01
2.654552330841889254e-02
1.420944703591836382e-02
2.714861405862344437e-02
6.822191702352987941e-02
1.827452118332321615e-02
6.790358440296069553e-02
3.308204960178684484e-02
1.572192230740108998e-02
3.188937187194824108e-01
6.194372492867546987e-01
2.920906305313110130e-01
2.317261889174177802e-01
2.848205199112763264e-01
1.326551476040402078e-01
2.357630085300754796e-02
3.757363229184537134e-01
1.717866949132971013e-02
2.951474576383023712e-02
2.243788628964810822e-02
4.938331939078666188e-02
2.957047385138434487e-02
1.300126281944481155e-01
3.615457238377751265e-02
1.293916702270507882e-02
6.015357262379413816e-01
1.384855154398325315e-02
1.023555736283998235e-01
2.637109498719911183e-02
1.286484157716905885e-01
2.368663066142314214e-02
9.260931143889555850e-02
3.948469033112397136e-02
1.097238824174210786e-01
6.263599717939222211e-02
1.311359534392485780e-02
2.150593486992088410e-01
2.979950389346560854e-02
1.844906961595690065e-01
1.473957499297889440e+00
1.376641808329401861e-01
3.978138614345241159e-02
1.420944703591836382e-02
6.210904379148741300e-02
1.905204025474754523e-02
3.463006193573410219e-01
1.778176024153425849e-02
1.420334223154428865e-01
9.815672713357048718e-01
4.323143185795964155e-02
2.548463537886336283e-01
3.076283029607825015e-02
3.002621032096244175e-02
3.757582136102624593e-01
2.591190853634395969e-02
1.189804064260946703e-01
1.559005685754724473e-02
2.654552330841889254e-02
1.681777399939459600e-02
2.478248235341664815e-02
1.871623986476176615e-01
3.390648107270936851e-02
1.668590854954075248e-02
2.686385592898806948e-02
2.530225753784179910e-01
1.559005685754724473e-02
3.155140503032787258e-01
1.542135554390984542e-01
3.870717125969964229e-02
1.184876454843057231e-01
2.773966531495790366e-02
6.022363417857402174e-02
1.481253778612291565e-02
3.467646560153445634e-01
1.640115041990537759e-02
5.895219983281315690e-01
1.980145035563288525e-01
1.475927971504830127e-01
3.326148729066590731e-02
5.079630374908447044e-01
1.149793889071490383e-01
1.370804992881980988e-01
1.481253778612291565e-02
1.398759113775717156e-01
1.146647665951703032e-01
1.530529872791187157e-02
3.206114955850549730e-01
7.458597389427391866e-02
1.608281779933620065e-02
4.486793956241091896e-01
6.029524758055403444e-01
1.347032224809801282e-01
2.770863371926384766e-01
1.753846912126283408e+00
1.202171119483741585e-01
1.371668609412940790e-02
2.230602083979426123e-02
1.018017369347649637e-01
1.525303202706414230e-01
1.717866949132971013e-02
2.459601518270131820e-02
2.043265007637642613e-02
3.276872634887695312e-02
1.530529872791187157e-02
4.213558016596613554e-02
7.978047422460607385e-02
1.619314760775179482e-02
3.200124051119830337e-01
1.795618856275403921e-02
6.928419422458957644e-02
5.651945552310427834e-02
4.523666807123132710e-02
3.011783651403478548e-02
3.280230083981075517e-02
1.548675653096791803e-02
6.198131909241547111e-02
1.608281779933620065e-02
2.455712653495169956e-02
1.275269985198974540e-02
1.070515523085723009e-01
1.739500084438839328e-02
1.033096397245252401e-01
9.206959621326343823e-02
6.224090924134125652e-02
8.144584217587032271e-02
6.246418353673574009e-01
5.114082387975744659e-01
3.555148163357296776e-02
2.357630085300754796e-02
2.841889407183672764e-02
1.897590289244780598e-02
4.086530015275285227e-02
4.026220940254830044e-02
8.543045069720293927e-02
1.112148220474655502e-01
5.516519765596131775e-01
6.260180473327636719e-02
1.530529872791187157e-02
2.714861405862344437e-02
3.586981425414214469e-02
2.449772422378127673e-02
5.086881921098038856e-02
1.982955932617187431e-02
2.764137500041239856e-02
7.044348458986024464e-02
7.552893290648589331e-02
1.746342762096508155e-02
8.297035629684861024e-02
4.520309358029752506e-02
1.125066377021170932e-01
5.415848358257396855e-01
1.053354662817877624e-01
1.249062280397157387e-01
2.714861405862344437e-02
2.043265007637642613e-02
1.371668609412940790e-02
3.350368254893534847e-02
1.731833225971943502e-01
7.783096609888849604e-02
1.041037701271675664e-01
7.617458652805637886e-02
3.935375413379153531e-01
2.667106963492728577e-01
9.069399575929383561e-02
3.248396821924157823e-02
1.280631200687305238e-01
8.913895761644517746e-02
6.413329607731587112e-01
2.213159251857448398e-02
1.315251034659308260e-01
1.040491684063060834e-01
2.676185466147757916e-02
1.004978824306178714e-01
1.674830939318682765e-01
4.989635602847949936e-01
3.452625938363977354e-01
7.475141383506156423e-02
3.308705896944613006e-02
1.095038407557719501e-01
1.182796426721521299e-01
4.588232169280181266e-02
7.582572988561682437e-02
3.496042973286396516e-02
7.320536407264503775e-02
7.836628991204339090e-02
4.813692750157536615e-01
1.332455815495671436e-01
4.484006952595066542e-01
1.623017588177242676e-01
1.825042524853268122e-01
1.273714690595059706e-01
3.163942098617553711e-01
6.677720868909681196e-02
9.645801234889675446e-02
4.226744561581998599e-02
1.795618856275403921e-02
2.919641314326106019e-02
2.810056145126755070e-02
9.505219846158413644e-02
7.165032592979637960e-02
2.357630085300754796e-02
9.688300635363604474e-02
2.248044916101404195e-02
2.654552330841889254e-02
1.855927931295858757e-02
1.946866383423676364e-02
5.242385735382904671e-02
1.100391645689268311e-01
3.481652543351457241e-02
3.810408050949509046e-02
5.435008738491986513e-01
2.170293008958971287e-02
7.860848517031282512e-02
1.801191665030814695e-02
2.979950389346560854e-02
1.988528741372598205e-02
1.205612723891799493e-01
2.069024524173221011e-02
1.343192796449403474e-02
1.855927931295858757e-02
1.371668609412940790e-02
1.700424117010992942e-02
2.714861405862344437e-02
4.371361474733095193e-02
1.790302302386309607e-01
1.331472905906471160e-01
2.340187253178777071e-02
8.816180615811734789e-02
6.652297458133181463e-02
5.459612124675029543e-01
3.037543167939057293e-02
4.108033244674270251e-02
3.091952929625639904e-02
3.333699819203969628e-01
9.862451166720004325e-02
8.734638433198671503e-02
3.651546787571262331e-02
5.447165643846666599e-02
2.631035753198572233e-02
1.257731257258234703e-01
7.069837853715225939e-02
1.391930148408219714e-01
5.072491491163098887e-02
8.889676235817574323e-02
2.612126337515341401e-01
4.032997633959795741e-02
3.596789024971626669e-01
2.708073944658846433e-01
1.593975286226014809e-01
4.029578389348210249e-02
1.982730962134696406e-01
1.266945490965972199e-01
5.085678036148483933e-02
1.968458407634013363e-01
6.459420854980880700e-01
5.105341054297781733e-01
5.777330134366009950e-01
3.457367033571809994e-02
3.808367123474945548e-02
3.772884703971244452e-02
1.452777965648754249e-02
3.464209711229478822e-02
2.738483184092753708e-01
3.298965847170030607e-01
6.549488982638797252e-02
1.097574569083548945e-01
1.379898838094762992e-01
2.069809494791804150e-01
3.276872634887695312e-02
4.572100439587155063e-01
2.821048343503797518e-01
7.433479025557233888e-02
1.851341150902413024e-01
1.608281779933620065e-02
1.343192796449403474e-02
5.861797783825848512e-02
2.194512534785915056e-02
3.388829662993147473e-01
5.574193645167994926e-02
3.335977824958594878e-02
6.351118925455453978e-02
1.343192796449403474e-02
4.217748319780504490e-02
4.559756356316643777e-02
2.732372625454052018e-01
1.031487722654600425e-01
1.038137951412716475e-01
9.991251069146234176e-02
1.293916702270507882e-02
9.906494424149796252e-02
7.021874672657735239e-02
6.458550530510979992e-02
2.014789194674105124e-02
3.765322259954503870e-02
6.981384883055816171e-02
3.138811652724807222e-02
6.713309481337263740e-02
6.141260507944468205e-02
5.796740957208582068e-02
9.851418185878443867e-02
3.045611510405669270e-02
2.025822175515664542e-02
4.521513242979307429e-02
1.698402372566429341e-01
3.842241313006426739e-02
1.065308033453451708e+00
2.722562899460663766e-01
2.256672575667097724e-01
1.189042690637949345e-01
2.357630085300754796e-02
8.473339725185084770e-02
1.423487044669486390e-01
6.041010134928935515e-02
1.608281779933620065e-02
1.018238905313852694e-01
3.146850895237278123e-01
2.943387128211356618e-01
6.196513949213801331e-02
1.668590854954075248e-02
7.641678178632581309e-02
2.152850176836993215e-02
1.883568899051563106e-01
7.666734746984533999e-02
2.064898142943510928e-02
5.328454326938938251e-02
7.550739726504764049e-02
1.323787598996548909e-01
5.231352754541345601e-02
3.505872069178400663e-02
3.248396821924157823e-02
3.089535558545911803e-02
2.007175458444131547e-02
1.608281779933620065e-02
2.357630085300754796e-02
8.873782776497506353e-01
2.015463442415804385e-01
4.902654982901908515e-02
1.074587428891981000e-01
2.997698268374881375e-02
4.761483862593367256e-02
1.141042387163316851e-01
3.345684798988136088e-01
3.456595974999505244e-02
1.003051036113017380e-01
3.459190020690093292e-01
6.254561334042935128e-02
3.015368893339827050e-01
3.668518601237116816e-01
1.434288527514483436e-01
3.117334842681884766e-02
3.208949823637266552e-02
1.946866383423676364e-02
7.861375873153274296e-02
3.752637160790933124e-01
5.628185710391482299e-01
1.686441324852608337e-01
1.286567591332100635e-01
2.014789194674105124e-02
3.147128337138407894e-02
5.508592341397259284e-01
9.004834213772335005e-02
3.435733898265942027e-02
2.389463347357672490e-02
5.158774034397022312e-01
2.772538558856860735e-01
1.802786385690843707e+00
2.038496945355389445e-01
4.885114205850137337e-01
1.420944703591836382e-02
1.009906433724068325e-01
2.714861405862344437e-02
7.840105211412584651e-01
3.376279347651713336e-01
2.230602083979426123e-02
2.841889407183672764e-02
9.412178671037828293e-02
3.962859463047337105e-02
2.295039615115603837e-01
3.362608754957044366e-01
6.525269456811853830e-02
1.827452118332321615e-02
9.158122668395171639e-02
3.732656143807076138e-02
1.568531480995384308e-01
1.293916702270507882e-02
4.807402507678882470e-02
5.673740077663111947e-01
1.226510105906306047e-01
1.725678824089668939e-01
1.559124978812965190e-01
3.302632151423273710e-02
3.774318501755997979e-02
1.693197933403221278e-01
2.630958202722910033e-01
1.511808524260649933e-01
6.136204874193346148e-02
8.723139440691149438e-02
4.029578389348210249e-02
1.307103247255892407e-02
9.440654484001366475e-02
4.835878320642419959e-02
3.600751168019062920e-01
1.267292499542236328e-01
1.506098270416259821e-01
3.651414536141060485e-01
2.311711440215239582e-02
1.590838947811642340e-02
2.124374363873456073e-02
2.048837816393053388e-02
2.043265007637642613e-02
7.529086718688140500e-01
5.450523092940046804e-02
2.396399639748238164e-01
1.220599586899216160e-01
1.551014043189383740e-01
2.576800423699456347e-02
1.452777965648754249e-02
5.647689265173834461e-02
2.467215254500105745e-02
3.942778948191050237e-02
1.045965310689565275e-01
1.914075915877883616e-01
2.103574082658097449e-02
3.423163587982590017e-01
6.058452967050913240e-02
1.687268289359840079e-01
6.120098925925590017e-01
4.838646766301747948e-01
1.128067957388388109e-01
5.492185450888968645e-02
3.888159958091941953e-02
2.970586892720815109e-01
1.307355455450109616e-01
1.517849303580619258e-01
1.851837074434435071e-01
2.805799857990161697e-02
3.513526897172670194e-01
1.070273792421495562e-01
7.242784500122070868e-02
4.493803771766456401e-01
6.859597773165315715e-02
3.676537371970511892e-02
4.058054202311747738e-02
2.874191161748525514e-01
7.698568009041450999e-02
1.293916702270507882e-02
1.420944703591836382e-02
1.876349648913821777e-01
3.121368820602829497e-02
5.191016306748261755e-01
4.482004449174210869e-02
6.270009569219640866e-02
1.472000424926345474e-01
1.329112149573661306e-01
1.477671970547856484e+00
1.328289579700779321e-01
3.248396821924157823e-02
1.420944703591836382e-02
1.265440889306970566e-02
1.407390646032384840e-01
5.536591684496080384e-02
4.058054202311747738e-02
4.106494800464526723e-02
1.956920262929555399e-01
1.054387666083670960e-01
1.913215360125979925e-01
6.497345086690541338e-01
7.395779442142795812e-01
8.303445480965279679e-02
4.683791205689713522e-01
5.153600847398912693e-02
9.843804449648470289e-02
6.916549334654936709e-02
3.690425963015169786e-01
7.949571609497070590e-02
6.199871398307181536e-02
2.202126271015888981e-02
2.194512534785915056e-02
5.439581381308066232e-01
4.953408473246806443e-01
1.181824780799247132e-01
6.871467796531884054e-02
3.350607685140661318e-01
3.235913225122400566e-02
1.905204025474754523e-02
2.549157464826429242e-02
5.177596395080154013e-01
1.335579060219429549e-02
6.457346645561425069e-02
2.467215254500105745e-02
4.153248941576158371e-02
7.670997664735124122e-01
9.002313807203962681e-02
1.823261557398615784e-01
1.608281779933620065e-02
1.801596564215582896e-01
1.298002971185220344e-01
1.517682011063034575e-01
5.478998905903584293e-02
2.805860570959142763e-01
3.175285461786631069e-01
1.284933876346897319e-01
4.305700353673986430e-02
2.998554526148615729e-01
1.905204025474754523e-02
1.462393502931337019e-01
4.354976447852881849e-02
6.163381280125798112e-01
2.114174237122406694e-02
5.722388770129229613e-02
2.637109498719911183e-02
2.311711440215239582e-02
1.170734611717430262e-01
1.133267196449073561e-01
4.305700353673986430e-02
1.717993517179746965e-01
1.778176024153425849e-02
2.053694660599167388e-01
9.856990994633854641e-02
1.172814639838966194e-01
1.559005685754724473e-02
2.202012062072754017e-01
7.249431771201055863e-01
1.343192796449403474e-02
1.021632503818821203e-01
4.207418287122571821e-02
2.866739524377359127e-01
9.476744033194876848e-02
6.100115324999835081e-02
4.432728354995315451e-02
1.076945685051582946e-01
1.293916702270507882e-02
2.062613931862083694e-01
1.318930284397022146e-01
5.634502720188450109e-02
1.608281779933620065e-02
4.276824558103407004e-01
1.343192796449403474e-02
4.491833545066215017e-02
1.564730257601351371e-01
3.980413449777139151e-02
3.899192938933501718e-02
2.732304237984322162e-02
4.769159394341546121e-02
1.039903898496885581e-01
3.683380049628180719e-02
6.140395177377237085e-02
1.481127210565515440e-01
4.665984076422614174e-02
7.900295515318174477e-02
1.930766698476430454e-01
5.666335982245367803e-02
1.978699645480594058e-02
1.905204025474754523e-02
2.873722669240590805e-02
1.293244117015116823e-01
1.766755194277376817e-01
2.461556776149852743e-01
2.997393221468538926e-02
6.177867232142267989e-02
1.751420169263272764e-01
5.793363983566696823e-02
2.449189302083608355e-01
9.245482908712851500e-02
1.452777965648754249e-02
6.306099118413151239e-02
1.233607627250052872e-02
6.899943609495420849e-02
2.107551297625979980e-01
2.389463347357672490e-02
1.261297593245635229e-01
1.159978041777739721e-01
1.530529872791187157e-02
2.934031744261045641e-02
6.060973373619285565e-02
2.092541101816538379e-02
5.429722811724688875e-02
1.746342762096508155e-02
1.607802951658094115e-01
6.521912007718472237e-02
5.182076660362450182e-02
1.625633542602126780e-01
2.431844543766331079e-01
7.681125176919473274e-02
2.285794528754981902e-01
4.534699787964691781e-02
1.590838947811642340e-02
4.680374506357554143e-02
1.393141057040240272e-01
2.279878178158321889e-02
2.043265007637642613e-02
1.265721804386860661e-01
2.951474576383023712e-02
6.772915608174091828e-02
4.626005662454141243e-02
3.276872634887695312e-02
1.574795748736407264e-01
1.991272617030788103e-02
3.655884117693514179e-01
2.941908082446536565e-01
2.618462781648378188e-02
1.929423551301698292e-02
2.152850176836993215e-02
3.138811652724807222e-02
2.321540536107243730e-02
3.639028175457104108e-01
1.632515597987819478e-01
2.124374363873456073e-02
1.001117293899123767e-01
5.132800566183554070e-02
2.858274434063885761e-02
3.693209145520184172e-02
2.998974484366339621e-01
3.152713498553714189e-01
3.396286899979050061e-02
1.090317532822892427e-01
7.922697582760372670e-02
7.850514424813760661e-02
3.535118940714243596e-02
1.623103659217422168e+00
9.578715466164253178e-02
3.431477611129348654e-02
1.946866383423676364e-02
1.425577917614498646e-01
3.586981425414214469e-02
2.213159251857448398e-02
1.220143453494922509e-01
1.131828153455579633e-01
4.705587399972451651e-02
2.218917782242233738e-01
4.460039531862413642e-01
3.789348138345254302e-01
1.462950783806878097e-01
9.243488311767578125e-02
1.162839032508231479e-01
1.003875526222022807e-01
2.067205796370635285e-01
1.641619643649539495e-01
2.151931730476585591e-01
1.402577245557630470e-01
1.640115041990537759e-02
1.936257768321681672e-01
3.031416564374356803e-01
4.885154414821315377e-02
1.905204025474754523e-02
7.196865855036554960e-02
5.896539301485628770e-02
3.029226483525456620e-02
9.677267654522045404e-02
5.899591703672666526e-02
6.941605967444341996e-02
1.848583453410380661e-01
2.665585311683448672e-02
1.070273792421495562e-01
2.340187253178777071e-02
3.234247748916213583e-01
6.863854060301909088e-02
1.336832323589840499e-01
2.892144254735998232e-01
4.245391278653531247e-02
1.855927931295858757e-02
1.530529872791187157e-02
6.744439795210555033e-02
1.331898534620130359e-01
2.287799629005226043e-01
1.886217858340289155e-01
8.554144034514556127e-02
3.489969227765057219e-02
1.901342611055116261e-01
1.453585308951300670e-01
6.574545550990748555e-02
2.969236773413581054e-01
6.034034909428777071e-01
1.564135902636760056e+00
5.786798077660637585e-01
2.047861956261299854e-01
1.309695505451511588e+00
2.969057547079550496e-01
7.141503978419948551e-01
5.448073638452065603e-01
8.844724494057732977e-01
3.870717125969964229e-02
1.251545606432734381e+00
1.982955932617187431e-02
1.313397164602537304e+00
1.293916702270507882e-02
1.045606595761067181e+00
1.555516023893614153e-01
5.607186936043404568e-01
6.339735514408832984e-01
9.738780614492055510e-02
2.553364321992204200e-01
4.326500634889345054e-02
9.120465355950433395e-01
1.488356384071143901e-01
1.640617132186889648e+00
6.736661208642495957e-01
7.068098835043005179e-01
1.420944703591836382e-02
1.643773036389737596e+00
3.545319067465292628e-02
1.122644424438476590e-01
5.044015678199562092e-02
3.294315467009673037e-02
2.824446575061695039e-02
8.444863912221547975e-02
4.134124388565888486e-01
4.973939302805308049e-02
6.323541950535130352e-02
2.092541101816538379e-02
1.559005685754724473e-02
1.865662761636682487e-01
1.221251268644590604e-01
1.559005685754724473e-02
1.608281779933620065e-02
1.420944703591836382e-02
4.788755790607349128e-02
2.808876952609500322e-01
1.233167500109285886e+00
9.890926979683541120e-02
1.420944703591836382e-02
5.085678036148483933e-02
7.251549765870377584e-01
1.833153460476849572e-01
7.989080403302166455e-02
4.305700353673986430e-02
1.128644827249887794e-01
3.080775525118853442e-01
2.654552330841889254e-02
3.435733898265942027e-02
2.527524329520560581e-02
7.631849082740577161e-02
2.334321608414521021e-01
2.343544702272157276e-02
1.340777023418529557e-01
1.311359534392485780e-02
1.886040763597230718e+00
1.001441653999122439e+00
1.031367334159644933e-01
1.182931745374524946e+00
5.997654669993632837e-01
6.861396029188826517e-02
7.577332039137144593e-01
3.424524268588504117e-01
2.164970275518056375e-01
3.035335843627517405e-01
8.197217760859308588e-02
1.669631700257997176e-01
8.853586686624062563e-02
3.386457804087045914e-02
8.557501483607936332e-02
3.803998199669090391e-02
1.341213915799115142e-01
5.992290645032315455e-01
2.234406387483751366e-01
1.414089003769127162e+00
2.066422075838656169e-01
1.572253407658757429e-01
1.149451964610331833e-01
1.827452118332321615e-02
1.867115085189406942e-01
1.624574683163617195e+00
1.096247070544474900e+00
1.367621666676289427e-01
1.671844863247226920e+00
3.092089163290487885e-01
1.565581515028670045e-01
6.693959816082103997e-02
2.033109632698265334e-01
2.979950389346560854e-02
4.977296751898688254e-02
3.354624542030128220e-02
3.170644914781724916e-02
5.938201659434550611e-02
2.338386696738165849e-01
2.246308442708608299e-01
1.886812242301734721e-01
4.608795320665513839e-02
3.477396256214863868e-02
2.667050271420865482e-01
1.975617286321279253e-01
6.082672492877857356e-02
4.209301665022566197e-02
1.442016659556208391e-01
1.720707932034054310e-01
2.279878178158321889e-02
2.060707839759620338e-02
1.965513100495209706e-02
4.071479436513539829e-01
7.333722952249888127e-02
7.695210559948070794e-02
4.135806109454180646e-02
8.482715819333050966e-01
4.250964087408942021e-02
8.228745976009883834e-02
1.608281779933620065e-02
9.578715466164253178e-02
3.481652543351457241e-02
4.669341525515994379e-02
7.238304911433040001e-01
4.460774215492042116e-01
1.014687149589126092e+00
4.350619058351258839e-01
1.063937644700746338e-01
3.029226483525456620e-02
4.405690115851325084e-01
4.401106125599629076e-02
7.544613979958199323e-02
3.870717125969964229e-02
4.330399938531823839e-02
1.838485099173881032e-02
2.279878178158321889e-02
3.294315467009673037e-02
2.119933985375069274e-01
6.114748136417286206e-01
4.729650600536449562e-02
5.720571311744483689e-02
4.839235769735800163e-02
2.078084687928895280e-02
1.327744561272698430e-02
2.792613313004777345e-02
2.311711440215239582e-02
6.369765642526988014e-02
7.868462253261257477e-02
5.259828567504883090e-02
6.250510512171565392e-01
2.065002273868870031e-01
2.279878178158321889e-02
2.259346987750079083e-01
4.633251976322483312e-02
8.678119633648846698e-02
9.822942372914907072e-02
2.020789178642066752e-01
4.304496468724431507e-02
1.391726055660763295e-01
6.887070797585151949e-01
1.511647456401103151e-01
3.308705896944613006e-02
1.629914915239488726e-02
1.153439947076745908e-01
1.029958795856785181e-01
2.714861405862344437e-02
7.019357874586774904e-02
5.767103530265189210e-02
3.451999084369556381e-01
5.588584075102934895e-02
5.794066931750323224e-02
2.130942595971597187e-01
2.824446575061695039e-02
4.550710265700881330e-01
3.040259464367016037e-02
1.030272973550332566e-01
1.285894555014532870e-01
6.412326838519122330e-02
4.338304596978264649e-01
2.974936478846781918e-01
2.332621239327095641e-01
1.265440889306970566e-02
1.208664339941901145e-01
2.283745353286330826e-01
4.685947315112964223e-02
2.425870328336148518e-01
6.417416978526759852e-01
6.542712288933831555e-02
3.107756144291645706e-01
1.807285547256469727e-01
5.574193645167994926e-02
1.746342762096508155e-02
2.151117311941610766e-01
9.632552894386085807e-02
2.075373005222629907e-01
1.619314760775179482e-02
2.262435346036343817e-02
3.632900070499729683e-02
2.951474576383023712e-02
6.323541950535130352e-02
2.140020808658084361e-01
1.387674028809006144e-01
2.903659762562932345e-01
9.242586284070402058e-01
4.738268517159127113e-01
4.686731738013190096e-01
5.778907569679053724e-02
1.935573919399364573e-01
2.180297696912610883e-01
4.026220940254830044e-02
4.286719786154257195e-01
4.652598902985856100e-01
3.071089216180749593e-01
1.821697537963454794e-01
1.435156841535825956e-01
6.667673819773906052e-01
2.836161832551698514e-01
2.084614251111004679e-01
9.628213869558797933e-02
3.640320958317936895e-01
1.593808509208060609e-01
2.618462781648378188e-02
1.081554638372885235e-01
8.290413521431587440e-02
3.045605008666579794e-01
2.311711440215239582e-02
1.365877383464091654e-01
1.472470257733319299e-01
7.333722952249888127e-02
8.157506697886698910e-02
1.522655081104587749e-01
9.206582919971363632e-02
2.016543961860038092e-01
2.705698786555109717e-02
2.397184700579256533e-01
4.697817338479531868e-02
3.308705896944613006e-02
2.143687557529758841e-02
3.945407223057102453e-01
1.409442102586900940e-02
1.018057159475378032e-01
4.474390712944237292e-02
3.106978390667889528e-02
2.009710273227176269e-01
1.728899929974530084e-02
1.332757453660707303e-01
1.608281779933620065e-02
3.545319067465292628e-02
8.651245606912148778e-02
2.092541101816538379e-02
5.052786968849800470e-02
2.919641314326106019e-02
1.694350371489653645e-02
1.778176024153425849e-02
1.802099298786472570e-01
1.608281779933620065e-02
9.070236618454391442e-02
4.450364061304040719e-01
3.605786233334927759e-01
1.205018700780095264e-01
4.271150795189110339e-02
2.671158120438859793e-02
5.715612076424263915e-02
2.657645354399810200e-01
1.710859311593545540e-01
2.368230162440119468e-01
1.905204025474754523e-02
2.417939160321209979e-02
1.008286985191138990e-01
2.792613313004777345e-02
6.566931814760774977e-02
1.343192796449403474e-02
2.202863319500072692e-01
8.568534464449495403e-02
7.582572988561682437e-02
3.304910144290408303e-01
1.746342762096508155e-02
5.136158015276934968e-02
5.115837793092469638e-02
4.150915790248561610e-01
4.185082203633076758e-02
2.340187253178777071e-02
3.702978617436177289e-01
1.542135554390984542e-01
5.173259039182920987e-02
8.392500490755648579e-02
3.354624542030128220e-02
1.086585547472979640e-01
1.664550091769244344e-01
8.992484711311958534e-02
2.841889407183672764e-02
2.824446575061695039e-02
4.099716560260669579e-02
2.712551729099170750e-01
1.530529872791187157e-02
8.363754555985734862e-02
4.513837711231128563e-02
5.958696893743566786e-02
1.841771583299379178e-01
1.483213418238871761e-01
7.784636600597484579e-02
1.633412644669816338e-01
1.530529872791187157e-02
1.795618856275403921e-02
1.905204025474754523e-02
3.899192938933501718e-02
4.372419279974860268e-02
4.216915465689994452e-02
9.324995569280676577e-02
3.132401801444388567e-02
5.182076660362450182e-02
1.608281779933620065e-02
7.708397104933455146e-02
1.420944703591836382e-02
2.018474623963639469e-01
9.128115628216718069e-02
3.700822881750158444e-02
5.984891363092371269e-02
4.559756356316643777e-02
1.206457743773589331e-01
5.683778814367345528e-02
3.545834090258623839e-01
1.211339886124069620e+00
1.516197626655166220e+00
1.100259156484861611e+00
9.760596752166748047e-01
1.198274426202516230e+00
4.372292641046884865e-01
8.209782471527924397e-01
2.092541101816538379e-02
9.456382867452260976e-01
7.323536872863769531e-01
5.126660836709512337e-02
8.719155930184029346e-01
5.817583509393640245e-02
1.371668609412940790e-02
3.722456017056027106e-02
1.063331736100686653e+00
1.795618856275403921e-02
2.955664879566914302e-02
4.545299942429001372e-02
4.107565016359896459e-01
1.000084825464197108e-01
2.835479555903254456e-02
4.761483862593367256e-02
2.580415094220960270e-01
2.172416629018010248e-01
5.811173658113221591e-02
1.717866949132971013e-02
4.244103322157988800e-01
1.563837231816472273e-01
2.577440364940746242e-01
1.149830992157394871e-01
1.524079516127302969e-01
4.372419279974860268e-02
2.311711440215239582e-02
3.658668679160040904e-01
1.024963230700106226e-01
5.523460652377154556e-01
1.082671352334924619e-01
1.283968525963860574e-01
2.171472948950690096e-01
1.549910745105227972e-01
5.132124037355990237e-02
2.467215254500105745e-02
1.119682634198987808e-01
3.524518786249934005e-02
5.539307980924039476e-02
1.640115041990537759e-02
1.371668609412940790e-02
1.409255317739538382e-01
1.149649246318920209e-01
1.827452118332321615e-02
1.912134138313499598e-01
2.483158266222154908e-01
4.880898127684722004e-02
6.161703309497317260e-01
1.371668609412940790e-02
6.818834253259607736e-02
3.344951771401070278e-02
3.468815507115544788e-02
2.340187253178777071e-02
4.945463489841770560e-02
1.688975469486133363e-01
1.442898421674161380e-01
9.927487115602234846e-02
1.400183703448321382e-01
1.420944703591836382e-02
3.435733898265942027e-02
3.012533316741118627e-02
1.420944703591836382e-02
4.185717834008706451e-01
2.714861405862344437e-02
3.887452157768043204e-01
1.265440889306970566e-02
1.489885310868959145e-01
3.126551576562829893e-01
1.589738755612759846e-01
3.030395095412795614e-01
2.529604357642096235e-01
5.814753416422251131e-02
6.783948589015650898e-02
3.659863471984863004e-02
2.714861405862344437e-02
4.528626042443352484e-02
2.092541101816538379e-02
2.324977700774734091e-01
1.452777965648754249e-02
1.321010084409971475e+00
1.989389174693339049e-02
3.339115580996951382e-01
9.958586950559873419e-01
1.733551321802912493e-01
4.632039340766700430e-01
1.505598010243596185e-01
8.797533898740200753e-02
1.420944703591836382e-02
1.797312279005308377e-01
1.420944703591836382e-02
2.025594376228951055e-01
8.097978450156546604e-01
9.522967725186734511e-02
1.681777399939459600e-02
8.747096963830895688e-02
8.656020377133343269e-01
7.631849082740577161e-02
3.545319067465292628e-02
9.034147069260881069e-02
5.176002914841110886e-02
5.715612076424263915e-02
2.359130137675517214e-01
3.241097095850351550e-01
4.704203309239567976e-01
3.204197395170057305e+00
4.279571842502903345e-01
1.162533792289527634e-01
2.043265007637642613e-02
1.032685988658183368e-01
4.135757994007420169e-01
3.057702296488993762e-02
1.452777965648754249e-02
1.522916136561213232e-02
4.162312514073139846e-01
3.651546787571262331e-02
1.142361041661855287e-01
2.654552330841889254e-02
8.568534464449495403e-02
2.167176871686368467e-01
4.192981468664633282e-01
2.439345617552061418e-01
2.951474576383023712e-02
9.433811806343697648e-02
1.185008107004938832e-01
8.313274576857283826e-02
1.325142937737542326e-01
1.470195705826218002e-01
1.588481458457740580e-01
1.608281779933620065e-02
1.178509802431673553e-01
3.131197916494833644e-02
2.247103426907513524e-01
1.295414028940974072e-01
2.668942760776829223e-02
3.070888841474378461e-02
3.418291066143963608e-02
1.389082567111865896e-01
5.758478319322740679e-02
1.887761193352776451e-02
1.379951618813179681e-01
4.990570622521477984e-01
1.717866949132971013e-02
3.291263064822635281e-02
7.083877099526894594e-02
4.127103464023487156e-01
4.601418714265565618e-02
2.269076733975796956e-01
3.600121601207836308e-01
2.807407269606719269e-01
2.112756716238485821e-01
5.401246998761151386e-02
3.097857771693049433e-01
7.824143203529151380e-01
1.445404078509356649e-01
4.448698172698150044e-01
4.934430509000211490e-02
4.231000848718591972e-02
3.131991592613426190e-01
1.090751783267871755e-01
4.107330296490643157e-02
1.424590342753642436e-01
1.170258889327178142e-01
4.107330296490643157e-02
1.633298435726681375e-01
5.980701059908480333e-02
1.982955932617187431e-02
2.233790494300223750e-01
2.795496483106870711e-01
1.530529872791187157e-02
7.840318357622301504e-02
5.927168678592990847e-02
1.463810946490313493e-02
2.194512534785915056e-02
5.263186016598263295e-02
5.959900778693121709e-02
2.807003742939716967e-02
2.764137500041239856e-02
1.549947429347682537e-01
3.951826482205777341e-02
1.336490399128681950e-01
1.114533488814895279e-01
1.738818516602387287e-01
1.855927931295858757e-02
2.262995732797158654e-01
1.587174067626128393e-01
2.491434780327049514e-02
2.618462781648378188e-02
3.194864440608669032e-02
7.643263997258367137e-01
1.300683562820022232e-01
2.949800169145738726e-01
1.965513100495209706e-02
1.067308142378523561e+00
8.269452765181257714e-01
1.562363134848105024e-02
2.530166722632743448e-01
2.279878178158321889e-02
9.437297034907984883e-02
5.100967304126636376e-02
4.386809709909800237e-02
3.860021913373792302e-01
4.354251152760273968e-01
1.982955932617187431e-02
1.378401511424296733e-01
2.645699758787413147e-01
1.560541172285337674e-01
2.902198482204127947e-02
8.123221204087541225e-02
1.685752353152713268e-01
3.761131956770613627e-02
3.870717125969964229e-02
4.392314343839078677e-02
6.493436194754935442e-02
1.367285921766951406e-01
5.072491491163098887e-02
1.608281779933620065e-02
3.623066083804981075e-01
1.717866949132971013e-02
5.349957556337923276e-02
4.026220940254830044e-02
1.910815483814961302e-01
2.170293008958971287e-02
9.267402790688179792e-02
5.939385278804881763e-01
1.905204025474754523e-02
2.341054858388127435e-01
6.041010134928935515e-02
1.562733933732316227e-01
1.055149039706668318e-01
2.544967161642538653e-02
6.179071117091823606e-02
2.654552330841889254e-02
1.420944703591836382e-02
4.574146786251583746e-02
7.579453378110317940e-02
2.527524329520560581e-02
3.573794880428829424e-02
2.732304237984322162e-02
1.559005685754724473e-02
9.548086089056891101e-02
2.902198482204127947e-02
1.195378838358698709e-01
4.354976447852881849e-02
1.952387777534690949e-01
9.469130296964903271e-02
2.290911158999881306e-02
1.599896108781969362e-01
1.954313806585363522e-01
1.811306721455342161e-01
2.138803301630793352e-01
2.550539970397949080e-02
1.371668609412940790e-02
6.337932380470069627e-02
2.951474576383023712e-02
5.885506320644069700e-02
2.605276236662993489e-02
3.326148729066590731e-02
1.311359534392485780e-02
8.133551236745473201e-02
3.021612747295482695e-02
2.210800667066831759e-01
2.202126271015888981e-02
9.197264619775720462e-02
1.827452118332321615e-02
2.381849611127698912e-02
8.816180615811734789e-02
1.396552517607405342e-01
1.311359534392485780e-02
1.667005654927846414e-01
3.868833683632515869e-02
3.403900636209023639e-02
8.133551236745473201e-02
4.559756356316643777e-02
2.696880746532130946e-01
8.853230695466737243e-01
2.116370755272942716e-01
6.908260293909021521e-02
9.671756641284839917e-02
4.139996412638071582e-02
9.762695093412657177e-02
9.111898976403313977e-02
5.538104095974483859e-02
2.421296609414590531e-02
1.495574293909846253e-01
2.353373798164161423e-02
2.299967224533493448e-01
7.443308121449238035e-02
2.020807040704263313e-01
6.726996963088577308e-02
6.245790043392696750e-02
2.268315360352799737e-01
2.333261805611687723e-01
2.882412182318197513e-01
2.544967161642538653e-02
9.421185403256803204e-01
4.990483296884072606e-02
2.873722669240590805e-02
3.924952455469080115e-02
1.112668817107741875e-01
3.424060666883314008e-01
1.366860293053291930e-01
1.067761956034479903e-01
1.100727390598606470e-01
1.343192796449403474e-02
4.797184525309381997e-01
1.933679838438291665e-02
3.121368820602829497e-02
2.431125705306594331e-02
1.530529872791187157e-02
9.181138309272560138e-02
2.705698786555109717e-02
2.234622162741583817e-01
6.433127119734480259e-02
7.433479025557233888e-02
8.745541508133347630e-02
4.591589618373561471e-02
1.125029273935266444e-01
3.143102523442861118e-01
1.420944703591836382e-02
6.245790043392696750e-02
2.792613313004777345e-02
4.701174787572912073e-02
2.467215254500105745e-02
1.804718533077755427e-01
1.559005685754724473e-02
1.331472905906471160e-01
1.311359534392485780e-02
3.070888841474378461e-02
1.312188096948572191e-01
2.366559305706539551e-01
1.518048608625257312e-01
3.614070699021623145e-01
8.649643820685309903e-02
6.228347211270719025e-02
1.017681624438311616e-01
6.818834253259607736e-02
4.793317124650284949e-02
1.833239123627946054e-01
1.403991963412310751e-01
1.697647333145141657e-01
1.910776834230165297e-02
2.417939160321209979e-02
9.056151235425793922e-02
1.795618856275403921e-02
2.576800423699456347e-02
1.403501871469858484e-02
2.769096735361459977e-02
2.114174237122406694e-02
5.242385735382904671e-02
2.919641314326106019e-02
3.245039372830777619e-02
3.241332073469419539e-01
1.688538879961580808e-01
1.314483481484490512e-01
3.114302158355712891e-01
2.084927365586564454e-02
2.618462781648378188e-02
1.420944703591836382e-02
4.039407485240214396e-02
9.831575709420281584e-01
1.223899809089866869e-01
6.147237855034905218e-02
4.913801850499333601e-01
4.770428103369635520e-01
9.179821787653742737e-02
9.819584923821526867e-02
2.714861405862344437e-02
2.357630085300754796e-02
2.697418573740366365e-02
1.655384076608193977e-01
3.903118636157061339e-01
1.481253778612291565e-02
2.389463347357672490e-02
2.588177339450732917e-01
3.276872634887695312e-02
4.461204167958852246e-02
4.154724514162217996e-01
1.593744812784968212e-01
2.042833199372162678e-01
4.629894527229103107e-02
2.353373798164161423e-02
4.820589052664266821e-02
3.135136088809451493e-01
2.060707839759620338e-02
4.583975882143587893e-02
5.284626380817309954e-01
1.069632807293453697e-01
1.704097535159136700e-01
8.805147634970175718e-02
4.669341525515994379e-02
1.452777965648754249e-02
4.211296326405293555e-02
1.632133780299006298e-01
6.626037004831675237e-02
1.343192796449403474e-02
5.340937923740696203e-02
2.848248365763071388e-01
3.036516247568903926e-01
4.277224540710448941e-02
3.053537690961682927e-01
8.462306744343525700e-02
6.767455436087943532e-02
1.560107888402165466e-01
3.414933617050583403e-02
4.685884894551457514e-01
6.816117956831647950e-02
6.897113516524031041e-02
5.428518926775133258e-02
3.061059745582374314e-02
1.659467594043628480e-01
3.266542602229761949e-02
1.123747722522632497e-01
1.856808597977097075e-01
4.145635205346184793e-02
2.718539295969782388e-01
2.513661958075858460e-01
1.242617768210333706e-01
4.630951565665167857e-01
2.544967161642538653e-02
2.031359169934247033e-01
8.479749576465503424e-02
1.137859060957625151e-01
1.071783130233352199e-01
2.067813170922769006e-01
7.168099036087860476e-01
1.740125907433999475e-01
1.859285380389239309e-02
2.537936829231881020e-01
4.711003883464916220e-02
5.103593903618890149e-02
1.543664481188799786e-01
9.023449408041464004e-01
3.218602399568299965e-01
2.044893986469990543e-01
2.773966595933244003e-02
3.048277545619655360e-01
3.085962192432300522e-01
1.715918573173316752e-01
5.616936258367589696e-01
9.695914371593578052e-02
1.516100232665603120e-01
2.544967161642538653e-02
9.742535964862721054e-02
4.514670565321638601e-02
2.050182761372746632e-01
4.007574223183296702e-02
6.493436194754935442e-02
1.420944703591836382e-02
2.549446447475536282e-01
4.139163558547561544e-02
7.168390042073018165e-02
1.023028264174590252e-01
1.657043038187800132e-01
8.211303143887906109e-02
4.067883298203751885e-02
3.340539159001530700e-02
1.681844756409928698e-01
1.887761193352776451e-02
3.337181709908150495e-02
5.814997118872565485e-02
6.990882061623238108e-02
5.801471955067402653e-02
4.807402507678882470e-02
2.190107319806073038e-01
1.958403658222507837e-01
1.801294429882152603e-01
7.939371482746021558e-02
3.435733898265942027e-02
2.144492284671680460e-01
2.231914558926144099e-01
3.138811652724807222e-02
2.357630085300754796e-02
2.247451530920492602e-01
1.590838947811642340e-02
1.875212740253757726e-01
5.369413736704233692e-02
2.103968111244407801e-01
2.576800423699456347e-02
1.857526057475321901e-01
1.039553888424022743e+00
3.448687269880965078e-01
1.770465296667975419e-01
3.742486154710924495e-01
5.460352188832050951e-02
1.795618856275403921e-02
3.298505770193563974e-02
9.938999188912880922e-02
2.690689660407401540e-01
2.200052422446173717e-01
1.039478269783226244e-01
1.088856258907833635e-01
6.881296892423888201e-02
7.631849082740577161e-02
4.955864648561220109e-01
1.668590854954075248e-02
4.774561585606755254e-01
8.211303143887906109e-02
7.822543608175741570e-02
1.793532229758597607e-01
2.073508333515476643e-01
1.315676663372967736e-01
1.640115041990537759e-02
8.129294949608879828e-02
6.080518928734032075e-02
9.504382803633405763e-02
4.916987676878233071e-02
4.336411624341397486e-01
1.396096384203111829e-01
7.705344702746416696e-02
5.760472916268013360e-02
2.399292443249676637e-02
6.985186576843261941e-01
1.716618589452795218e-01
1.464473531052872812e-01
3.199120727745262405e-02
1.812860321354221593e-01
3.579849874651110098e-02
1.982955932617187431e-02
6.723639513995195716e-02
1.293916702270507882e-02
5.963258227786502608e-02
3.980302295169314830e-02
4.464561617052233145e-02
1.674830939318682765e-01
2.245630773338111730e-01
6.066666931719393308e-01
4.871069031792717857e-02
5.853673058587151312e-02
8.116108404623495476e-02
3.132045404331104121e-01
1.532736468959499110e-01
4.286086623733108281e-02
2.088885126887141119e-01
1.608281779933620065e-02
5.621844691199224808e-01
4.185082203633076758e-02
6.455193081417599787e-02
8.758923942978318056e-02
4.540710816512236736e-01
1.633076899760478318e-01
1.668590854954075248e-02
9.424110489922600531e-02
6.054196679914319867e-02
3.058229652610984853e-02
1.176980875633858309e-01
2.043265007637642613e-02
1.057040723594459275e-01
4.482091001562170107e-01
2.773966595933244003e-02
3.199120727745262405e-02
1.515411299628180442e-01
1.517071878587877565e-01
3.499514431566805306e-01
1.387458672394623616e-01
3.637461404542665505e-02
1.738421414349530236e-01
3.326148729066590731e-02
1.746342762096508155e-02
3.200515856613984078e-01
7.068112044721036602e-01
1.451854016329791053e-01
2.301511313464190550e-02
3.193116413580404656e-01
1.920861385964058587e-01
1.013585683461782072e-01
1.498696610734269463e-02
1.087688845557135547e-01
2.124374363873456073e-02
2.248044916101404195e-02
8.632200988563330790e-02
2.081605488545185789e+00
9.590294386889482992e-01
2.309959726720242745e+00
6.196887377146128584e-01
7.755151548901120240e-01
1.709672695237236972e+00
6.094776913926408524e-01
1.276206532040157882e+00
2.004878127252733400e+00
6.892898604676530594e-01
1.243842585666759648e+00
1.106091204205074785e+00
1.865245263640945117e+00
1.798511737101786911e+00
3.944539914260039581e-01
2.125268115224065113e+00
2.128480054881121575e+00
1.324094932143752734e+00
7.221127348977166571e-01
2.093322729420017403e+00
2.819701742481540929e+00
1.317814193545161050e+00
2.534420423894315100e+00
1.509139484972567224e+00
4.155701978786571771e-01
5.813703208356290064e-01
1.925516899856361208e+00
2.206647009462923581e+00
9.906249258969280769e-01
8.551091632327517678e-02
2.215239225207148444e+00
1.726623776152327316e+00
2.375635350717080652e+00
1.916183703654521286e+00
2.096047476175669111e+00
1.264720680906965988e+00
7.833210378079801250e-01
1.511796165157008875e-01
1.675747710949665681e+00
3.682954002071071042e-01
2.276675815195650543e+00
1.552287800891979375e+00
2.605276236662993489e-02
1.658488679576564373e-01
1.081651339659819716e-01
1.645695995640110432e-01
6.843053779086551158e-02
1.265440889306970566e-02
2.805799857990161697e-02
3.481652543351457241e-02
5.199519492484427907e-02
4.110901310637190553e-01
6.408070551382528957e-02
2.417939160321209979e-02
1.371668609412940790e-02
1.933679838438291665e-02
1.103239226985622129e-01
2.121016914780075521e-02
9.526020127373772961e-02
3.308705896944613006e-02
1.620450786642126106e-01
1.456905474533905787e-01
1.145981150704461216e-01
1.174470186233520508e-01
2.134203459765459873e-02
6.358059870230184374e-02
1.153745187295449753e-01
2.103637450450175639e-01
9.943560522955817438e-02
2.014789194674105124e-02
8.878643254976015253e-02
2.785288688298818149e-01
2.082722567223213861e-01
2.170293008958971287e-02
2.934031744261045641e-02
2.873722669240590805e-02
2.490863374761632942e-01
2.792613313004777345e-02
3.778574788892591352e-02
6.839634534474965666e-02
9.989479168041331958e-02
3.085195734694197167e-01
1.164918192657264484e+00
3.386457804087045914e-02
9.203401178927035353e-01
1.014947077390309982e+00
2.764137500041239856e-02
3.171291029131090289e-01
2.308353991121859031e-02
8.473379141575581031e-01
1.099549325736793315e-01
1.795618856275403921e-02
1.986930718293061227e-01
6.430074717547441809e-02
1.011656786944415076e+00
4.268438693639394210e-01
1.380555281767973930e-01
3.229834601685807605e-01
1.780418963045686878e-02
1.802049205109879648e-01
3.537705331235318357e-02
1.982955932617187431e-02
1.760388541865993139e-01
2.939508057929374196e-01
2.341677981453972879e-01
1.104678269979116056e-01
3.948469033112397136e-02
1.827452118332321615e-02
2.718218854955724642e-02
3.894894445264661664e-01
2.478160155786050256e-01
2.950725664963593231e-01
2.300825827830546566e-01
3.170652279982695831e-01
1.692893157134184867e-01
1.209305325069943010e-01
5.972596696905187880e-02
1.022453933148770727e-01
5.343454721811655150e-02
1.119770436673551001e-01
3.996438516152871490e-01
9.936671411668932530e-01
1.545781193552790422e-01
3.369014971965068189e-02
3.217597284832516280e-01
2.686385592898806948e-02
5.267072555181142590e-01
1.869517577661050367e-01
3.121368820602829497e-02
2.718218854955724642e-02
1.795618856275403921e-02
1.125492005734830270e-01
1.523096606538102415e-01
2.449772422378127673e-02
2.764137500041239856e-02
1.827452118332321615e-02
3.163355724231616817e-01
1.489915815559593459e-01
1.530529872791187157e-02
2.961303672275027860e-02
4.411140596544420589e-01
3.683380049628180719e-02
1.530529872791187157e-02
2.457343520344914545e-01
1.262964106894828298e-01
6.631497176917823533e-02
3.742485239699080285e-02
2.309556993278297221e-01
5.213909922419367876e-02
2.086435427536835474e-01
7.246974803305961110e-02
5.291661829561800784e-02
8.948781425888474583e-02
3.997745127291292555e-02
1.297925865327989869e-01
2.373037383363053587e-01
2.113906570383020378e-01
1.108838326222187781e-01
1.483003145939595091e-01
9.943560522955817438e-02
3.326148729066590731e-02
3.792965218827531321e-02
7.433479025557233888e-02
6.401598904583905014e-02
9.940203073862437233e-02
1.200975495415764899e-01
3.980302295169314830e-02
3.240783085694184246e-02
1.717866949132971013e-02
5.712254627330883017e-02
8.214660592981286313e-02
4.248748727746912146e-02
1.515475414894722483e-01
6.807801272418047278e-02
1.929423551301698292e-02
9.221484145602663884e-02
2.654552330841889254e-02
8.147941666680413864e-02
1.091087528177209776e-01
2.687380861591648351e-01
1.164839725236634926e-01
6.118762042071368423e-02
2.024620088371070770e-01
1.386697298771626119e-01
2.668634015160638029e-01
2.945081317746961469e-01
9.034147069260881069e-02
3.373095389958974399e-01
2.576800423699456347e-02
6.568135699710329900e-02
9.713357203715555777e-02
1.357805535599992085e-02
1.494128233677632089e-01
9.588257815386798388e-02
2.738634786090335393e-01
1.873370763417836829e-02
4.659047945125682766e-01
1.649944137882541906e-02
1.576540031948605036e-01
3.591237712550807842e-02
5.645041272446915670e-01
3.122926306080173742e-01
5.401021532110266143e-01
4.830418084118816985e-02
2.523578115411707068e-01
1.234710925334208675e-01
4.071240747297132090e-02
1.311359534392485780e-02
3.359390110582918809e-01
2.829469152399011755e-01
2.340187253178777071e-02
1.645298893387253103e-01
5.023215396984203468e-02
1.746342762096508155e-02
1.608281779933620065e-02
4.446174737569448254e-01
5.131490166122849167e-02
5.429722811724688875e-02
7.751263347831932604e-02
4.849064865627804310e-02
2.230602083979426123e-02
1.420944703591836382e-02
5.772563702351338200e-02
1.398739163940017349e-01
4.359490156173705944e-01
1.109742768390758583e+00
1.151359918955210115e-01
6.922959250372809348e-02
7.600902995547732799e-02
5.560941116229908138e-02
9.116522105964454392e-02
2.094027119713860463e-01
3.029226483525456620e-02
1.422414251275964658e-01
3.644704109913594198e-02
2.002708035546379994e-01
9.476744033194876848e-02
7.087280685837205052e-02
1.349989381996360982e-01
1.421692667780695696e-01
3.286618380933194472e-01
1.311359534392485780e-02
3.022165646424164742e-01
4.696698137231775094e-01
2.805799857990161697e-02
2.243788628964810822e-02
7.165032592979637960e-02
3.248396821924157823e-02
2.710039680068557222e-01
1.009450300319774674e-01
6.995138348759831481e-02
1.258067002167572723e-01
1.869114476281243456e-02
6.680773271096719645e-02
1.371668609412940790e-02
1.551775416812381236e-01
9.820287872005153962e-02
8.869004700634930405e-02
2.535615676158183285e-01
1.136680996095811996e-01
1.387794417303961636e-01
2.499048516557023439e-02
2.364621207520768431e-01
2.919641314326106019e-02
3.011783651403478548e-02
2.580990726883346936e-02
2.941788364101100561e-01
5.223739018311371329e-02
4.482004449174210869e-02
8.784347353754816401e-02
1.452777965648754249e-02
1.165109743943085474e-01
1.387763912613327322e-01
3.761131956770613627e-02
1.686033687076052973e-02
6.945862254580935369e-02
5.556750813046017201e-02
6.741082346117174828e-02
2.824446575061695039e-02
8.412849439157021880e-01
4.308752755861024880e-02
5.302193873637431332e-02
2.177648402549124951e-01
4.227460294156460963e-01
2.951474576383023712e-02
6.101319209949390004e-02
6.337932380470069627e-02
9.221484145602663884e-02
3.042217660594631057e-01
7.925413879188331068e-02
2.487692478540781404e-01
1.795618856275403921e-02
3.838883863913046535e-02
3.756171799994803551e-01
2.586448688764829695e-01
6.464960381791398647e-02
1.640115041990537759e-02
4.107272554088283179e-01
2.870365220147210253e-02
5.637860169281830314e-02
2.013781959946090994e-01
1.608281779933620065e-02
1.855927931295858757e-02
2.207827613160416869e-01
1.680537365578316233e-01
1.552117341273539786e-01
1.371668609412940790e-02
5.620112290253510487e-03
3.267710015580460592e-02
1.839979352177800453e-01
6.741082346117174828e-02
4.966263771057129184e-02
8.347102435859474201e-02
2.229854261552965400e-01
9.561272634042275453e-02
3.167125160629684633e-01
5.418689830883129110e-02
2.027832611187084244e-01
1.759529307081892854e-02
2.421296609414590531e-02
1.420944703591836382e-02
2.795970762098157897e-02
2.585571714349695072e-02
5.185434109455830387e-02
1.756679509137127893e-01
3.471335804140245340e-01
3.333934236217189206e-01
2.195802482398780675e-01
1.583889593949188990e-01
1.830521235594878282e-01
2.191324826833364048e-01
2.689125144803846124e-01
9.413780457264668555e-02
2.103872047888266095e-01
6.634854626011203738e-02
5.455482328260267272e-02
2.443843474259247694e-01
7.621331949491758628e-01
5.674652666658968475e-02
2.683028143805426396e-02
1.484190148276251786e-01
1.640115041990537759e-02
2.544967161642538653e-02
4.103972847397262952e-02
1.121112338272300946e+00
5.369413736704233692e-02
1.717866949132971013e-02
1.275269985198974540e-02
2.353561543129585876e-01
5.382600281689618044e-02
4.601418714265565618e-02
2.684311744329091476e-01
8.129294949608879828e-02
1.281734498771461284e-01
1.608281779933620065e-02
1.223326779700614347e-01
2.272264441928347964e-02
7.230914476755502529e-02
3.817712932019620142e-01
7.455544987240353416e-02
6.097833981385102076e-02
1.308375049281764735e-01
1.087263216843476210e-01
1.839643607268462433e-01
3.436184979773856396e-01
1.210406873677227990e+00
1.635415148090671733e-01
7.475844331689783517e-02
2.317077037450429589e-01
1.723904036186836852e-01
1.819838382102348037e-02
3.238035659532289001e-01
2.308839533780072117e-01
5.323495091618718478e-02
3.435733898265942027e-02
4.340586017917942574e-02
2.417939160321209979e-02
6.461602932698018442e-02
9.366853817089184145e-03
2.605276236662993489e-02
5.323495091618718478e-02
9.426264054066425813e-02
2.092541101816538379e-02
1.656366722003833614e-01
8.585977296571473127e-02
3.184624311086293735e-01
2.885266877509451988e-01
6.178652679598009012e-01
5.281646554534499272e-01
3.024970196388863247e-02
1.260794194968971049e-01
1.104557881484160564e-01
5.245658359012088656e-01
6.603021363954286738e-02
1.311359534392485780e-02
6.323541950535130352e-02
2.413130843961560912e-01
2.243788628964810822e-02
2.979950389346560854e-02
2.311711440215239582e-02
1.777364556853835709e-01
1.559005685754724473e-02
1.500166158418397566e-01
3.899908884151561672e-01
6.351118925455453978e-02
9.335325601938608553e-02
4.075497034433725463e-02
1.042325851079579924e-01
4.285298205710746378e-01
2.132047704748205319e-01
3.981198007996017973e-01
1.795618856275403921e-02
2.321540536107243730e-02
4.645804450318620216e-01
2.189986931311117546e-01
1.941389470487027424e-01
1.403501871469858484e-02
9.276923360051335388e-02
8.003165786330763976e-02
7.822543608175741570e-02
3.284577215040052067e-01
5.703395463324881787e-01
2.279878178158321889e-02
2.091193141164006397e-01
1.623353333086580974e-01
2.230602083979426123e-02
6.454760255040349615e-02
3.813338183067940257e-01
6.509685284382588089e-01
3.865042164519026380e-01
2.159608415655187574e-01
8.554449081420897882e-02
2.014789194674105124e-02
7.158962810361707563e-01
1.546625852584838923e-01
1.826907196560421387e-01
2.030010010745074422e-01
1.462607061540758223e-02
6.788021970439601649e-01
1.179221082378078128e-01
1.650186938208502707e-01
2.057807058901400254e-01
1.467656593065004011e-01
1.529858382972510977e-01
2.499048516557023439e-02
2.576800423699456347e-02
1.275269985198974540e-02
2.400496328199231907e-02
6.973439229501260384e-02
1.559005685754724473e-02
1.192315900647962362e-01
1.357310314436216692e-01
5.804396964408255893e-02
5.484116599366472000e-01
6.722793579101563055e-02
3.653839330415468156e-01
6.215273302954596457e-02
5.447165643846666599e-02
1.658398795772243195e-01
2.376125741649318390e-01
3.051634343894752410e-01
1.298046253822945362e-01
1.559005685754724473e-02
2.427399255133964040e-01
1.499860918199693860e-01
5.154849194191597761e-02
2.893035862896893573e-02
2.782179710027333774e-01
9.211655049710659737e-02
1.181267499923706055e-01
6.271213454169195789e-02
2.540710874505945280e-02
2.839101018132390020e-01
4.919974095112568391e-02
1.884124839628064929e-01
4.634455861272038929e-02
1.437970812256271769e-01
1.022944978765539248e-01
7.645035627725961513e-02
1.991272617030788103e-02
1.283442097741204213e-01
7.182475425101615685e-02
1.275269985198974540e-02
1.311359534392485780e-02
3.888159958091941953e-02
2.279878178158321889e-02
1.727546739578247115e+00
2.092541101816538379e-02
9.232517126444224342e-02
2.540710810068491296e-02
8.228381904395851154e-02
1.785776247849335530e-01
2.059930757574132798e+00
2.279878178158321889e-02
2.582985323828619270e-02
1.072088370452056044e-01
8.649643820685309903e-02
2.542864438649770631e-01
5.068235204026505514e-02
2.427823369567458645e-01
1.366182623682795361e-01
6.493436194754935442e-02
3.520103660789695721e-01
1.274784796946757670e-01
3.290059179873079664e-02
1.018017369347649637e-01
3.778574788892591352e-02
3.326148729066590731e-02
2.934031744261045641e-02
1.477307983346887454e-01
2.824446575061695039e-02
1.311359534392485780e-02
7.709600989883010069e-02
3.969912896285185955e-01
