4.256874816892013769e+01	-1.501539074990822087e+01	1.321779906011101069e+01	-2.164925122639992150e+00	-2.735427573765892184e+00	1.032836926758673446e+00	3.969419564668162703e+00	-2.497129982123326375e+00	-2.946845989524054410e+00	-3.327961706945609777e+00
2.383228526217125776e+01	1.675916904872518387e+01	-1.000858607322169525e-01	3.360269954776065759e+01	-1.015852936366224846e+01	2.266019134737322815e+01	-5.626610874884313773e+00	3.415642338972985748e+00	-2.101111704176659600e+00	-6.857320962382579488e+00
3.492919165982082319e+01	2.197369408743043095e+01	1.003759597234124534e+01	7.750486558040177165e+00	1.197998676786028582e+01	7.565791670473352992e-01	4.846255257750686773e-02	-2.839290733373093900e+00	1.121398864546533325e+01	9.053976175161237983e-01
3.706882340311495483e+01	-1.722370884587111206e+01	6.980791391142971314e+00	7.106759729041777440e+00	-4.181707882849232671e-01	-4.655870171601420360e+00	-1.170000764774532165e+01	2.551006057742489563e+00	4.068972060044472094e+00	3.174766930404791410e+00
3.578762913541936541e+01	1.761865322132540967e+01	9.233597875223818363e+00	-3.453963945708228844e-01	1.307573253841232486e+01	-1.321638106113852018e+00	6.622165226483574862e+00	-5.350892879315979345e-01	2.357406022961291148e-01	-5.598606637285061804e-01
2.788077850150845549e+01	2.097041287778586849e+01	-7.674430356662709229e-02	3.061658327355386433e+01	1.773877358745174160e+00	1.457159643045681996e+01	-1.604759597538084614e-01	7.403966123907378405e-01	-1.142839134998760819e+01	-2.267796433432057057e+00
3.328974747357593600e+01	-2.032254374179572665e+01	1.529374839158938926e+01	-4.524550756508312621e-01	-8.211081747001330200e+00	3.855090174015823212e+00	5.804622255387694274e+00	-4.970561841554529181e+00	-1.224053973036151932e+00	2.724394128400912773e+00
3.285094620317314451e+01	1.882945292488307132e+01	8.136208507401464729e+00	3.513355384503214829e+00	5.562417872690925691e+00	-5.192542161732156547e-01	1.394393007597792167e+00	-8.287109069592416333e+00	4.964073073566190430e+00	-4.956381392587616008e-01
3.332228297522509308e+01	1.665007264492094663e+01	9.536403394440345238e+00	-1.903081069762191824e+00	1.085639391978936175e+01	-7.003685529007983579e-01	6.580894570680568378e+00	-3.315864147793438743e+00	1.362389981228538660e-01	-3.891960017005596795e-01
3.460394186916270343e+01	-3.755952261014696258e+00	8.603737277525322469e+00	7.758298617624473925e-01	7.260724305454163030e+00	-3.013700609381845918e+00	1.565368513424927555e+00	6.330981487577680866e+00	-4.916409755895428724e+00	-1.808003149315378533e+00
3.180662096598465638e+01	1.825747982173536599e+01	6.340384958988636299e+00	-1.438626992880423616e+00	1.208160222319837729e+01	-1.174362469141805976e+00	3.838826195068388181e+00	-2.831123311560483913e+00	-1.244897256789660123e+00	6.334494365281664319e-01
2.740401670218939501e+01	1.750857892114113312e+01	5.353089710974252569e+00	6.888636577178441023e+00	-4.666180499997061304e-01	2.453508184554328952e+00	-5.563408058268522360e+00	-5.633407773085024495e+00	1.375530865543661641e+01	1.033114627671893881e-01
3.453486686594993671e+01	1.444630424695949777e+01	1.143144508834502382e+01	-2.049291745573650569e+00	1.077830351127983555e+01	-1.985826050404923215e+00	7.139732746657408313e+00	-3.923335643057309419e+00	-3.540543483676674263e+00	-1.870854948225454395e+00
2.956945609048220902e+01	-1.495067095271110702e+01	2.161517027293611726e+00	-2.066500364052472172e+00	-3.604588044481285447e+00	4.648753341742375866e+00	5.366656659012943864e-01	9.442684580234130820e+00	3.678162074299788475e+00	-1.671710640351186994e+00
2.938727491431964012e+01	-7.748415969907465062e+00	7.353814383285976142e+00	4.556462721860377485e+00	-5.017001111828810478e-01	-1.492748771705227240e+00	-1.734335439873362361e+00	4.460921900557129227e+00	4.600149631250668669e+00	1.049294146151745544e+00
3.395755161701605829e+01	-4.982400442150651365e+00	6.402738184069919569e+00	5.955894371580420232e-01	9.562690356883695841e+00	1.143861947217315711e+00	4.306230797085545348e+00	1.634499747348532139e+01	-3.595074393353562048e+00	-1.069676845714435220e+00
3.039368225793304390e+01	-1.769594936403902352e+01	1.393995120619861439e+01	1.227533139548820262e+00	-3.708268915604634675e+00	7.186304710439824106e+00	4.471275118900804202e+00	8.230415922618897540e+00	9.624045003595618653e+00	3.929611953122996493e+00
3.045130506549887883e+01	1.103102826946870252e+01	1.074205410854052190e+01	-6.602101772712573591e-02	9.375705187258800422e+00	-3.058640653912209295e+00	-2.078907628875920621e-01	1.634436079840277944e+00	-2.826046609269901033e+00	-1.540520160863336097e+00
3.145938468202460570e+01	7.566487998274148197e+00	9.046736125213257651e+00	-3.107446448459209254e+00	8.490503630698390536e-01	-2.697345000100132673e+00	-1.985395841285150231e+00	-2.761409150851033001e+00	-8.509942453199974555e-01	-4.858370074185728527e+00
2.974958618474120797e+01	1.011788122101448728e+01	1.010930392349179918e+01	5.491012049679864226e-01	8.699759563991351641e+00	-2.966291216605637882e+00	-1.532054815478842841e-02	1.461032499648462768e-01	-7.222857306108783071e-01	-3.148388280675938233e+00
2.869631346343460976e+01	1.404648460142469268e+01	3.119237623878083010e+00	-3.129676239763247381e+00	1.248175631262882446e+00	-1.231003564276957896e-01	5.116888617463162259e-01	-1.459809510464425086e+00	4.907400490343927224e+00	-2.480661527128771304e+00
3.072701039440825355e+01	1.764097894066044336e+00	6.404519800770861693e+00	-3.287797616324864780e+00	5.698602824546516565e+00	4.302305527206750746e+00	5.074506088093110101e+00	1.236304362605469898e+01	3.851302158170890610e+00	-3.903383934112504561e-02
1.740793810202312386e+01	-2.038486873733824112e+01	2.174589542295527167e+01	-1.828946022267089744e-01	-9.075869273501877998e+00	4.496982059955984212e+00	6.349136698763752307e+00	-2.380415532020663250e+00	4.151440742698438435e-01	7.804959130987512594e+00
2.781299976942769447e+01	-2.783549611760463893e+00	2.185729671663022344e+00	2.620678690038364955e+00	-7.730132496530404129e-01	-3.854866487015304877e+00	-9.258399838214051769e+00	8.003877770276339731e+00	1.371132677678059908e+00	-1.452333585605682931e+00
2.124487683621410383e+01	-2.393849117509319058e+00	-7.178082918309128146e+00	5.169503589537399968e+00	1.099444492075067181e+01	-1.685769326614662278e+00	5.391970205633940694e+00	-6.550994441212066866e-01	-5.411264473649817219e+00	1.898924061747189995e+01
2.415078680630486829e+01	-1.884545704926081200e+01	-3.226393302316606926e-01	7.832024001391265422e+00	1.894803219115214876e+00	-6.807375723143191948e+00	-7.844787102480947460e+00	-1.456822692168018518e+00	4.216187443865578865e-01	4.323219322547398491e+00
2.966360939251982032e+01	-1.714888286644727700e+01	1.391218884900452091e+00	1.260440563163899297e+00	-6.492997035589533894e-01	-3.875998775223779003e-01	-9.614754278280985833e-01	-5.508386886321912090e-01	-1.177224820534384708e+00	-7.730233511728000773e-01
2.553479513300242942e+01	-1.330608219209924492e+01	-2.307327918088576624e+00	4.477480065351183924e+00	5.192022831022867768e-01	-5.020785788742826661e+00	-6.924042993766629905e+00	-9.247427576339515287e-01	-6.566002822413938844e-01	1.426771788932199803e+00
2.909054991863545325e+01	-5.643748766847964227e+00	-1.435443782122035383e+00	2.835027045663263578e+00	1.234006639713333442e+01	-4.993219832992026874e-01	5.007955161645621267e+00	2.552601622728043473e+00	-4.917282347168605128e+00	1.472296005011851872e+00
2.597762975136165409e+01	1.763448813855512043e+01	1.462733067869767645e+00	-2.535309681123956160e+00	4.778912745636150206e+00	-5.079096375558251886e-01	3.433206738181191930e+00	-4.624177115437180241e+00	2.726540097626708459e+00	-5.076431810280214174e-01
2.822571081827254602e+01	1.055760328216532429e+01	4.030227765248017846e+00	-1.481535352235146208e+00	8.858993505149769021e+00	-3.124808059265987481e+00	1.113570548499572377e+00	-2.260519514420791243e+00	-6.348374335128988299e+00	-4.018034281527030904e-01
2.470935799785112508e+01	3.449542568344875271e+00	3.442163830787101642e-01	2.321874781040345948e+00	6.442405271367014130e+00	-6.382047334892610557e+00	-3.404672087133221225e+00	2.531125465369259864e+00	-1.081099271645324933e+01	5.317122025329729107e-01
1.993353869980902004e+01	-1.493752084897247556e+01	-1.174703836440667892e+01	3.555164792716184241e+00	6.375878608592863372e+00	1.391804218337369781e+00	2.352448651932153467e+00	-4.481059412415822507e+00	3.087165917483408517e+00	-1.382823936525126252e+00
2.446212668694068171e+01	-1.332081743528621232e+01	-1.036740235922670017e+01	1.243691249308930047e+00	3.101523764012002804e+00	3.321863212605283167e+00	3.399743137979923890e+00	-2.784478545170815611e+00	2.118969030842515089e+00	-1.191087575004736943e+00
3.180079333427615751e+01	-4.431183316512076864e+00	1.423241351056511306e+01	-6.483123294038930950e+00	-5.591550500832701331e+00	1.356598562507993710e+00	5.478416362711831411e+00	-5.568668820179724754e+00	-4.643414077572431964e+00	-3.978025814267124982e+00
2.711622586394799228e+01	-1.625199899411958882e+01	1.390177533298257018e+01	-5.238543136993808469e-01	-6.144238289017428301e+00	1.016700968701493402e+00	4.804537621408298542e-01	-4.220499826617976069e+00	-1.417074597426131399e+00	-1.391843480809923650e-01
2.580581138423327658e+01	2.352764812374995795e+00	1.248695057375872786e+01	-2.162950130856076569e+00	-3.983598978157414372e+00	-1.940092072648312183e+00	-3.154480483010566161e+00	-3.492603017552410094e+00	1.914377272311053257e+00	-4.754571680455522475e+00
2.135800319709285588e+01	-1.397010635122789779e+01	-1.100779365801771092e+01	2.667277279987263050e+00	4.323985316173715177e+00	9.061424756443868800e-01	9.094625739788300134e-01	-3.809860004556433921e+00	7.528478701275843621e-01	-1.057241463411853433e+00
2.400899181465561227e+01	1.411538322348524765e+01	4.534131752770308665e+00	8.401040210301104594e+00	-3.345562848385256860e+00	-3.654007617770002714e+00	-1.122778950196893222e+00	-3.329016387280204547e+00	1.042838185651314120e+01	5.152316743831178991e-01
2.605092919672165408e+01	1.684068834167885598e+01	1.840814145516359801e+00	-1.736545213460431558e+00	3.067002595289879174e+00	-4.353766686653633422e-01	-3.435968756222537723e-01	-2.080166737587421544e+00	3.166449698099049304e+00	-1.244601569283099396e+00
2.118707974688221185e+01	-1.550662019314873419e+01	2.070909970046674431e+01	-4.448182257635527215e+00	-1.105714833197542468e+01	3.542011803318299901e+00	5.922148778978454153e+00	-4.567260427928975020e+00	-2.478026576711731099e+00	2.761799846293267358e+00
2.434450562601507784e+01	1.510213938011494683e+01	-5.524738106764100903e-02	-8.809517209641819502e-01	6.281678201013992435e+00	-2.077349441260099017e+00	-7.592750955524225631e-01	1.425004532486237707e+00	-1.774003209854785101e+00	2.450382979916999049e-01
2.143163088569659180e+01	-1.318674734420434191e+01	-3.061213883093943711e+00	2.669102035008600993e+00	6.232351064616113989e-01	-3.604875824706284870e+00	-6.165382267527892424e+00	-5.923806224840988399e-01	-5.685535853774000836e-01	1.129910820078280365e+00
2.354898902294644003e+01	1.321936456322460707e+01	1.474183287787644181e+00	-7.829675135242147865e-01	-1.104747142693882189e+00	-1.726858471137985518e+00	-4.220337029690400144e+00	-2.504334914141942203e+00	4.746443557632514576e+00	-6.604726593862236816e-01
1.608624384425490561e+01	-1.826549512619924798e+01	1.853161858556567054e+01	-1.460881744268789362e+00	-1.016794371430044741e+01	4.393175592538850260e+00	6.686896196687999172e+00	-1.741497676064785338e+00	-4.609054458861449044e-01	5.354149563374304144e+00
2.306612528539744744e+01	-6.550863420296743067e-01	-7.676160318744771338e-01	-4.112089568710297627e+00	-1.192527191785072604e+00	-7.690991176533916729e-01	6.440855510077552193e-01	-3.442058064835695763e-01	-5.372078792414000326e+00	-7.754593532684196378e-01
2.080651133709026013e+01	-7.691915446347289631e+00	-6.107896560647263495e-01	-4.399530639524350528e-01	-1.239970517721721510e+00	-1.278249629440088242e+00	-3.204049483043125424e+00	8.240271110209723915e+00	-4.611730401177906447e-01	-2.713671406218036264e+00
7.722808384594880948e+00	4.869407330870821227e+00	-3.661567114354158825e+00	1.539368463423978639e+01	-9.795114820030644154e+00	-1.838404728612819383e+01	1.428827966735855703e+01	3.545955205941214050e+00	5.517393128571254302e+00	-2.551483205941004417e+00
1.710771506523395757e+01	-1.406026827722675776e+01	-1.192967873599937967e+01	3.107472375578779644e+00	6.195090463327029617e+00	1.334228922899358682e+00	2.297249680729267496e+00	-5.288470978919507459e+00	3.510944782669137565e-01	-2.716779687724248493e+00
9.575795267628381069e+00	4.289981603697734514e+00	-5.069411491627073829e+00	1.573058955786968305e+01	-1.276411365380737628e+01	-1.989074373183536437e+01	1.522543019868291836e+01	3.016776278114968957e+00	4.135512836269369608e+00	-2.481392848330235434e+00
2.260514481018827126e+01	-2.500544115056885452e+00	6.267125521716123693e+00	-4.448469379127248935e-01	-2.746156358150694921e+00	-3.067751168934429451e+00	-6.664290120909821091e+00	-2.849371254297429767e-01	1.025291575383914688e+00	-2.799870461282615963e+00
2.224715807822554225e+01	-1.127763096292274625e+01	-1.102623770815626436e+01	1.002687467062277626e+00	1.620040597705035834e+00	3.455405248997589940e+00	4.171208016914885519e+00	-3.648710490078829416e+00	1.840199802097031823e+00	-2.590732491789179637e+00
2.417709310886385055e+01	-4.266067957653412179e+00	-3.604726837733977507e-01	-5.812376608754770579e+00	-2.119900511377243557e+00	5.066815472124664987e-01	3.055313845433097697e+00	-1.482845781529420481e+00	-5.376262304241848256e+00	-4.568635303619271504e+00
2.010678192983512602e+01	-1.299673456812597827e+01	8.377873853542869398e+00	2.341357930944200305e+00	-2.672456792703672868e+00	-4.932775116687240780e-01	-8.529620341871449796e+00	8.337312307828425029e-01	4.721417691070334932e+00	1.473729273214365643e+00
1.697548211704362942e+01	-9.798041506765621023e+00	-3.779122615022377563e+00	3.244509133985714833e+00	2.123333286080882232e+00	-6.691398617728991915e+00	-8.342327791142722049e+00	-1.037150707957626539e+00	-1.836609438914134085e+00	1.137693218602622292e+00
2.051716637347919558e+01	1.253431692063269054e+01	-3.826177723106449768e+00	-4.607988097766705593e+00	2.328866122319440457e+00	-1.017942863097063277e+00	3.855014536257899693e-01	-1.034223171276689834e+00	8.005471893351052692e-01	2.474090842469207630e+00
2.271818575623247582e+01	1.369610058666255847e+00	-5.203272505764309219e-01	-6.348473378743078932e+00	-2.091219051379862304e+00	4.007415654818702148e-03	7.989690669668428891e-01	-1.493323157595837669e+00	-3.928974756908955701e+00	-2.767845341078737587e+00
1.577552042707221247e+01	-1.375600811005256574e+01	-1.232555561085781726e+01	2.011794104435399522e+00	4.836020301857830717e+00	1.759658497233679730e+00	3.411147412405499235e+00	-3.773718818057296254e+00	1.311262889587732960e+00	-1.972761946060912042e+00
2.184365949362461379e+01	8.966038389890913507e+00	-3.099699505753961581e+00	-6.552943644072435347e+00	-2.381155800216451457e+00	1.075639974778250574e+00	4.375503600789554248e-01	-8.094056315550111069e-01	1.603677685945968934e-01	2.795857752966001364e+00
1.571842929184832371e+01	-1.490558467969585799e+01	-9.556359708300508515e+00	2.311061386511455318e+00	5.010062842807901262e+00	9.066424198115008437e-01	2.496766380315170508e+00	-3.072597537266246182e+00	2.023133688724375379e+00	-2.364823883064175458e+00
1.989718193396129209e+01	-2.912845921448022235e+00	-1.834006088633465925e+00	-2.285508306346484719e+00	-6.381571939033022778e-01	-1.399007094885843516e+00	3.958148960613976364e-01	-6.470954175323931912e-01	-4.889116472609896569e+00	-2.875700000653197197e+00
1.536996564546322475e+01	-1.425429912285428991e+01	-1.366454562896064928e+00	7.276805263163211634e+00	1.891609290652502162e+00	-8.169227639530447505e+00	-1.023702578311935518e+01	-1.510823434814956290e+00	4.790348810489734044e-01	3.831589984343787503e+00
3.577719505559460167e+00	-1.033991503805596901e+00	1.214859758397907274e+00	3.775334901504627361e+00	7.820365587526685758e+00	-5.474945040007649366e-01	3.727002011297433803e+00	6.187085609213950343e-01	-2.819671038610020108e+00	1.880621037346992352e+01
1.796711625013079683e+01	6.054882048140481032e+00	-5.054993024734053542e+00	-5.176415369669460809e+00	-2.924814349522129042e+00	2.521778735662005833e+00	4.092430765764789036e-01	8.476351992886009157e+00	2.526576593270739135e+00	3.240191291662352091e-01
2.079499562318873629e+01	6.120801772506854199e+00	-7.193306840606044972e+00	-5.140480936115109145e+00	2.515051070075114970e-01	4.764793627235782481e+00	4.201259696277187317e+00	1.953119254266681759e+00	3.515713775633055871e+00	4.136814852046386548e+00
1.726909240690869396e+01	-1.424686602761619270e+01	1.607999819400500385e+01	-2.976322145061582880e+00	-8.161429984962747852e+00	2.770851634664144747e+00	4.016740760740322713e+00	-3.841062414378278334e+00	-3.022695707354993822e+00	2.326657980343578735e+00
1.666091224905986579e+01	-1.199886802326476420e+01	-8.457920900795400598e+00	2.484290126735151372e+00	1.807647473983051256e+00	1.173838134307997549e+00	1.936592932836928460e+00	-2.955032867489697956e+00	9.946968468881441927e-01	-1.415947447253288916e+00
1.947609473192607155e+01	-2.054155516072121213e+00	-1.892424979981126576e+00	-2.144333778332157880e+00	-1.582435612537146374e+00	-2.643079700740788684e+00	-4.989123626590457938e+00	2.082708038945321860e+00	-2.300390653675951080e-01	-2.972190451650443155e+00
1.793007338782441806e+01	-9.249068131063051368e+00	-9.998622026840173760e+00	-1.204131361004764367e+00	1.809243568484595333e+00	3.148157611673296330e+00	3.147567495001175164e+00	-1.190348262786154132e+00	1.395205546827192444e+00	-1.658808170794903836e+00
1.952692101577449790e+01	9.360233018443212316e+00	2.632607318917294048e+00	-3.460769824698764374e+00	-1.048268533758516030e+00	-2.224400347288444380e+00	-3.522297959957419788e+00	-2.111882935198488020e+00	1.860016602959082999e+00	-1.830774639250747793e+00
1.438214220286608303e+01	-1.448718614841141594e+01	-1.057038178389005623e+01	2.448311334134667394e+00	4.852630481054406530e+00	1.901711759165592430e-01	1.746031021356667878e+00	-3.551327343456100571e+00	4.408153243148411615e-01	-3.042493976132663924e+00
1.736434041264437411e+01	1.113444237354085153e+01	-4.408603351594258868e+00	-3.733849931249366705e+00	-3.821643411440220905e+00	-1.351870498090001149e+00	-2.983924345174882031e+00	-7.051182758045556609e-01	2.129230730426154405e+00	4.043463152170287955e-01
1.927246944151108110e+01	-5.776974885050220720e+00	4.397934013888646909e+00	-3.761236970962761994e+00	-3.882545481223708794e+00	6.322933018693747964e-02	1.317051135006249485e+00	-7.966705441266651588e-01	-5.275451066897854702e+00	-2.435542656011190132e+00
1.585828821166570179e+01	-1.440316666110491362e+01	-1.026234814568680243e+01	1.476814315330411631e+00	4.042339457538754566e+00	1.326948822642182169e+00	2.313010714837194115e+00	-2.714046046065413442e+00	2.482121896941135386e+00	-2.125634329312103610e+00
2.544642929680862409e+01	-1.262481333379943615e+00	1.079104551286852232e+00	3.100321790660105048e+00	1.209979800669647965e+01	-4.409421128972805248e-01	2.304895576432184789e+00	1.459694105321336721e+01	-3.446469669630275234e+00	9.132627829805244346e-01
1.728045279549349544e+01	-7.681841697767654020e-01	-6.116476293296777555e+00	-6.005091467315040177e+00	-5.741250865785140212e-01	4.518699600898922419e+00	1.550542285918885987e+00	7.552751690469325041e+00	3.454614318363945724e+00	-2.381846084513074668e+00
1.686194606863457679e+01	-7.765287002596430455e+00	1.367999227864335809e+00	2.419494724509707151e+00	-2.235199129368411197e-01	-3.499648336197225262e+00	-7.352480807918755801e+00	1.941503310584370645e+00	1.391499690628559494e+00	-8.791590283418520002e-01
1.035367490361706011e+01	3.734885663152382129e+00	-2.725354410430326002e+00	2.388766611901334436e+00	5.386997167666072311e-02	-1.489716026744438704e+00	-1.127049886513945776e+00	6.765049287524130150e+00	-3.429890074100748976e+00	2.015597737177719395e+00
1.511913097981087972e+01	-4.539444969137503172e+00	6.302097667461983299e-01	-3.914435797409773210e-01	-6.044576498139917486e-01	-4.081864380730239716e+00	-5.577749408939151721e+00	-1.948338731886946062e+00	-1.983842565228205013e+00	-4.959582741284653817e-01
1.540921603789832695e+01	6.854322761783319784e+00	-6.633021810912903327e+00	-6.730294536234839420e+00	-4.271559870254145963e+00	1.547851926575179726e-01	-7.428683322485744867e-02	3.598391051039528943e-02	-2.211039540991025731e+00	2.598152382981346875e+00
2.160530897257743632e+01	2.270358922393010959e-01	1.320830224680829890e+00	-1.186084946952921770e+00	-7.715156197956920536e-01	-4.947583903544402695e+00	-6.182838046681860433e+00	2.466091218777128891e+00	-2.889089519526903072e+00	-2.542505777548129675e+00
1.858492423755239642e+01	1.099640561086827795e+01	-1.539044806134838961e+00	-2.579626326236275968e+00	-4.020327059959405425e+00	-2.678566337902942296e-01	-4.297948489469009203e+00	-2.202950557132595577e+00	3.831774905545733301e+00	-2.035342845748394081e-01
1.729006442762309348e+01	9.779695896416193079e+00	-8.831692336612666505e-01	-5.828368265891065825e+00	-2.256068911413882994e+00	3.797700460041065096e+00	1.913756987559965150e+00	6.038933561609521661e+00	4.573332494939259973e+00	5.035404723697586293e-01
1.152484896353785615e+01	-1.374782293222204643e+01	-9.676967821204112141e+00	1.847548478333469024e+00	4.332818653992549507e+00	1.345703200890550288e+00	2.510381117916727245e+00	-2.907760924193511176e+00	2.461597145933954511e+00	-9.858821049299253403e-01
1.918816664034312680e+01	2.385236527006124430e+00	6.033084751679664848e+00	-3.276857089719857452e+00	-2.330268294233381887e+00	-4.570825228402669582e-01	-4.931184706528848771e+00	-2.767200171876779802e+00	3.187103810187240871e+00	-2.347941111717422036e+00
1.833411374214473710e+01	4.001521431200690593e+00	-4.886611917438735020e+00	-3.829095612656481684e+00	-4.301138059813734982e-01	2.873931743741377165e+00	1.330078492989344330e+00	9.490201573714493577e+00	6.095112252331840175e-01	2.032735806848676718e-01
2.222393766910534652e+01	-2.552754914222858940e+00	7.110835940975116287e+00	-7.297815165782279401e+00	-4.945136902827115044e+00	1.417968927215132457e-01	2.520156955477271143e+00	-4.576890257291758246e+00	-5.749318131207555638e+00	-4.882040777872409976e+00
1.652527406173258129e+01	1.161454608485389706e+01	-3.490232363463138476e+00	-1.454170429143262444e+00	-5.071514665864588878e+00	-1.106415273407899358e+00	-5.334460307834214987e+00	-2.501280139674250780e+00	5.323447539586353416e-01	1.085242858155058387e+00
1.417219937739478297e+01	-7.712270288066916279e+00	-2.644175083047100916e+00	3.359869282449622574e+00	7.911721691506056198e-01	-6.204705237270727203e+00	-7.532474763206086443e+00	-7.880532923622705077e-01	-1.568567076108948743e+00	2.037310488260366981e+00
1.524722566078397179e+01	4.407688422963419228e+00	-6.175320162598550766e+00	-6.105183748482018835e+00	-4.203196145946118456e+00	4.363769908697253008e+00	6.851693559993652372e-01	8.274743070118310229e+00	3.288580539432959249e+00	2.056948547693766560e+00
1.553116700519596449e+01	1.077975626203596526e+01	-4.320702666761603972e+00	-2.687818178066713415e+00	-2.313792063673107524e+00	-9.255135339781618287e-01	-3.121936604639699020e+00	-4.240176837731204351e+00	2.315562616174346999e-01	2.186500105176261144e+00
1.572936832309541799e+01	-1.003292867429353841e+01	-4.933723906162792994e-01	-2.412399571203556636e+00	-5.884431806414621713e-01	8.042634669941930992e-02	7.623101708506094809e-01	2.866446696579559306e-01	-3.849699794910883099e+00	-1.970330528638467582e+00
1.717662263326160499e+01	1.135419422454890581e+00	-4.448583494303291808e+00	-6.882336930878657277e+00	-3.011015781394664526e+00	4.563745756750631877e+00	1.967076501093972141e+00	7.821691797969994475e+00	2.753200318113454781e+00	-1.083125474831698298e+00
1.434383041280059956e+01	-8.241190822980700048e+00	-9.088198645716360602e+00	-9.035426471843576168e-01	2.776794707748035940e-01	3.029792241430503630e+00	3.430964506258982194e+00	-1.692665629783173475e+00	-1.159075356737330510e-02	-1.483164959730375543e+00
1.583652351513955736e+01	-3.824324363524800763e+00	-1.087326721047011802e+01	-2.240580843900067620e+00	-2.171261052659904933e-01	3.803784128714001955e+00	3.188623112706119755e+00	-1.477769461421677866e+00	4.672254706061542556e-02	-9.169483098100943419e-01
1.334215393350162415e+01	-1.467888798199557954e+01	3.541973649881471342e+00	-2.133345153699397923e+00	-2.904973413222505130e+00	1.901767162083163765e+00	3.764619446410304993e-01	-1.327332513218955734e+00	-1.053631344312685014e+00	-1.976019632946095284e+00
1.456695362921627179e+01	2.563653341721026102e+00	-6.607647543319180805e+00	-5.919783328414514934e+00	-2.626990712428738828e+00	4.686922432858009913e+00	1.568427827878211556e+00	8.178620431342732644e+00	4.494506462919407141e+00	8.772547957278344910e-01
1.574726193128423368e+01	-1.552964356684010383e+01	-8.112457938777554389e+00	3.129449550884353393e+00	3.559039742799750439e+00	1.823638951165672539e+00	2.617117119328220110e+00	-1.768530942738967715e+00	2.794994883618578285e+00	-1.588428312474669868e+00
1.492989553688992643e+01	8.715934514803127087e+00	-3.388185999286743577e+00	-5.125555971253304754e+00	-4.263486206416793323e+00	-1.362852167574056139e+00	-2.439211590167368993e+00	-7.807601360018454617e-01	-9.728143413540758511e-01	-1.191961518779607765e+00
1.534305564436314917e+01	-1.043324410684405734e+01	1.323661454398660231e+00	1.539164995418457416e+00	-1.292216618283230423e+00	-3.191853101784553282e+00	-7.094791174651324361e+00	9.940812840826227514e-01	7.840164450959816733e-01	2.394726907233711219e-02
1.343425636868400730e+01	9.719432575581802070e+00	-6.191072122857152138e+00	-3.670685403583468176e+00	-4.857724265590284141e+00	-5.630500655103628516e-01	-1.777767513331017568e+00	-3.015891756250258293e+00	-3.834299777426611322e-01	2.644528342401310184e+00
1.419491449950366047e+01	1.171884073080068411e+01	-4.622517480400326839e+00	-2.665569174073348258e+00	-4.234427834361401466e+00	-1.531706927656863781e+00	-3.140427755244951769e+00	-4.683648247354422756e-01	-7.582350528394559142e-01	7.340250694045585833e-01
1.301200412365146875e+01	9.678020930819963397e+00	-3.522686701014968502e+00	-2.566471149452254075e+00	-3.631485512913643188e+00	-7.482842144981866062e-01	-4.515302242702996516e+00	-8.486329022270293621e-01	2.849472211423856649e+00	9.835774498683989009e-01
1.382365236895742022e+01	5.511133900860182955e+00	-4.959103430069629503e+00	-4.556173306531620781e+00	-3.661615054920684287e+00	-1.088312892827936862e+00	-1.464769062749352313e-01	-4.242613422457798045e+00	-3.263814743834299925e+00	-5.391380438544687292e-01
2.158671896231205878e+01	-2.643398422553694949e-01	6.145451247073162371e+00	-5.958805674876104241e+00	-2.539522360077657748e+00	-3.715010296973854653e-01	2.031843939797948639e+00	-3.987603670412012136e+00	-3.938588333253076446e+00	-4.376320246691527416e+00
1.392431558523462343e+01	4.378002397554977776e+00	-5.445226488062792747e+00	-6.315928118381648027e+00	-2.754384136555847462e+00	2.524051507141512829e+00	-1.497990600726192001e-01	8.272663309081016436e+00	1.360858645764411845e+00	6.433607677550643444e-01
1.486470022871991326e+01	-8.949081700032085251e+00	-6.948113320668958259e+00	1.843512233419202229e+00	2.109157666395110819e+00	-5.046209296787218967e+00	-5.749662776459948610e+00	2.665910150170387460e+00	-4.337892287063856323e+00	-1.617984877586166936e+00
1.534093326546389591e+01	8.963745651457127650e+00	-4.591071736379065626e+00	-5.269344844396379735e+00	-2.146386769727907318e+00	-1.042082248121520172e+00	-6.620448924940854074e-02	-1.569863721104561183e+00	-2.525478885211044577e+00	5.469059183834760196e-01
1.635183063219279731e+01	-8.986199365000871353e+00	-1.063204708910077656e+01	-1.422118146714105302e+00	1.038790426437141701e+00	3.905963381947961555e+00	4.246857885022304657e+00	-2.249023416775231432e+00	9.502151773452771621e-01	-2.721763076806717585e+00
1.360901088236212608e+01	8.067180497301551512e+00	-5.473386758854206668e+00	-5.649814797505087860e+00	-4.532999165258899232e+00	2.304803926948789314e-02	-8.447524966975287208e-01	-2.500458353477120976e+00	7.668559646522359330e-01	2.167705478138175046e+00
1.390961265267194769e+01	7.880964410343439752e+00	-4.071877469608852884e+00	-5.307585087838446292e+00	-3.690584896895206413e+00	-8.354056499898239174e-01	-3.049712016662801117e-01	-2.272260729309320659e+00	-2.382573066222859914e+00	1.523177483685642875e+00
1.494919567902573654e+01	-5.519428784487556250e+00	1.463148621635066045e-02	-5.083666459117478498e-01	-2.395575883428987307e+00	-2.242558791451438438e+00	-5.543675809798825682e+00	2.781766240134582624e+00	-3.066172496019993865e+00	-8.508492171199112386e-01
1.112690163080824313e+01	1.059666149878116492e+01	-2.296491094568303915e+00	2.750805630623474496e+00	-4.115310172162182312e+00	1.909753869170103924e+00	-4.223010284702648498e+00	-5.516691824436894542e+00	2.136923297594915283e+00	3.123912714012298864e+00
8.879382494457654929e+00	1.102170006513864209e+01	3.622601004270408431e+00	2.152661984668110762e+00	4.705586352477558520e+00	1.864250756922359420e+00	-1.036634681657952139e+00	-1.044907709253526162e+00	6.480188627581472183e+00	2.239743318193127219e+00
1.147151971989132946e+01	-1.157470666225417588e+01	-1.207179432296109489e+01	2.134065408688742504e+00	4.051244325629203225e+00	6.582780222133132186e-01	2.345470438030190508e+00	-4.006161976267327951e+00	1.009004093037356053e+00	-1.782770402649664465e+00
1.488898622089720547e+01	8.291294019290303963e-01	-9.541759052737385005e+00	-4.124451762328673610e+00	-3.900340919961450492e+00	1.973532045027334370e+00	1.596587520879635402e+00	-8.748262605317718155e-01	-1.822687914310282764e+00	3.168359288313454813e-01
6.000421809662710437e+00	7.206754493509282433e+00	-2.471973571952228887e+00	9.950821121545921244e+00	-5.997603700649389857e+00	1.068714897406385145e+00	1.147168992318462255e+00	-3.851360269620310639e+00	-2.118369349207758656e+00	3.615223114171367325e+00
1.417341583486977896e+01	3.724176176465393340e+00	-8.390857262322869659e+00	-5.584331224343860534e+00	-4.770565763591716468e+00	3.384854724443953966e+00	1.685953205369756569e+00	1.398294343981537069e-01	1.456635938497280014e+00	2.970893051107584171e+00
1.262900086051759807e+01	-1.102648150071824062e+01	3.404831056068474915e+00	3.660421888997922757e+00	-5.041953608757939742e-01	-3.823056090376915961e+00	-8.525488838897942401e+00	2.853652666903644164e+00	1.768104788977275632e+00	1.012581493436431668e+00
1.371977758701406636e+01	9.982336848961375964e+00	-3.667105108048540618e+00	-4.579255459569878894e+00	-4.159186206848686673e+00	-7.517187273424834615e-01	-2.961234703557932502e+00	-9.016504398796785225e-01	9.698287443769816329e-01	7.723761975531614477e-01
1.684555667189510109e+00	-1.572640319811669585e+01	-6.758349933027774981e+00	1.692195339453799630e+00	4.305196712177002283e+00	4.357709094934545391e+00	2.639852763160389859e+00	-3.365951512741957252e+00	7.010237893756230854e+00	-1.952747305104697073e+00
1.397761630110645115e+01	-5.763649749791017740e+00	-1.072501529324971514e+01	-2.143219061400583936e+00	7.047375640914490535e-01	3.318714983293889365e+00	3.633147176135044454e+00	-1.854566042394255376e+00	-4.865572407266210292e-02	-1.289236781433709789e+00
1.214831568214121305e+01	9.378578114022129597e+00	-4.353336733996332697e+00	-2.976937294782675103e+00	-3.658739432735637731e+00	1.404405221654575209e-01	-2.439504008308116312e+00	-2.510604024416286606e+00	8.159638823084386372e-01	2.557683043887347463e+00
9.523861822171198810e+00	9.556462940004589512e+00	-5.608078499060421329e+00	-2.385135757147869739e+00	-4.433623181201284069e+00	-1.962937205421634967e+00	-2.414506864145249843e+00	-3.491726486290253284e+00	-2.751581206826452242e+00	1.511570976557484070e+00
1.401570405788866225e+01	-1.049112236786452268e+00	-2.912583096784131520e+00	-1.851262596287175377e+00	-1.756329514398254243e+00	-3.256270003193368900e+00	-5.245097785067263096e+00	1.103813694365461062e+00	-4.118560383716753037e+00	-1.359768393199615177e+00
1.342520708509190541e+01	-7.470299427580452400e-01	-9.860203358139251861e+00	-4.179345443828531792e+00	-2.195138625865966198e+00	2.528577737532273328e+00	2.888895199105508738e+00	-1.276410419474986124e+00	-8.631041494026397976e-01	1.924391386952726546e-01
2.720010670463978819e+00	8.836721026460594430e+00	-1.541258637972682477e+00	1.277787417610058718e+01	-5.342018083704656028e+00	8.095679346708967827e+00	6.423313631175101568e-01	-3.877542671624099047e-01	-3.913707074816746623e+00	3.004872290148029035e-01
6.730609984234365406e+00	-1.241360010130943081e+01	-6.511029191426889184e+00	1.857969013571040495e+00	1.687743316265553961e+00	1.563288096230094570e+00	1.643196186398310665e+00	-2.381760858235102418e+00	2.653030021449532594e+00	-3.684774779255837185e-01
1.042595888428610529e+01	5.143251168076838020e+00	-5.005155711580940192e+00	-5.350917834059641720e+00	-3.939261367737951325e+00	1.341995021361619411e+00	-1.444740557446452245e+00	-1.852654918718070309e+00	6.747633621068438448e-01	9.860730113004935182e-01
1.290664414641771884e+01	3.911985292828030758e+00	-6.902786827094277378e+00	-5.739331797632165610e+00	-3.507067179996756323e+00	3.275201127212284291e+00	1.539403717288742035e+00	-5.530837482347017442e-01	1.060154237298311264e+00	2.254340210567156610e+00
1.308801713989683435e+01	4.316813777858760304e+00	-5.496531802239982056e+00	-5.685349867797844681e+00	-4.324262571193616900e+00	-6.148522120185152123e-02	6.519080902233990171e-01	-1.332610640366328036e+00	-3.995811876696121701e+00	4.414602259351629865e-02
1.567230292246173740e+01	-1.159031179582065008e+01	2.985011119155078219e-01	-6.509564962812011135e-01	-8.487210439446462029e-01	2.656150633540953487e-01	-5.905827879233127575e-01	4.747916416367269354e-01	-1.062503624671760072e+00	-5.501532474074440904e-01
1.418616231206000045e+01	2.505475908864587709e+00	-9.072753444797948319e+00	-4.737940499892966173e+00	-5.123156509610629072e+00	2.638918244825222637e+00	1.888770596365985099e+00	-1.041501464648649788e+00	4.385488701211550655e-01	2.843334617924942354e+00
1.162260271456201899e+01	1.098554741494808518e+01	-4.126166538210296331e+00	-2.592107287105620550e-01	-4.215320838873338083e+00	-1.557693121216354060e+00	-3.381419391354191450e+00	-3.133846988266691724e+00	-1.393076378320469377e+00	2.725853617072358848e+00
2.274599088319843254e+00	4.897363580975533814e+00	-4.866310138348205250e+00	7.221038336739908026e+00	-8.146370711637663575e+00	-1.183154656439563013e+01	7.064878197335874077e+00	9.494986649830573500e-01	-1.411337263899759442e+00	-7.372217766472277667e-02
6.551944337383610595e+00	-9.332973432733425057e+00	-4.495997958453348708e+00	1.204839540639276230e+00	1.904470968220498772e+00	-2.331450560195842847e+00	-4.387990331607538153e+00	2.917600048179216574e-02	-6.042061870784369848e-01	2.098897454247262151e-01
9.446930152485588650e+00	9.760118859597344709e+00	-5.123191802338458167e+00	-2.099591034028853720e+00	-4.214331415566071826e+00	-9.948170606596961063e-01	-3.538659601616815031e+00	3.154426146652090646e-01	3.812097667603716600e-01	1.821972108536369817e+00
1.016591540603076105e+01	4.139646741647871053e+00	-5.573505659938528645e+00	-5.821448242848879850e+00	-4.592392962028997161e+00	6.241854729850999650e-01	5.088738765792998331e-01	-1.057394496064205880e+00	-2.202317081945955657e+00	1.818782866311235757e+00
3.116602602809014355e-01	4.786154767017291256e+00	-2.837774581312223265e+00	6.234886425011946010e+00	-4.176014474749756289e+00	1.539176573187636121e+00	4.284387309862821569e-01	-7.879837881531215338e-01	-3.298300665979291946e+00	3.219019860130486244e+00
3.779361760894125233e+00	8.120036964496829768e+00	-2.660842545319855645e+00	1.219729543373463798e+01	-5.962047137881707037e+00	6.005314474142464221e+00	-6.460910005201930817e-01	-2.485837016068924488e+00	-1.466488129262427886e+00	3.959145332171492448e+00
1.067519798332727454e+01	3.425167817203981002e+00	-7.835526327731617613e+00	-3.429502727739377921e+00	-4.098702226332222587e+00	8.899223449783972839e-01	1.457024103128790493e+00	1.626798489270313008e-01	1.606167464109271026e-01	2.568066941613770915e+00
9.441005632290892180e+00	6.907184273484024750e+00	-5.290725729497252949e+00	-4.197513401403673683e+00	-3.702898230983824313e+00	-3.996328470833298563e-01	-2.347654791869699498e+00	1.259513693587447802e+00	-8.989156672329604580e-01	9.053770245461265631e-01
4.808850291862481363e+00	-1.036833602594713710e+01	1.617574002545492995e+00	1.690899666399302115e+00	1.028180039447551319e+00	-1.636155694705797803e+00	-4.839263600040377256e+00	-1.055590859470224130e+00	2.213006660718393359e+00	-4.738266764899715655e-01
1.042766385849919253e+01	9.021695776246550835e+00	-5.933658939171627900e+00	-4.482329316996329638e+00	-3.944661281759658689e+00	-8.878522848447704119e-01	-7.785427051638564855e-01	-1.081128347408772061e+00	-2.584545746238885222e+00	2.148450130919433487e+00
1.188536858940755536e+01	3.256620796912816918e+00	-2.759865565658039088e+00	-5.157350234296186109e+00	-2.722750414678071884e+00	1.024873748093928283e+00	-1.683271782241975156e+00	-7.874655117888722522e-01	1.551705706734779477e+00	2.003868878942113074e+00
-3.757986019588559490e+00	2.806071784843839012e+00	-2.050374782166146659e+00	7.706046480118117437e+00	-6.279391391621227392e+00	-9.617146537150926378e+00	7.330189747265801081e+00	4.602134205064460026e+00	1.773881592523298467e+00	-7.528615060589445296e-01
7.576746897437261374e+00	-9.954875950802801299e+00	-5.274310634768724526e+00	4.180749189299504565e+00	2.877475065251969166e+00	-3.440209882090245586e+00	-5.248434955106083599e+00	-1.287474730747689922e+00	-2.804339603739718800e+00	1.556847774934968953e+00
1.278815110263846933e+01	-5.855046366299168525e+00	-9.361167893012554586e+00	-1.376105011557321012e+00	6.051565108611283161e-01	2.212389778159858711e+00	3.718925343915562287e+00	-1.592769699334166233e+00	-5.081855292891966913e-01	-1.200309838676201446e+00
1.077542052221451385e+00	6.451922482644065759e+00	-1.844906325026600458e+00	1.425812167329059577e+01	-4.993379366728668778e+00	8.326445966679019151e+00	-3.316520643247284905e-01	-5.213079363151501555e-01	-3.333090710968274806e+00	1.953203041754312252e+00
9.084862668796864327e+00	2.938604942342946114e+00	-8.604752068332219839e-01	-5.314815106156112634e+00	-2.046390197351281692e+00	4.809201546590449183e+00	9.037311299006985932e-01	5.782977080323730590e+00	6.015253576307606487e+00	1.393579408486039339e+00
-4.134203246682242039e+00	2.094912307363994586e+00	-1.927201969628352662e+00	8.279049801335593983e+00	-5.938909606475955449e+00	-1.025734679398086513e+01	8.076754883717104150e+00	1.735746636646387620e+00	1.703364712711423756e+00	-1.279699177803190535e+00
6.387555488009399873e+00	4.996723289491107778e+00	-6.198789252141297723e+00	-3.675491142061677596e+00	-4.490320333947992459e+00	-9.011693844427633993e-01	-4.434994718724908913e-01	-1.109499172469821326e+00	-1.708322960274997415e+00	1.580839836294124279e+00
-1.020510834872740702e+01	-3.427878125223152050e+00	2.647357212148282901e+00	5.357790202460309681e-01	9.243661567957056624e-02	-6.346333621934147073e-02	-1.578972878863598828e+00	-6.842649966030178721e-01	1.736524998017683341e+00	9.476241766728763505e-01
6.257727540720736670e+00	2.579677393183424261e+00	-4.644294307594061699e+00	-5.078790916356768825e+00	-4.098673609176293198e+00	2.358975617382436329e+00	-4.262246401095194925e-01	5.721915667214679146e+00	5.184568813245069574e-01	6.095528727952199688e-01
-1.179292308115089583e+01	-2.097450626207275626e+00	1.542481505828460664e+00	-1.216304974081564988e-01	4.946454348180224780e-01	5.276973755810485667e-01	-1.118336126702831557e+00	-1.272992383578026798e+00	1.301386599177468684e+00	1.019007831401874231e+00
-6.235077894477755178e-01	5.172793972410996588e+00	-2.448055806109705745e+00	4.537802682067189508e+00	-4.797871899828699327e+00	4.955934567914239697e-01	8.966307045428755229e-01	-3.518321898956220939e-01	-4.034377085238937788e+00	1.940186263312901227e+00
-3.095760115795996192e+00	9.184732481622783773e-01	-1.480244283135947247e+00	6.003123940861319063e-01	-1.844246918708177585e+00	-1.901438087890243045e+00	-5.674254615501602567e-02	4.812471091028205916e-01	-3.497979320641493306e+00	1.557097907204357146e+00
-6.215248490812145477e+00	-7.001145591383690636e+00	-5.287331178116836838e+00	1.545260162359790579e+00	3.941325293050646383e+00	8.559666545894635270e-01	1.209013755421454395e+00	-2.475750301915226270e+00	1.236448575435831865e+00	-5.935779762657482639e-01
-1.698493630519877895e+00	7.223663018409949288e+00	-3.387574303141906995e+00	3.042841778178113632e+00	-5.111169669326041110e+00	2.509045040479427779e+00	-1.984156928830224320e+00	4.508766024724662813e+00	-5.667410307978377304e+00	-2.926754223653079023e+00
-7.847518061654944255e+00	2.153361572561562021e+00	-1.396403455252497317e+00	3.263755027639698714e+00	-2.762019996786073683e+00	-4.718497095881535763e+00	3.803436608901897387e+00	2.384671588604117431e+00	5.558254809186176093e-01	-8.484162005669130258e-01
-7.406186129928758355e+00	-5.199536798160478313e+00	1.054239961557635663e+00	5.695920722561098604e-01	6.050003699576200766e-01	-5.801654596113101636e-01	-2.692227785551542407e+00	2.387944395134471709e-01	7.563169359529385571e-02	1.236329450741334490e+00
-9.826847194551907805e+00	2.761945916293955250e+00	-6.366423887797487691e-01	5.896057261401312921e+00	-3.119954934696893112e+00	5.247822658318618494e+00	-9.525594389004352625e-01	-7.121706763676129981e-01	-9.424189835064787912e-01	6.983440511078082835e-01
-5.129160062547076571e+00	3.909710511156839097e+00	-2.089540788081552414e+00	7.142327961215455545e-01	-2.705421600045536223e+00	-2.854174873020133507e+00	5.091025458685687344e-01	1.247686261754423986e+00	-3.520418051997098008e+00	-1.129062083501336744e+00
-1.392637703255337023e+01	-2.327860855669222406e+00	1.669100022928077909e+00	1.013686199040632063e+00	1.153344781359446181e+00	-5.156471224712656509e-01	-1.525836909521625984e+00	-2.944043567677916418e-01	4.893648073330263970e-01	1.089735898103098011e+00
4.340665770892871422e-01	6.980432338943953319e+00	-8.726360562554605904e-01	-1.793374616364015628e+00	2.512163893083282362e-01	-1.947937577357088612e+00	3.338595310840675734e-01	-1.408341007103778741e+00	-1.736434238055928780e+00	1.081177909661297232e+00
-1.227374274440144930e+01	-3.040510911225770663e+00	2.620295914405346593e+00	-2.766673503007328616e-01	-9.766301185252741490e-01	1.146074085946115151e+00	8.037166483665524330e-01	-6.766053314699025378e-01	-9.970343340171926305e-02	6.065915206559567840e-01
-1.040589092586166409e+01	-4.388908422079548899e+00	6.949777521054656404e-01	1.255405928757404421e+00	3.403842225697441215e+00	1.073540595294853128e+00	-3.875300522263289693e-01	-5.972189837951401570e-01	1.410464034490806595e+00	5.007184215773386349e+00
-2.165451851454361920e-01	4.352792720627983947e+00	-3.890912705037242070e+00	-2.920285741965277015e+00	-2.300199302796565259e+00	-6.054237628462046938e-01	-8.406003747350185851e-01	5.647938045744859359e+00	-3.225810507645463510e+00	3.685999982432215938e-01
-4.720234208482857241e+00	3.827244865928989714e+00	-2.717331375119760750e+00	3.364251805683146301e+00	-3.860124941464259329e+00	-5.677376915343886665e+00	2.613629127688716913e+00	1.510405398186587256e+00	-1.093153088287414088e+00	-7.373516917763274225e-01
-1.318271419855570059e+01	-2.675355245517597957e+00	7.853667200765597212e-01	1.036020153471181482e+00	1.610525180403764356e+00	-2.723489473729699961e-01	-1.133635321748216906e+00	-1.302113819014653506e+00	9.202924724074607044e-02	6.174753694024879280e-01
-7.424297785666769123e+00	2.908638890044313863e-01	-1.614137494755804259e+00	2.719454458223061755e-01	1.971154822922125849e+00	-1.854594603135572006e-01	2.013421619570074483e+00	-3.360268885997234056e-01	-2.080805265864840603e+00	5.186825813738712654e+00
-1.226567892660475323e+01	7.186069088817643724e-01	2.349563149139217988e-01	2.600392763449667743e+00	-2.414307596924419208e+00	-4.622481502144166754e+00	3.799327722662560802e+00	1.390699511844163627e+00	7.832260357098637105e-01	-3.164747716510038500e-01
-8.223036774683949446e+00	2.020654316991248312e+00	-1.413725186294792380e+00	1.596626311044521573e+00	-2.769485920105323018e+00	-4.020187089911710920e+00	1.556299034502495848e+00	2.660490236432235367e+00	-1.554297834695163694e+00	6.096743297726264776e-01
-1.273372148791107605e+01	-2.906354159391133507e+00	1.876760720736668997e+00	5.432241522361284103e-01	9.073755309626786447e-01	2.463645955738255622e-02	-1.683299254790003641e+00	-5.603613180710523833e-01	9.381209908754246651e-01	-1.666213831118317223e-01
-2.318607741267456390e+00	7.528430080733440555e+00	-3.048432472646490643e-01	-2.004741621706541022e+00	1.166004805194169380e+00	-1.048972550857533381e+00	6.066765666379242417e-01	-2.166036506557063035e+00	-1.282854926195218459e+00	-4.674661504499134090e-01
-1.410031643213347685e+01	-1.071158715371663406e-01	1.011353923386185905e+00	3.848596355093349519e+00	-2.937156674172307191e+00	-5.453743417593409859e+00	4.605419853338322156e+00	8.864239658956653001e-01	1.681590402875817958e+00	-9.153268320835998562e-02
-7.375400740678820455e+00	2.745477835847089931e+00	-1.821523950536950931e+00	-5.078174667900892114e-01	-2.404358124176322331e+00	-1.882058318760174931e+00	-1.767430720755264542e-02	1.235558312113288482e+00	-3.460726042241650369e+00	5.613757129856569716e-02
-1.480900936521271483e+01	5.797742836259536237e-01	1.706803677078363668e+00	3.253602585050353879e-02	8.900997379269754983e-01	2.855220037662728472e-01	-6.254518080169921279e-02	-3.946517724043991926e-01	6.385000185677132123e-01	5.391154834536346918e-01
-1.345292340149648425e+01	-1.459790509893776900e-01	1.311989612856872822e-01	3.426276928064270866e+00	-2.130084908682255307e+00	-4.201530584684836533e+00	3.703817751120044299e+00	1.825166535544679447e-01	1.989217516219000448e+00	9.648405832857448461e-02
-1.376522165564714761e+01	-1.891423403806354875e-01	6.021359217581512269e-01	3.378476592150583713e+00	-1.722205043483508780e+00	-3.942832063445897539e+00	3.561997860373399050e+00	4.992664406601142746e-01	1.287448178405239174e+00	2.753852294141434509e-01
-1.369502128588276690e+01	-1.986288037886600188e-01	7.022855076271359298e-01	2.971255921072090356e+00	-2.379725022656535405e+00	-3.746064210747921841e+00	3.397493767822401534e+00	5.068192841006989857e-01	1.172173418416438739e+00	2.201709268713728795e-01
-1.278124431039966780e+01	5.081977392611037869e-01	-2.501224681561007857e-01	2.856369753967195280e+00	-2.414791740125984187e+00	-3.996247338501365043e+00	3.387749242308700559e+00	5.334783841590919895e-01	8.361109140605713641e-01	-6.362606899206787840e-03
-6.579220861771622353e+00	1.833133622312486777e+00	-2.381509366350988088e+00	-2.183620328853808967e+00	-1.787609661946823802e+00	8.420997093196973537e-01	-7.552455252362094695e-02	2.855052323402112791e+00	-5.807503683751373824e-01	4.712630848840940190e-01
-4.107263689859848022e+00	-4.199323345565114107e-01	-5.426630019770527724e+00	-8.244674376649869796e-01	8.494625533537901729e-01	-1.036370489577312703e+00	1.264460447921668784e+00	-1.834251014250505074e+00	-2.744385197989813285e+00	-1.651140289531873862e+00
-1.009870019314848477e+01	-4.828677494345519960e+00	-2.315769307777972852e+00	7.785799527138052012e-01	2.230661103529846478e+00	7.508085338781357310e-01	7.200667111853024105e-01	-2.178703824892394891e+00	1.330080503597427022e+00	-3.443290926360410564e-01
-9.283853414835514073e+00	2.336094352960169651e+00	3.332817107839304294e-01	-1.325485421923127793e+00	-4.143203840890958278e-01	-5.385212552849304168e-02	-1.008583456128813616e+00	-9.768950500324373731e-01	3.489821056332752525e-01	8.402696041958898077e-01
-1.111672507170323598e+01	1.643040438110514145e+00	-7.964573653027148259e-01	3.434042066742720500e+00	-2.205796156850617695e+00	-4.472418893321796318e+00	2.824979581551974039e+00	7.170493053591331378e-01	2.977889173678467949e-01	-9.586974038920663688e-01
-1.575569991464811181e+01	-3.571554675214540925e-02	1.130369178073911796e+00	4.159072208413066019e-01	3.768811656230900420e-01	-2.327264518154782691e-02	1.903757220887501989e-01	-2.733742158052210325e-01	1.697903275153738456e-01	3.176137622429753282e-01
-1.152499380762595038e+01	-4.243153872513267366e+00	-2.326058576542738621e+00	1.229590512545454706e+00	2.975385944924953119e+00	8.209588720130922557e-01	1.192986596323872162e+00	-2.160066154323727616e+00	1.712129047905236012e+00	3.978754121137546007e-01
-1.110048789730460150e+01	-3.351341208365238966e+00	-2.107969741076883174e+00	5.293444845466415138e-01	1.874472828127002666e+00	9.767731806093430391e-01	4.505700034678070121e-01	-1.546123195119403659e+00	4.243641984774625397e-01	8.589781372315353353e-03
-1.346196889376178696e+01	1.430106650191639295e-01	2.575787759072822869e-01	2.056025789105124346e+00	-1.498865288316058253e+00	-2.390831505057207984e+00	1.880499950824268129e+00	7.052889955130263455e-02	1.226402551365509824e-01	1.017325845533853801e-01
-7.515415598082741511e+00	4.369984431989605511e+00	4.652234020870114201e-02	-1.700898041550989115e+00	4.020085458427652414e-01	-1.281711594563275325e+00	3.848528439118167888e-01	-1.104562044685259092e+00	-1.730386769623141641e+00	-8.010652861099201161e-01
-1.088190557644123757e+01	-1.442120154671688859e-01	-1.043563781155154135e+00	3.670111308927940241e-01	2.342373651830342851e+00	1.337905385412530845e-01	1.396121878481293432e+00	2.356414369493029237e-01	-1.272863891089028421e+00	2.807162546008993065e+00
-1.352153048645834055e+01	1.678401074772831181e-02	1.057924699993209705e+00	-4.698396216914310641e-01	1.781676791720121222e-01	8.467314712536934129e-01	2.168832182216759719e-01	-5.491829296439641045e-02	8.159523461464547323e-01	3.708522205261743365e-01
-8.403740249950388375e+00	4.052132470892445326e+00	-1.372944021513764282e-02	7.140609109516975195e-02	1.378043148981796362e+00	-5.485083348114451196e-01	5.142297243864454304e-01	-8.167715788360378759e-02	-1.380523856897842627e+00	-7.232693774953617982e-01
-9.773183960490184674e+00	-2.184873166692036517e-01	-3.718968815000530115e-01	-5.713846596253230326e-01	4.337903816818066138e-01	4.547786622563047831e-02	-1.364409448364655164e-01	1.731709414300086625e+00	-3.528398268268062576e-01	-5.517854854092076877e-01
-1.062699573733036651e+01	1.120436972279810428e+00	-9.454141309101737889e-01	-1.540592772405078748e+00	-8.749677604204975090e-01	2.957599297342922706e-01	3.434745710719033229e-01	1.273463668276558991e+00	-6.641774399691221520e-01	5.484029221402424437e-01
-8.466023678392630814e+00	1.518543793204061298e+00	-1.542382245449350542e+00	-2.608356953628230279e+00	-1.077569302957536390e+00	8.520646467424320969e-01	-1.704404315769037781e-01	2.666894220088551037e+00	-2.351683824598737871e-01	5.177254155409694025e-02
-1.289032342954598498e+01	6.461192322797351117e-01	3.374866522560103776e-01	2.481260924809467916e+00	-8.954102046506847712e-01	-2.120053003679859494e+00	2.524166275308139973e+00	3.103655143001106675e-01	8.012994657782207542e-01	-1.131797290475654305e-01
-1.437741642085232208e+01	-1.339768306110729723e+00	1.482660667690381073e+00	-1.287495905479130454e-01	5.290999888078035812e-03	4.472190323247681731e-01	9.369883962107287967e-02	-7.010739051609748973e-01	-4.256522897780932735e-01	3.354866090665358236e-01
-1.362525472831147688e+01	8.928652723120695800e-01	-3.978177625201806400e-02	2.336511051344681178e+00	-1.182748951142909677e+00	-3.453086321103074674e+00	2.464502259709444143e+00	6.403855443731154562e-01	8.464882070862820296e-01	-1.024749035525010399e+00
-1.335068796724149642e+01	1.898909449511435366e+00	1.001035735948406558e+00	1.488316327854919408e+00	7.711333515426858909e-02	8.280989166593955009e-01	-2.018507118129689581e-01	1.621716063986516354e-01	-1.136683245739361636e+00	-9.519739876332615758e-01
-1.131582911698721183e+01	2.554333180005566195e+00	-2.206131094423979533e-01	-1.472006901018416247e+00	2.571178413729987011e-01	-2.596977657952401763e-01	8.978971604809304896e-02	1.776128898031732184e-01	-1.003864897587690486e+00	9.469695253490222064e-02
-6.274372137627326040e+00	4.584080203943996068e+00	2.309376848607824773e+00	-2.419452963633988762e+00	2.257757609412584632e+00	1.200971582442523500e-01	7.800414159305701922e-01	-1.434174865968989909e+00	4.444206260243546147e-01	1.848116835789733736e-01
-1.259495489957015657e+01	-2.907060630956162850e+00	-2.433145957122795355e+00	2.326519130767016608e-01	3.059588199067928116e+00	9.393455272952248025e-01	1.461572235813245690e+00	-1.980372293500886283e+00	7.258872715293909206e-01	-9.604670514949430471e-01
-6.155068940240682629e+00	-1.984581916456842787e+00	6.399887631206274685e-01	7.457993021542919099e-02	-1.735771438974401948e-01	-1.475372693348869335e+00	-4.061890382581670345e+00	2.307814573145108294e+00	1.776902641327158736e-02	-6.561351788348884773e-01
-1.314572489962129964e+01	5.059062451439636510e-01	7.695192293670081174e-01	-6.613668905756705518e-01	4.026219011829028638e-01	2.654223935965667816e-02	-5.165422980767880867e-01	4.958729193902912114e-01	-5.453885563328596531e-01	-6.777165681106700479e-01
-1.185427667406991681e+01	9.260931116072534941e-01	-9.088174941676177010e-01	-1.286404659533129990e+00	-3.546520790922971789e-01	3.061906568466197798e-01	3.299880109636087883e-02	1.542652003121235404e+00	-7.403704536891871912e-01	-3.821274021785358438e-02
-1.392075163846609342e+01	1.085325436181554748e+00	2.358182813967400482e-01	4.206296786255120379e-01	1.250306734867503711e-01	-9.583433175203386056e-02	1.355907857946028749e-01	-4.278396558710563236e-01	-5.509600300779082804e-01	-2.671962961881412246e-01
-7.806484364908559570e+00	-6.387346766774039786e+00	5.063876787630333887e+00	-5.460719840260699343e-01	-6.190673280130004619e-01	8.470477419685559228e-01	-1.217757417027551581e+00	-3.091005655376157790e-01	3.170057364377589781e-01	-4.504145891542450375e-01
-1.278775026793866232e+01	8.479997055138072115e-01	-1.938269357276307669e-01	-1.082260052788363902e+00	2.169034880098888174e-01	2.238376662845357745e-01	-1.248216898511978618e-01	1.241991797871330849e+00	-4.789047978757395296e-01	-3.675660608497350323e-01
-6.945597728751021549e+00	3.007998063209100348e+00	2.989658662491416763e+00	-1.178556574714027194e+00	1.907295051516022744e+00	-9.844276565559373360e-01	-1.270480237071591967e+00	9.028921616935661754e-02	-3.046809073682493763e-01	-1.224968900922219328e+00
-1.412273711164352896e+01	9.200697603067882202e-01	-2.008603907008967709e-02	5.740577322180064890e-01	-1.366479499290436661e-01	-1.352809715353828768e+00	1.138919135111292613e+00	2.095216361294164331e-01	-3.885523218259931411e-01	-5.965435651447296150e-01
-1.217914707557244469e+01	1.573547046667755245e+00	-1.908831366192412782e-01	-1.152168668820769293e+00	-7.670293956159650317e-02	-1.931368395409819583e-01	-2.588748608099658566e-01	2.692057759588491889e-02	-9.678840090893693349e-01	-7.311125969481652165e-01
-1.279229886084382883e+01	1.699494430604392647e+00	3.704907734861337398e-01	-1.395252449366572778e+00	-5.262865451207485688e-03	-1.798097074003847939e-01	-1.615794699598593898e-01	-2.896099962528406180e-01	-6.756482848768827765e-01	-3.618274536434323840e-01
-1.194429620974755757e+01	2.793447973734828782e+00	5.459452584817688914e-01	-1.261080514228784644e+00	1.611284935549894826e-01	-4.357338566820720960e-01	-1.531370978373342295e-01	-7.724697227253402021e-01	-7.492127567131305899e-01	-4.341430622259222494e-01
-8.050806533447264712e+00	4.412836908109341039e+00	1.443701087014561013e+00	-1.440701793862986024e+00	1.653913019791805938e+00	-6.721937897479081103e-01	2.796449676994503669e-02	1.873039134519807747e-01	-4.734973459482889613e-01	-7.204538770543225668e-02
-9.170383092395184121e+00	3.677125491953558090e+00	2.392314452003383884e+00	-1.499246565885333782e+00	1.845316444947183276e+00	-5.356755938625467062e-01	1.481193449669240270e-01	-1.413363106852502993e+00	-6.412514522609237266e-01	-2.734545602281244214e-01
-1.281614886584215185e+01	2.126032928459371529e+00	5.299073495239193798e-01	-3.952019559160102058e-01	6.517702511004171972e-01	-6.274598250069883809e-01	1.424325582151828862e-01	-3.753200447547995200e-01	-1.200184710124130527e+00	-3.432580834084917876e-01
-1.103595259164999298e+01	3.543922343474199099e+00	4.486327005883707919e-01	5.162325809511702168e+00	-2.047732517981519229e-01	3.474215917485330873e+00	-4.989768091857557653e-01	-4.645838146623479099e-04	-2.182448070221749248e+00	-7.583581172341458121e-01
-9.246795046631298476e+00	3.782523954883064476e+00	1.441816187640228897e+00	-8.579504388366849810e-01	1.325236240634748430e+00	-3.742103161311256532e-01	-2.996007409235583729e-01	-1.364089965718595199e+00	2.318792627297955045e-01	-3.329018606768364696e-01
-1.159751421115057823e+01	-5.070569918677977128e+00	5.749968391442020099e+00	-6.350426950682884764e-01	-1.225831730544698184e+00	1.819900521687698447e+00	1.847055799275063581e+00	-5.584081859661536029e-01	2.170991959713081468e-02	1.722695260989848265e+00
-1.028868955869601898e+01	1.982536823877404819e+00	2.279422753045098116e+00	-7.925681718813492038e-01	1.455187065715551009e+00	-2.863072231381290078e-01	-8.212588071734107098e-01	6.399719753248421794e-01	1.797299128113399869e-01	-4.630055890457303314e-02
-1.357614769541133803e+01	1.186624854572788212e+00	7.179026465075122321e-01	1.924149817798722628e+00	-5.372676903724157293e-01	8.909064263223412938e-01	-1.126992463484197821e-01	-4.188283427860169938e-01	-2.686945121691267646e-01	7.276401412730647555e-01
-9.911897170017986980e+00	-3.688122073097272136e+00	3.553896548857438109e-01	-1.303389328585289775e+00	3.678179488624421234e-01	1.535968714946164049e+00	-2.270818016217322766e-01	1.742602255033986136e+00	1.077125729970783041e+00	-2.095117903460723963e-01
-1.051482257545603716e+01	-4.646046625403720820e-01	1.285254254689039977e+00	-5.076074590399100028e-01	1.127261776262462378e+00	-1.791130120472288201e-01	-2.547939841536062677e-01	1.102322587566020973e+00	-9.401577140131089916e-01	-4.775252403512509902e-01
-1.581168508204972234e+01	-9.558456694739543291e-01	1.198882768442021574e+00	4.426273532723261003e-03	1.214745871326413873e+00	6.784901307740444087e-01	3.097107988166424367e-02	-4.955119113341041048e-01	3.164276770586668119e-01	-2.023059484727850188e-01
-1.119314469898113096e+01	2.023852756065608105e+00	9.737579317618118291e-02	-9.667530472369548766e-01	-7.366657610761985220e-01	-2.186584250996054246e-01	-1.387884554437600837e+00	2.450850063800122935e-01	3.685733185300612558e-01	3.915223150506812466e-01
-1.135124986276391112e+01	-5.261306113651770922e+00	4.755044439587097910e-02	1.942647142374249958e+00	2.280167374509463052e+00	-1.390475411226298696e+00	-2.809472150328677476e+00	-8.684401870338096519e-01	6.230555949903673341e-01	6.476297747504361491e-01
-1.086220291482402267e+01	-4.084945256498892618e+00	1.232154220984465615e-01	-5.119481447987074274e-01	7.898267307500353995e-01	3.788835165938707061e-01	-1.029867166636189602e+00	1.974926402327865371e-01	2.802865263479373606e-02	-2.092783888485030830e-01
-1.054644375423082359e+01	5.370256887268420182e-02	1.859751012098734391e+00	-1.620861588207752169e+00	5.223298286472864982e-01	8.935670808544288191e-01	2.880341156746155651e-01	2.313936434368890627e+00	2.290797982485667794e-01	-3.803270158359383646e-01
-1.146016069357546030e+01	-5.589090339677327712e+00	-2.993145129457216225e+00	1.118305622094285523e+00	3.850486513715123404e+00	1.091527886135284175e+00	1.090165641800757035e+00	-2.337051017758517535e+00	2.022131447108284963e+00	-1.069882026650709861e+00
-1.112014892746567085e+01	-2.945101311499844332e+00	-2.788838346834737969e+00	-3.208924867923028668e-01	2.150784130536746552e+00	1.837179777402191627e+00	1.846641456148187199e+00	-1.305521792214829224e+00	9.772433826534804302e-01	-5.998761466804698461e-01
-1.230567674369009090e+01	2.722862692000765694e+00	5.505087162395639888e-01	3.631831130214741687e+00	-1.834215060429204153e-02	2.321355270195602394e+00	-1.959216948492890631e-01	-1.798644467373578804e-01	-1.877904001177994830e+00	-4.156961883579968764e-01
-1.096224262858186727e+01	7.810457784951848614e-01	-6.530572094645261672e-01	-1.334082634601405637e+00	-1.550220935670726385e-01	9.893972488002221732e-01	1.830924495073693037e-01	2.114828718874355751e+00	-3.329084316001694743e-01	-1.341559855224151721e-01
-1.139948009780309413e+01	1.723955674311050901e+00	2.031032504606831601e+00	-9.568566652329995037e-01	1.331797796818093627e+00	-2.249842076344233666e-01	-4.634481428454637064e-01	4.993204945452793253e-01	-2.994193173477088799e-01	-7.804241137700788089e-01
-1.393195276941455774e+01	1.538837886120663967e+00	1.195857374735000533e+00	4.321967757369342245e+00	-9.313110876235943802e-01	3.661742800993680547e+00	-8.220597930805502163e-01	-5.010672283998449800e-02	-7.672072101537652511e-01	-9.288101936188418728e-01
-1.179119543473042420e+01	-4.895199188240074939e+00	-3.275758573558537723e+00	5.220870916413153928e-01	3.647076611818762082e+00	1.618373348692919045e+00	1.206554786161061710e+00	-2.521612638752960489e+00	1.508938533711317032e+00	-1.080831562206572727e+00
-1.148857397448745488e+01	-1.183895251255454140e+00	-7.590190386920260268e-01	-2.256246764426448781e+00	4.653939366981105219e-01	1.964283839001472742e+00	5.388577828137719461e-01	1.095192356471821782e+00	1.098461846188379720e+00	-7.172256049468849204e-01
-1.177043451775601390e+01	9.709518975696616039e-01	-3.467685254674515716e-01	-1.185288817047504217e+00	-3.930652992525163758e-01	2.362763167787141350e-01	-4.397393226132285948e-02	-4.354658342052760145e-01	-4.711104764235888309e-01	-1.984766687437951316e-01
-1.236118390532319111e+01	-3.859709911543145466e+00	2.716611371804802388e+00	-1.109240620779546438e+00	4.349172025879984305e-01	1.915291359039084762e+00	3.876344988456585372e-01	1.039369048059449074e+00	1.211288238322444144e+00	5.212477671662495669e-03
-1.312694702940664726e+01	-3.104578568827713436e+00	2.072806311380055000e+00	-1.048400306648108321e-01	9.275714852505571040e-01	4.657149761928804366e-01	-2.108140194406773471e+00	3.203113896315039066e-01	1.086707182054001519e+00	3.439062742261027594e-01
-1.225099166974999321e+01	-1.016748218693956485e+00	3.962000396194921281e-01	-9.059430652617914692e-01	-7.953457443644694480e-03	2.036559360827729925e-01	-7.370486547142143241e-01	1.698510763870402229e+00	-2.976632123803132357e-01	-6.086955531530943153e-01
-1.333709524842157812e+01	1.970095779105782263e+00	1.682686252340429567e+00	-1.565168855051865537e-01	5.630082110641094761e-01	5.235378981337607263e-01	-1.056588203234913204e+00	-9.460267671074028550e-01	1.742190039195619988e+00	-2.618367134761898085e-01
-1.298717380225108009e+01	-3.654227458134386985e+00	4.483122334067638270e+00	-6.552888234956582014e-01	-1.148824239935233305e+00	1.075477636027323491e+00	7.327757603337755610e-01	-2.671836107842208707e-01	-3.055012489186196278e-01	6.385668553821082227e-01
-1.181710091961111608e+01	1.185147618326668345e-01	2.185757251815255708e-01	-1.610819467081056278e+00	8.988242446323302381e-02	6.175298066953026632e-01	-3.929019088172790164e-02	-1.416300449094745062e-01	-5.451148145845002846e-01	-2.907823668077599288e-01
-1.186815317766267874e+01	1.416050295037118989e+00	1.097506306103757989e+00	-1.289476827408363224e+00	8.066122531450958810e-01	3.701427334866773666e-01	8.876221440551228248e-02	1.682917325301746647e+00	-6.984323429474165179e-01	-6.365546957164072150e-01
-1.566653628542098176e+01	-1.051217045067599637e-01	1.784714511817553140e+00	1.432792767332482786e-01	1.659015595097809159e+00	1.485179687444595775e-01	4.339469215747975839e-01	-1.918364702747715755e-01	-4.148009235901001235e-01	1.916868253786004006e+00
-1.334190566752295659e+01	1.539721638747589161e+00	1.510478898181125906e+00	-6.946317828888084467e-01	1.063232011301511903e+00	6.396426790057806178e-02	2.618595207956200821e-01	4.464646536611762695e-01	-1.060954156523670061e-01	-3.033046205183394517e-01
-1.331011468136472509e+01	2.194839447691422585e+00	2.202361144423089279e+00	-5.398968192080136341e-02	1.256433862547378544e+00	1.739350009676758901e-01	-6.356125578213646099e-01	-4.547083892023005558e-01	1.435664836584182646e+00	-1.764419039453764271e-01
-1.234808239504822858e+01	-2.863240752156603897e+00	-1.232789458687580497e+00	5.535987931857444533e-01	2.010362368411890976e+00	-8.327112419037788760e-01	-1.415452602752544031e+00	2.145390798629945861e-01	-1.378967059234373072e-01	-8.768850805688004346e-01
-1.339061930046134208e+01	-3.508626280161549982e+00	4.424382611477080118e+00	-4.182785516651783553e-01	-6.536296852573129090e-01	1.399296583472717348e+00	1.046901577421004870e+00	-5.112778451500467058e-01	6.453742956698170496e-02	8.898672609807988243e-01
-1.175898710266795533e+01	-1.400339109467100718e+00	-1.951352403777380617e+00	-1.105770502913764330e+00	7.267923532568407730e-01	1.359405516334205588e+00	1.212115646880852493e+00	-2.587139046779681761e-01	6.556179979347520614e-01	-7.571249453772894711e-01
-1.325283570433941449e+01	1.422933365865816535e+00	1.470992762172494972e+00	-9.863268869489983937e-01	3.220361483017285531e-01	3.646394148895908127e-02	-7.745186888752096932e-01	-2.247232055314890009e-01	3.596318949874539594e-01	-8.312213264089619580e-01
-1.280175471773791429e+01	7.210587059793377440e-02	-4.968434051878704572e-01	-1.484314703409352676e+00	-5.214025012869255571e-02	1.512058488340656037e+00	3.510834131677974534e-01	1.992906869911149348e-01	1.123418282956102354e+00	3.829071025129296979e-01
-1.342090116062506766e+01	-1.713038405092365934e+00	1.806074342977828540e+00	-1.063584328866450379e-01	6.716060388292898198e-01	4.675373579544312430e-01	-9.496609914627610616e-01	8.487690124431855887e-01	9.815581460836223515e-01	-3.034755543097710229e-01
-1.479654332271721273e+01	1.162453467950088415e+00	1.152932915368356293e+00	-2.914290279422841468e-01	1.259855714302923646e+00	-1.419722429442618616e-01	-4.591841825470132643e-01	-2.916671717364793248e-01	8.142422005783217509e-02	-3.274306633819386025e-01
-1.385957458495691874e+01	-1.088282228060087453e+00	2.183203878025047118e+00	-3.256887924828573144e-01	6.455934425116161002e-01	1.742406262878777312e-01	-1.537053747304211848e+00	-2.364240760071645853e-01	5.412122876461393783e-01	-4.992807568228599946e-01
-1.322526801205268399e+01	-2.620296224052057532e+00	2.172524006939818619e+00	-1.103342692670484793e+00	2.674164055776876991e-01	1.609349104305880296e+00	4.178869340984806002e-01	1.142022436235712979e+00	1.211596424945164729e+00	-7.061330542253876907e-02
-1.387996209379755896e+01	1.731518549832276710e+00	2.016897910083426115e+00	-5.372514405195186193e-02	6.892057497236721009e-01	1.003744642500777440e+00	-1.276072959187201539e+00	-1.055609246328403694e+00	2.060722086526659780e+00	-7.268517399572913540e-01
-1.387350671029555471e+01	2.296360091447159135e+00	1.790414626284932309e+00	-3.324017176238479032e-01	3.622609079976367163e-01	4.998973869653696167e-01	-1.080241242007208280e+00	-7.033790343513174337e-01	1.512967825768863017e+00	-7.805811790784369375e-01
-1.365298458408670079e+01	1.672718537128901062e+00	1.297619811147669777e+00	-7.243274827549515127e-01	5.471876726023113813e-01	1.365806630894547402e-01	-4.458642898240305907e-01	1.589765800337163970e-01	1.258800819890497080e-01	-9.044621493108015997e-01
-1.406285652196203806e+01	5.719898786493007314e-01	1.422334633889794642e+00	-4.887889138001726974e-01	1.028240866667207376e+00	1.711090287616977568e-01	-4.515730403662329140e-01	7.859879265008613558e-01	2.453477209378978827e-02	-4.972447494786714772e-01
-1.282652326348622118e+01	2.024016671960692015e+00	1.854323656218436867e+00	-1.283657087782518635e+00	1.042291644683209340e+00	3.241553898336360651e-01	6.799352619337669656e-01	-7.140946891340863578e-01	2.377204945084106930e-02	-3.393938873133998668e-01
-1.394726987291376474e+01	1.672233447961888553e+00	1.249902926783348578e+00	-8.295255995742365496e-01	6.980972516959206287e-01	4.036921124491919810e-02	-5.405697897573219501e-01	-2.786646551635867386e-01	1.455390462630946347e-01	-4.531045312746729281e-01
-1.445677764646609198e+01	1.108928485109938800e+00	1.001950689017369944e+00	2.105991285149126035e+00	-4.805972958697568576e-01	1.659051417337639389e+00	-4.574322332467249397e-01	-7.068455777081924518e-01	4.330616263917247410e-01	8.628838308397503987e-01
-1.348572822098916113e+01	-1.756882612822776801e+00	1.906369809071501775e+00	-4.954497158290708386e-02	5.058652743367315630e-01	3.370449677238840924e-01	-9.354102333537182012e-01	6.770689281514238322e-01	9.993859064057275532e-01	-6.960039051298413937e-02
-1.338094485280615231e+01	-4.116502018756202919e-01	9.651111678079130618e-01	-7.508539419996221875e-01	1.208302611238312396e+00	5.498665419489130457e-01	-4.460493014917752963e-01	1.730716293599919631e+00	-2.401335637263361522e-01	-6.637156968928434875e-01
-1.310792634130846679e+01	1.963547931710193817e+00	1.655673750675348277e+00	-7.473068000899215635e-01	1.292906181761469764e+00	-4.174729504554007264e-01	-5.248080807655586960e-02	-6.925212287762728680e-01	-6.184614355069206759e-01	-6.226793405062894804e-01
-1.378929968599227784e+01	1.734196498451297863e+00	2.169594066226887108e+00	-8.966027256914071986e-01	1.009644377178370522e+00	8.049811865940315059e-02	2.781409788413787831e-01	-7.225025286404016533e-01	-1.303968541085060162e-01	-3.351685745587341669e-01
-1.527735885246651115e+01	2.328740004494751492e-01	8.168836504237013685e-01	8.035292366475147441e-01	-1.045443202493085838e-01	-1.225927349941055233e+00	6.485369576280969328e-01	8.782839484472981795e-02	3.181652241272422271e-02	-3.394235371497327652e-02
-1.280748102596791149e+01	1.570112578169732487e+00	5.929266490173225046e-01	-1.483691670181111810e+00	-2.674148291984309589e-01	3.609062858699064180e-01	-4.615525518593487364e-01	2.525440662773087777e-02	1.145380518449550661e-01	-2.648003405423654186e-02
-1.414393810668592089e+01	1.489460103003902969e+00	2.181363758168175959e+00	2.158675780268352329e-01	1.254013339450932074e+00	3.083417943728923305e-01	-1.691978101876860374e-01	-3.540889800987037650e-01	8.538456085703185483e-01	1.173731252556274585e-01
-1.373425817122536152e+01	-3.915970532435055218e-01	1.863235462511123153e+00	-5.956377941631595396e-01	7.261247060484795623e-01	-6.053427987329706994e-02	-1.476294709053369125e+00	7.330228984236708545e-02	4.166717074433415324e-01	-6.221667774487082969e-01
-1.313578314781474710e+01	1.696973693188061905e+00	1.724729072085875670e+00	-1.125199759665287402e+00	9.998073013833770339e-01	3.409582557571529948e-01	5.191576442848865325e-01	-3.371433681274800254e-01	2.147390104213606765e-01	-2.301311727515665262e-01
-1.420036298062503555e+01	-2.425717004814619049e+00	1.269736082905118801e-01	6.268948621041723346e-01	1.852448553342305182e+00	-9.782154865635382945e-01	-2.396210429914788609e+00	-3.939800980349645876e-01	2.660512929212581201e-01	2.127832834637804205e-01
-1.564926604986311354e+01	3.701987690801512160e-02	8.833760430068310354e-01	2.432394508286801482e+00	-8.262072695186941651e-01	-3.246737550202047462e+00	2.536514617019056228e+00	4.964192868138818104e-01	1.512999925871631568e+00	-7.479337391515278322e-01
-1.334938145230656481e+01	-2.243836983519221562e+00	1.072359840435865408e+00	1.224172378250764914e-01	1.066049736341581067e+00	-2.070416335928855767e-01	-2.156291647554573476e+00	2.288247103495023305e-01	8.790305581048561967e-01	-7.031014983897035386e-02
-1.357731724582230193e+01	5.484296972262276970e-01	6.503757621254745436e-01	-1.501267414089336949e+00	1.966505109756168657e-01	6.708512921241093219e-01	-8.376176837858990976e-02	1.008501526645556728e-01	4.737465038214092594e-01	3.092394848763078685e-01
-1.361513033072713164e+01	-3.520603631062226013e-02	2.327390399171571644e-01	-3.686232105211478260e-01	1.159798610926195517e+00	3.969069152143272494e-01	-1.458734607215981527e-01	8.895856981344965053e-01	-4.006386238988954851e-01	-4.281415130894633547e-01
-1.454384990219055318e+01	1.169544871025569588e+00	1.274079592747025202e+00	3.961908132234605306e-02	1.578249154666212517e-01	6.034439980891040944e-01	-4.941510420628348887e-01	-6.698161234955183341e-01	4.146626226739670296e-01	2.484761313897160817e-01
-1.292669381975427356e+01	-6.342102845100204833e-01	3.821143771643449871e-01	-1.251284144355073735e+00	1.507365321798114777e-01	5.516828565317130062e-01	1.224931278383772498e-01	1.171504836171189945e-01	-5.512332453073469640e-01	-5.346891670044251477e-01
-1.384812254640328000e+01	8.046631569148593455e-01	1.102564991191280708e+00	-2.993554929689839494e-01	6.482658045415811143e-01	2.148973713688849263e-01	-3.322557060564313991e-01	-5.861871828614880625e-02	-6.737504136881760086e-01	-1.470985583163967603e-01
-1.354447486747760721e+01	1.668298442635815837e+00	1.337379894711311357e+00	-1.583859132983586271e+00	6.482197693600361132e-01	5.260120809344632775e-01	-5.458961658866556127e-02	-3.129277114887292766e-01	8.184349662506361645e-01	-3.962897995899871129e-01
-1.485498080412870081e+01	1.186907711534997745e+00	1.205674360337263273e+00	-5.091351963791609370e-01	5.640575757378575306e-01	4.599050985818226023e-02	-2.189022998436443157e-01	1.729602139303926533e-01	1.763920724835847942e-01	-2.834876908466445466e-01
-1.419364895522860515e+01	8.732197894145670158e-01	1.422158292920334466e+00	-4.337907727705535565e-01	1.000130577419181543e+00	3.350756492208287196e-02	-2.711950170673506633e-01	7.773315878688881186e-01	-6.133307628490777264e-01	-3.520476394550502430e-01
-1.375593505241045023e+01	-3.189741614668334946e-01	1.185266612990740320e+00	-8.028747320416735889e-01	9.491402136439359705e-01	4.854359692537080218e-01	-1.863904975190250057e-01	1.399867135483445768e+00	-2.863299793833155027e-01	-5.786448775623674878e-01
-1.371618591212921423e+01	2.639727568966164784e-01	1.745606216482160911e-01	-1.241913238726447988e+00	4.271599845407472035e-02	4.581465340600077707e-01	3.562172164362135268e-02	7.981101749064097028e-02	-3.856805891842540190e-01	-8.434244338519186757e-02
-1.407636009649662157e+01	-1.062145504562094667e+00	1.000649085680516803e+00	-3.782689115088302967e-01	5.635783777232805658e-01	1.595811651303603029e-01	-3.667088003827593257e-01	2.112083846005649301e-01	-4.213976967344914559e-01	-1.968986633833966216e-01
-1.436482423875578895e+01	-1.823810547105300328e+00	6.369218129075200352e-01	-3.559247894105063009e-02	1.278335643284238543e+00	6.520991660290890828e-03	-1.151006603088926106e+00	-2.387120173954708768e-01	7.575056325975104699e-02	1.870458036545494807e-01
-1.405344167078857787e+01	-1.172487897604359786e+00	7.158692766853862466e-01	-2.628675529033539515e-01	4.587421705642142911e-01	-1.333179102467146049e-01	-8.288165200248919229e-01	1.456389803649957293e-01	-3.299335857905600911e-01	-1.005876761935445146e-01
-1.395383556246020085e+01	5.121491605200625408e-01	3.807571217795690521e-01	-1.359566280417502604e+00	2.330838022924214548e-01	6.039616008747127340e-01	-1.617408644802647427e-02	9.372470895627331433e-02	8.238965260180548811e-02	-1.702221058076117122e-01
-1.381587429964267599e+01	-2.493547199562063277e+00	-1.224152671979834794e+00	4.335484226581556855e-01	2.023228226071987379e+00	3.012304946207108314e-01	1.020633201209266289e-01	-1.444075379903057454e+00	8.726548375518010658e-01	-3.439539015582095960e-01
-1.357873879601934064e+01	-1.863240285579596422e+00	3.706013304814165465e+00	-1.348336356228414301e+00	-6.328426386135311832e-01	1.284889688806688746e+00	7.714328516989855666e-01	-6.053603040078859854e-01	1.348296474306217296e-01	3.369097242092018440e-01
-1.365254845182655430e+01	-1.807460654991102367e-01	1.247727476156353932e+00	-4.454843406833074448e-01	4.939422714997098174e-01	-3.194556165882909138e-01	-1.099167967425853210e+00	5.550319579841609396e-01	-3.014382371298596763e-01	-5.537582988939715456e-01
-1.457332557321820765e+01	6.953965249714609831e-01	1.169897963481350001e+00	-3.365214978316101724e-01	1.085491203986323594e+00	2.527152891200747931e-01	2.718031666318646011e-01	5.613787551365426176e-02	-5.702732960831745634e-01	-3.388784072812874304e-01
-1.433434081754886336e+01	5.529070839012332206e-01	7.099767670976401268e-01	-6.728040032679021287e-01	1.519054970222142587e-01	4.078532198957176003e-01	3.652156469924396770e-02	-2.880061842998999921e-01	-9.403913596714504053e-02	1.536787253014607890e-01
-1.379215423768120807e+01	-6.847924234479142447e-01	1.361538169647422913e+00	-6.180833230770887976e-01	8.528891399700386788e-01	6.506326311280755670e-01	-1.431978281792958829e-01	1.523469462137746033e+00	-1.651506474694827142e-01	-4.387788356195627126e-01
-1.482766799037966088e+01	-1.015882992744740754e-01	4.074330640666578573e-01	-1.033473712777794207e+00	1.743856856857829707e-01	7.439873805618926195e-01	-6.132867808533670057e-02	2.285418022127926885e-01	3.258998010711160465e-01	5.003114680047439367e-02
-1.443061789560027819e+01	1.688439397056456792e-01	9.481406046735689763e-01	-4.204840101631132088e-01	6.814413144643940434e-01	6.733339869898126440e-02	-3.196940827721246881e-01	6.853445934426577457e-01	-4.706452500295654207e-01	-2.949686757247232394e-01
-1.479053007431776123e+01	-1.315510374912348457e+00	1.643001207653837170e+00	-6.864820038936358948e-01	1.601621589204007823e-01	8.856229783145528334e-01	4.591235963505444495e-01	-1.079112037993816692e-01	-2.554074868348057623e-02	-1.886030986106752849e-01
-1.505051383414796362e+01	1.165454125920472706e+00	1.055947078580256493e+00	1.707867720285079827e+00	2.613278265175122267e-02	1.481434694618235737e+00	-8.900677722191291386e-02	-1.339768054624353166e-01	-9.331354692517074279e-01	-4.746739677795114298e-01
-1.420098697142462107e+01	-7.368185044668656980e-02	7.269862235439559228e-01	-5.581563383940254530e-01	3.526446008453623659e-01	2.190196683345591866e-01	-2.068497942444238458e-01	1.448044326130513149e-01	-3.065871596476315575e-01	-2.143013089266566362e-01
-1.483772379066697056e+01	-1.310483566326050342e+00	8.021914509995651255e-01	2.952514111133853203e-01	1.021113569168662805e+00	-1.744017342636696444e-01	-1.181605639332374835e+00	-1.877793991634862381e-01	1.774231947639746260e-02	-1.191347224753483945e-02
-1.425708096595470842e+01	1.045457072614083271e+00	7.845418831773898205e-01	-8.825723026992733367e-01	2.121594703531512471e-01	3.153520667840835068e-01	-3.083701742091524700e-01	-2.695582760224102259e-01	3.546619739031923735e-01	1.694792654585770553e-01
-1.462262079027539485e+01	4.912991122112722597e-01	7.670383662888978771e-01	-9.535624836182252650e-01	1.304354210048887797e-01	6.222552874086447749e-01	-2.026234227438486191e-01	-5.159074437039111727e-01	3.292048090329229848e-01	3.469163815140743901e-01
-1.414974456388043222e+01	-5.445854218048593598e-01	2.315745172199150659e+00	-1.179761032673207088e+00	2.058079994474821539e-01	6.780824374870138005e-01	6.416456553618065106e-01	-3.886238438760811764e-01	-6.411854075336110848e-01	-4.479644447039679012e-01
-1.566292589021121806e+01	4.003181361115656922e-01	1.273397009035772909e+00	4.096627570771050886e-01	7.433887228064953168e-02	5.063665832017353319e-01	1.023871295409331666e-01	-2.358764549764324758e-01	-2.481638543378122952e-01	8.157911625877829753e-02
-1.482247758727755382e+01	8.898017633218017197e-01	9.227003035371478257e-01	-6.158702181856633429e-01	2.854231491939028253e-01	1.674661762609780391e-01	-4.312344482251563860e-01	-6.650388242795253202e-01	8.200135412041920091e-02	2.185963729678779555e-01
-1.437671007238492038e+01	1.105461827188876311e+00	8.297322239692878076e-01	-3.992814104882865811e-01	1.528613173919496915e-01	2.116948958655998358e-01	-2.399659438998314742e-01	-2.433854941448519160e-01	-1.181657974151442275e-01	7.847452245218899947e-02
-1.486221987900049157e+01	1.019075823217185484e+00	1.058600086493569181e+00	-6.497052944071621816e-01	5.391421855421515419e-01	1.405388549892964134e-01	-3.255499074352811717e-01	1.420015382958693673e-01	4.910860830619581674e-02	-2.502776401260868866e-01
-1.453990132591246365e+01	-1.568169551951909657e+00	7.143876197706409137e-01	-2.682895792699842019e-01	6.506642525077231953e-01	5.032260991836269293e-01	-1.521886545185917872e-01	1.206497391187310864e-01	2.525826535381126003e-01	-2.158798084283910512e-01
-1.393836655600466301e+01	8.349633466981449814e-01	8.565162246283059000e-01	-4.827955286735244878e-01	8.362556725499742383e-01	-2.936688366842062081e-02	-8.479531855023306197e-02	7.058810737998417739e-01	-5.625989026467778098e-01	-4.175751724424210942e-01
-1.505082212845416656e+01	-2.022951616903108096e+00	3.015521208266779052e+00	-1.409392224385428993e-01	-2.287945812808833690e-02	6.864753970389058102e-01	3.457804652452018401e-01	-2.695990173695048120e-01	2.544462232740829152e-02	4.798122647945016750e-01
-1.443322066049895724e+01	-1.573435703083880463e-02	4.530728611347662471e-01	-1.007761106506031901e+00	1.274346417543857912e-01	9.552778353714682646e-01	1.958252624463603098e-01	7.960873889602174125e-02	3.506593313277394097e-01	2.727239716399535996e-01
-1.461946949141155194e+01	-1.213798094639036984e+00	1.898180579642063881e+00	-5.345669844878362387e-01	7.538721554685623438e-01	4.306566974935818193e-01	-1.309529793859590726e-03	-5.560718158770191349e-02	-4.029489546015697643e-01	-5.950241683793617842e-01
-1.417379025881737853e+01	-2.514445826072667090e-01	3.323403777797865888e-01	-1.433931190992248528e+00	4.698880515565921345e-01	1.203168549006667032e+00	3.895206093003250047e-01	1.163836273283800571e+00	3.684467107113640338e-01	-4.532700554678905647e-01
-1.475888244442867858e+01	-5.273871381407910786e-01	1.642776777288365020e+00	-7.014809077832113715e-01	6.635511203043512607e-01	5.913944234086756513e-01	3.947208873671015916e-01	-9.003708927573481069e-02	-5.838200953750241062e-01	-2.870727191176160042e-01
-1.467669979549102521e+01	-1.202698961077930395e+00	5.584837284505174138e-01	1.378801382993507518e-01	1.909765447112729886e+00	6.790781590286998348e-01	5.699032712634374276e-01	-2.700825634624844929e-01	1.508321079938096387e-01	-1.421341394895131727e-01
-1.504553375770513490e+01	7.638165708456777780e-01	1.174489075230550128e+00	1.532192099178338651e+00	-7.141263156733389239e-02	1.769705552451292574e+00	-4.146286362030116579e-01	5.306576392717778090e-02	-6.838374027283222745e-01	-5.771918552996618823e-01
-1.420334873647428253e+01	-4.253147384241950935e-02	8.471261277398015599e-01	-5.609929479885231718e-01	5.064701302412633055e-01	-8.330868416239063656e-02	-6.589434874492990923e-01	6.987056231175066134e-01	-2.903767027288594038e-01	-4.799036014698065955e-01
-1.498029930343835581e+01	1.313986030874786826e+00	1.895971574313819019e+00	-3.696512985743381774e-02	5.831132769191055276e-01	5.200119695520272201e-01	-4.899629137021604408e-01	-9.165536415524774272e-01	7.793495124647485950e-01	-5.443238099045545342e-01
-1.490184337372536660e+01	9.341623540437531403e-01	1.767278286646235319e+00	-8.140184149663792779e-01	1.307481519422800886e+00	1.436851321048080443e-01	7.044530754187472432e-02	-5.736562257903414785e-01	2.551031898068363557e-02	-2.409593504598825375e-01
-1.432315521268728986e+01	7.308493268198130721e-01	6.244305058180277257e-01	-7.511609497965214821e-01	1.148772561203161291e-01	3.792648732660207078e-01	-2.666835317336903044e-01	1.958432358009819241e-01	-9.678732293061845238e-02	2.363809030581872847e-02
-1.455152846463654193e+01	-7.508694959649515610e-01	1.245581424732127074e+00	-3.640549888048967286e-01	4.281346746959552307e-01	1.112286717656012086e-01	-1.025395639796185643e+00	-2.164154015258736574e-01	2.266391048547101994e-01	-1.660770978704195489e-01
-1.482358696317911750e+01	9.146208755097340326e-01	1.196647476265469301e+00	-4.800399007942161567e-01	2.977246693924010534e-01	1.349256670903941357e-01	-3.813445622229905685e-01	6.310709252469642871e-02	5.215187139991115522e-02	-2.456318016105336066e-01
-1.464210277685552164e+01	1.033822950142095243e+00	1.101140652597626168e+00	-9.296828161826136139e-01	3.352814658196540121e-01	2.655854181567520733e-01	-4.925839528894037089e-01	-1.433357919735337577e-02	1.637066249114643990e-01	-2.522925111314458513e-01
-1.509799035374470577e+01	7.424916126872257438e-01	1.144419115526338793e+00	-7.864748838263547759e-01	4.625230799520489433e-01	3.097804189134954478e-01	-3.862202967003905418e-01	3.819794863704464305e-01	1.868282027244114463e-01	-4.770490094555047134e-01
-1.466704028344669908e+01	1.094097479963059172e+00	1.610608983646791614e+00	-8.923912547927162486e-02	1.004150057492069426e+00	1.732501102196117027e-01	-7.555632037978596283e-02	-3.054821347500857875e-01	4.638357479276844497e-02	-1.970379624103435479e-01
-1.535245418940772133e+01	7.588959462552647972e-01	1.924832344608239376e+00	-4.769289725612731456e-01	1.179604110692850316e+00	1.209093218457870239e-01	-1.632646776327699445e-01	-2.082788106997244815e-01	3.785582703856503473e-02	-6.528540642134292860e-01
-1.558423838526682914e+01	1.039438028574570350e+00	1.474762111812039977e+00	2.005699216721187117e+00	1.543010359082977179e-01	2.070400084164901955e+00	-3.587319903812480892e-01	-1.184096537355300710e-01	-3.837996965010957995e-01	-7.531468561867802336e-01
-1.444844633813570844e+01	-1.567370868882893786e+00	9.319542802597932107e-01	1.638048221176079677e-01	9.155167122118618162e-01	-4.174449529849293961e-01	-1.089949261093246857e+00	-1.417979593720490872e-01	-1.424221550743939683e-02	8.528055268594977867e-02
-1.456768489396099220e+01	-1.202208448936220808e+00	6.752927043723849776e-01	-2.072175764346032290e-01	7.219314379951883298e-01	3.437384240688324266e-01	-1.332862733136133959e-01	-1.207093928543439415e-01	-2.689522624792783367e-01	-1.667497731013327378e-01
-1.477645034686178072e+01	5.955175962304221082e-01	1.347788535440256563e+00	-6.599897588401610893e-01	9.495856080770713747e-01	2.513422219952700654e-01	1.032352225298328735e-01	7.055744682033570081e-01	-3.764903239791129730e-01	-4.672300098665206902e-01
-1.388236695709652402e+01	1.473530224784702159e-03	1.049464360100561766e+00	-5.645248295757331336e-01	5.205269424966921799e-01	-1.557266878884319139e-01	-7.330519351531523675e-01	8.390884829395133249e-01	-6.022857110263392100e-01	-3.591000321479684287e-01
-1.500365634091716061e+01	-1.365122459273953925e+00	7.808720474753547691e-01	7.789386319743288323e-02	1.327079983885203207e+00	-1.143450367614451263e-01	-1.146160814946122208e+00	-2.620923918343138204e-01	4.149151316687036545e-02	-7.998717974710040091e-02
-1.519666042160626951e+01	-9.240722511809008610e-01	1.421272988629010525e+00	-2.941986230484120446e-01	1.084241043766918322e+00	4.117854582187530643e-01	-5.563040722844417862e-01	5.296151510739141033e-01	3.392688856460777669e-01	-3.183082155012736392e-01
-1.462676551478769937e+01	-2.897913876598393834e+00	-1.045508000154177664e+00	5.538446440853050934e-01	2.518478440160807352e+00	1.000108802035211575e+00	1.143299476943559823e+00	-1.714647341856916585e+00	1.274675423187347167e+00	-7.272858367002704716e-01
-1.599787592749999732e+01	1.917434394841509571e-01	1.141161946351023859e+00	6.344335469812593109e-01	1.109161638609140188e-01	-6.859161381988085893e-01	9.159904890943596500e-01	1.594127677143202526e-01	3.776745665180054612e-01	-1.798273813976437874e-01
-1.452358336815828643e+01	-1.807765164841423633e-01	1.745473666493708720e+00	-7.373704201436961370e-01	1.334039349382345196e-01	3.177878588556148909e-01	1.076375998921458715e-01	-5.442017173566092714e-01	-6.620119205549231944e-01	-4.923430142639911855e-01
-1.444070142418642888e+01	-9.936085395694901345e-01	6.453048235035178104e-01	-7.279706020864141758e-01	4.735015858295076874e-01	6.628041718587230902e-01	-1.806831628741440432e-01	4.529653859836102470e-01	-3.077347533355931711e-02	-2.118602072360855904e-01
-1.465499507318367201e+01	-2.194122402086870482e-01	1.128931047591053449e+00	-3.835673680750163461e-01	4.432468981513382755e-01	2.769387626596955809e-01	-1.007056332547640598e-01	1.388658169851867685e-01	-3.796990374812242997e-01	-1.529841177259744778e-01
-1.483017227351656686e+01	-1.642417308869909887e+00	2.064955580343381669e+00	-1.465936299813266896e-01	7.294365851658782818e-01	3.388540909852144623e-01	-5.897585394471109854e-01	-4.640005599496892508e-01	3.176774546311213476e-01	-4.575883765317870777e-01
-1.464922832985605261e+01	-1.992536888763892566e+00	1.083401493930685522e+00	1.670360891239181245e-01	1.054263228436461697e+00	-2.230752333698360623e-01	-1.608418533910038084e+00	5.431762891985074393e-02	3.712326209417805556e-01	-2.709239836736807017e-01
-1.452151767906271473e+01	4.882823120995818944e-01	8.835197448550873300e-01	-1.212483379809858430e+00	3.420389695528694984e-01	6.403689322198525824e-01	2.451408151960266513e-01	2.546019997149511216e-01	1.559644842845224755e-01	-5.928905485599088310e-02
-1.511564018527504771e+01	-4.555116507031263251e-01	2.061056091041734373e+00	-6.754597328791737965e-02	5.256315324735515437e-01	9.273110118414412684e-02	-7.467816123941185547e-01	-1.068620339900985955e-01	1.576614259398875090e-02	-5.621645632941468795e-01
-1.530708746254403252e+01	-5.788210153618656983e-01	1.685570892865207782e+00	-4.100631548016753780e-01	7.452018109438868221e-01	2.920524689995354639e-01	-1.970812099460027556e-01	-2.101502917012091354e-01	-2.356657554685895051e-01	-6.535731806102550445e-01
-1.489544193996601607e+01	4.142925877737726470e-01	1.114854265915296239e+00	-7.190895449543227569e-01	4.725682886599043564e-01	2.961274037156380046e-01	-3.418497845813378566e-01	-3.593364489155736474e-01	3.161556851989292399e-02	-1.060460469999243704e-01
-1.486633892874636764e+01	1.130988747259527472e+00	1.600183312291031834e+00	-5.994311866030016533e-01	1.225504708291073719e+00	-7.819033180235570799e-03	-2.507420090685248959e-01	-5.002522028272277099e-01	-5.293311008855875605e-02	-9.679069024095406093e-02
-1.482221144775410338e+01	-1.656908457024506509e+00	4.656397251884533683e-01	3.174369229351945987e-01	1.461764898562492254e+00	-3.544145751871224936e-01	-8.180856754312980650e-01	-2.386245042167983721e-01	1.315720643609089857e-01	-1.029548477924836225e-01
-1.481652490695084623e+01	-4.115406149521718127e-01	6.923173175864725248e-01	-2.629234823178380753e-01	8.187934990303847860e-01	1.628858839776934908e-01	-8.518666874505084197e-01	-7.348501787257308293e-02	-1.898722153409401758e-02	-3.929594547206477495e-01
-1.474762657984958025e+01	8.879196449337588282e-02	1.311148818726692422e+00	-9.646454090016082228e-01	7.537469502884486250e-01	6.108950076890012904e-01	-2.052316468624597046e-01	9.504568133459041501e-01	4.820532495637161463e-01	-4.465366459836525581e-01
-1.451391924638889108e+01	-1.493247543932094246e+00	4.708691803623681338e-01	3.503624700484485599e-01	1.104228514961668850e+00	-4.980173736451809496e-01	-9.285312011108318719e-01	-3.198245329172629825e-01	-5.671470238905032546e-02	-9.171171713173420156e-03
-1.487642782507978367e+01	1.111455622347946592e+00	1.327799230461380597e+00	-4.151748504120461591e-01	7.122251021330975318e-01	9.871142552394993053e-02	-2.071325137168697761e-01	4.416314600374817156e-01	-1.551802029369131648e-02	-4.706387900827941895e-01
-1.470344616887674860e+01	2.065385801125273202e-01	1.232426318906278073e+00	-4.105041165018619709e-01	6.965488631641875150e-01	1.346449763281638012e-01	-2.532343256623015848e-01	7.576192336375549008e-01	-5.484341150163789536e-01	-6.171231996024112432e-01
-1.492892208435106660e+01	6.520698544222884585e-02	1.489142928014821621e+00	-4.461654596944113482e-01	8.277558234642847790e-01	3.790244481207519223e-01	6.753642416658665881e-02	7.109607320572213229e-01	-2.168503636954560443e-01	-6.365421447391762522e-01
-1.519475170262654729e+01	-6.097939200735970067e-01	1.558676856505650576e+00	-3.170316651007598630e-02	8.023456886842619262e-01	1.163053292082047580e-01	-5.237931300748278618e-01	-2.473873970331694205e-01	1.770836667938623446e-02	7.361759336051073091e-03
-1.526160039000136770e+01	6.458068261309486413e-01	1.640444529276495977e+00	-7.329084245180210733e-01	9.638851187053180114e-01	2.381956212334027378e-01	2.484027536650525170e-02	-6.615566849300065222e-01	-1.273044348142737259e-01	-6.747048314846353367e-01
-1.499079842444991684e+01	-1.984642919164606445e-01	1.036538619208757339e+00	-4.565217160006787012e-01	3.008284305114338752e-01	3.401300585422767364e-01	2.350295472679431261e-03	3.842240931898669148e-03	-3.138725535216058682e-01	-8.770177868095047069e-02
-1.460003883122621460e+01	-8.018000400739221378e-01	6.037545887712871817e-01	-1.459542137642771409e-01	1.164262272902271578e+00	6.041747860638110312e-01	2.636161045326394503e-01	-2.412159376712013359e-01	3.233023445061511403e-01	-5.619776391056174880e-01
-1.420757297787552886e+01	1.253820079955763944e+00	6.483103513447858735e-01	-9.700627608921068568e-01	2.930912135384844963e-01	1.787417627926713715e-01	-6.408881263723562594e-01	2.587926066498183464e-01	-7.962485177923516247e-03	-3.508017140770279263e-01
-1.537963719726169565e+01	4.902676680634585060e-01	1.622626985126120580e+00	-4.732411479438618507e-01	1.007300905314880035e+00	9.782673660685195505e-02	-3.439163368712810920e-01	-2.438440311157060447e-01	-5.771664871966186716e-02	-4.751415892887907444e-01
-1.494022098914303776e+01	1.286937473773194007e+00	1.592120742416888168e+00	-1.551449653190136724e-01	1.127287985760079936e+00	8.262178072721790278e-02	-1.510423919145680027e-02	-6.009759520081185968e-01	3.589097827143651331e-01	-4.528806534097195580e-01
-1.469755246725391729e+01	7.448506773818945881e-01	1.266222548457046404e+00	-5.013627697874966094e-01	9.349809834352859061e-01	1.935818268175633905e-01	-3.952250434117254296e-01	1.044283330804909760e+00	6.624671326806580440e-02	-6.881516881699347721e-01
-1.478749169103335603e+01	-5.304856339479514515e-01	3.644445639357569294e-02	-6.006829949818563996e-01	1.010323668160048483e+00	1.038493339278925953e+00	5.374778798416468550e-01	-3.302205400792214141e-01	4.685990231091166081e-01	-1.608936066107732321e-01
-1.520755051731922691e+01	9.363060376577406752e-01	1.495422135981965051e+00	-5.827078140228062475e-01	9.353689295088901678e-01	1.223911999035198900e-01	-1.886684071067422364e-02	-1.771865945966758782e-01	-7.786784562301099499e-02	-2.732328945740210568e-01
-1.500699346438129389e+01	1.096409897757474328e+00	1.442374883912613592e+00	1.458730555983356048e-01	6.139522789187307206e-01	1.562981404530221774e-01	-2.883117914464162213e-01	-3.799679759143574920e-01	-1.137469963316382060e-01	-3.507738870922734731e-01
-1.503073047007359264e+01	-1.049583310931806235e+00	7.013839707765592291e-01	-1.015144250596328318e-01	1.596937997837630352e+00	4.404878673942654310e-01	1.787797071653916782e-03	-3.773258306084202318e-01	5.449591784509230097e-01	-5.586005970221303851e-01
-1.509822973066915175e+01	2.434136112291376136e-02	1.609782279312454767e+00	-6.368747440123401216e-01	1.081386338622401411e+00	5.429577925401249949e-01	-7.662199717957020317e-02	6.402618905556912710e-01	2.202631035502890799e-01	-5.673232384563996478e-01
-1.490700026143802503e+01	1.273181787245653229e+00	1.421224269534609563e+00	-6.735513645544911610e-01	9.956189395395705910e-01	1.629139710806848385e-01	-1.445822396741198446e-01	-9.410454098568522829e-02	-5.594956457569939812e-02	-3.956333691138300135e-01
