369
9.703542709350586 13.72722053527832
14.141802787780762 16.637943267822266
28.392959594726562 15.154271125793457
15.438047409057617 17.069467544555664
9.722052574157715 13.747653007507324
27.858095169067383 12.42900276184082
14.574847221374512 16.088817596435547
15.581890106201172 16.703655242919922
23.52107810974121 12.35154914855957
15.601879119873047 16.303531646728516
13.431639671325684 14.87918758392334
16.07887077331543 17.026308059692383
26.73245620727539 13.998897552490234
25.929000854492188 14.286558151245117
23.576885223388672 11.702905654907227
27.0483341217041 13.096563339233398
16.74551773071289 16.334842681884766
17.780078887939453 15.482752799987793
16.776535034179688 16.170503616333008
15.055131912231445 14.633551597595215
23.663740158081055 11.281291007995605
28.914331436157227 11.743782997131348
24.89832305908203 14.805377006530762
5.73323917388916 -0.5084437727928162
28.432191848754883 16.585693359375
27.438711166381836 14.83032512664795
27.83610725402832 16.409910202026367
22.85236358642578 12.244202613830566
15.160955429077148 15.104476928710938
16.682682037353516 15.673288345336914
19.523590087890625 16.802032470703125
26.60803985595703 24.976680755615234
25.46661376953125 25.052316665649414
21.77604866027832 14.200467109680176
28.10274314880371 12.794264793395996
19.88581657409668 14.807973861694336
26.05687141418457 24.77812385559082
13.445356369018555 14.480072975158691
15.119643211364746 14.615771293640137
28.599390029907227 11.984341621398926
15.946532249450684 14.638364791870117
27.515586853027344 16.928905487060547
14.679401397705078 13.550086975097656
28.985103607177734 11.896865844726562
21.809293746948242 16.637149810791016
25.099533081054688 15.978240013122559
-3.953472375869751 5.10394811630249
26.966522216796875 24.545331954956055
-3.9289751052856445 5.143767356872559
23.722553253173828 15.193857192993164
25.1907901763916 24.50461769104004
21.826343536376953 16.277156829833984
26.619735717773438 15.842448234558105
27.287813186645508 18.01453971862793
12.633386611938477 10.284421920776367
21.40037727355957 16.414892196655273
26.177560806274414 24.019216537475586
12.6463041305542 9.529348373413086
26.945547103881836 23.931415557861328
22.510522842407227 16.86721420288086
28.080930709838867 17.78054428100586
5.270091533660889 -0.715454638004303
18.854230880737305 4.3586015701293945
17.298490524291992 4.167809963226318
28.916791915893555 12.288802146911621
25.9635066986084 23.17693519592285
23.93631935119629 16.495197296142578
24.998504638671875 23.584409713745117
15.123237609863281 12.600004196166992
26.865386962890625 23.392534255981445
14.072639465332031 10.499723434448242
22.413360595703125 15.918367385864258
26.340877532958984 23.686927795410156
23.117671966552734 11.689709663391113
20.025501251220703 4.96053409576416
25.95191764831543 17.08501434326172
18.6474609375 8.41649055480957
24.903390884399414 17.421031951904297
14.64100456237793 7.27285623550415
23.67123794555664 16.0042781829834
14.579042434692383 11.706120491027832
18.380678176879883 3.920924186706543
27.17417335510254 22.843761444091797
20.221115112304688 14.263472557067871
19.383949279785156 4.328228950500488
21.582759857177734 15.247482299804688
14.625741958618164 10.92170238494873
26.862499237060547 18.268596649169922
18.679685592651367 4.927298545837402
13.925928115844727 10.003752708435059
24.590248107910156 18.795608520507812
19.637422561645508 4.901644706726074
25.092832565307617 22.59091567993164
23.89414405822754 22.67900848388672
24.960433959960938 19.240821838378906
19.20819664001465 5.253445625305176
27.41385841369629 23.75127410888672
13.97537612915039 8.973371505737305
26.154787063598633 17.558942794799805
14.89752197265625 8.9082612991333
14.728069305419922 9.919171333312988
15.108267784118652 10.375414848327637
14.002227783203125 7.388099670410156
21.360095977783203 15.448691368103027
18.695959091186523 5.262670993804932
26.65378189086914 18.851459503173828
13.781734466552734 8.374332427978516
24.911949157714844 23.317441940307617
14.995511054992676 8.21253490447998
14.445934295654297 8.082603454589844
24.80366325378418 17.270875930786133
13.347264289855957 11.345311164855957
12.409728050231934 11.822287559509277
26.509740829467773 22.646331787109375
15.149188041687012 5.365983486175537
0.5190329551696777 3.006716012954712
16.30310821533203 5.520492076873779
26.570491790771484 17.46249008178711
14.523178100585938 9.455061912536621
28.37332534790039 22.242225646972656
24.3644962310791 22.715883255004883
15.27427864074707 9.360235214233398
16.034534454345703 9.212430953979492
24.00499153137207 17.239866256713867
15.298880577087402 4.8268232345581055
1.2179956436157227 2.766575813293457
27.61458969116211 21.98048210144043
16.02667999267578 7.525424003601074
16.089536666870117 6.035723686218262
14.810690879821777 6.782364368438721
25.08376693725586 18.78944206237793
15.713946342468262 5.577392578125
15.734858512878418 10.168985366821289
-4.4679670333862305 3.850395441055298
27.400930404663086 20.01442527770996
16.335954666137695 9.514059066772461
15.715243339538574 7.013296127319336
-0.21061928570270538 2.0642189979553223
0.9708127379417419 2.923640727996826
16.275545120239258 6.436043739318848
16.643779754638672 8.343544006347656
27.894689559936523 19.924510955810547
15.730537414550781 8.415596008300781
16.56139373779297 7.188957214355469
-4.974174499511719 3.5020508766174316
27.268571853637695 19.783052444458008
24.632951736450195 22.28981590270996
1.2295806407928467 2.728691339492798
18.852109909057617 6.274247646331787
-4.9867634773254395 3.5403714179992676
16.973840713500977 7.8992743492126465
-25.709314346313477 -10.534381866455078
18.12807273864746 6.901630401611328
-24.96470832824707 -10.360614776611328
-0.5083169341087341 1.8381197452545166
-2.6675117015838623 0.16692966222763062
-24.69698143005371 -3.728684663772583
-1.0032223463058472 1.166185975074768
-5.597878932952881 1.619101881980896
-27.163110733032227 -10.18988037109375
-4.273987293243408 -21.577146530151367
-3.26814341545105 0.5254523754119873
-23.092205047607422 -9.44476318359375
-1.338063359260559 -1.1465048789978027
-23.765914916992188 -14.881697654724121
-25.607711791992188 -7.156938076019287
-1.2581524848937988 0.21667051315307617
-4.465085506439209 1.7161341905593872
-23.50666046142578 -8.791593551635742
0.11931057274341583 -5.275525093078613
-8.584471702575684 2.025378465652466
-4.85598087310791 1.0510607957839966
-24.210763931274414 -10.173452377319336
-1.5734570026397705 -1.4982726573944092
-9.250234603881836 2.794440269470215
-3.515172243118286 0.17992547154426575
-8.809618949890137 -17.908227920532227
-9.33044147491455 2.2914016246795654
-9.771305084228516 2.0990631580352783
-9.585634231567383 1.941649317741394
-8.918607711791992 1.6574409008026123
-2.181229829788208 -4.332618713378906
-2.8525264263153076 -0.5726000070571899
-23.82135772705078 -4.443093776702881
-4.850316524505615 -4.871291637420654
-7.931196689605713 1.7435559034347534
-14.41171932220459 -17.50054359436035
-23.445844650268555 -4.421730995178223
-23.190750122070312 -4.862330913543701
-9.848328590393066 0.7735298871994019
-3.4294700622558594 -2.452096462249756
0.01608424074947834 -5.4436140060424805
-10.109353065490723 -9.132034301757812
-3.3977270126342773 -2.8950858116149902
-2.577253818511963 -6.389870643615723
-3.8735640048980713 -6.156556129455566
-2.3859264850616455 -4.791680335998535
-9.662126541137695 0.8764231204986572
-19.9713191986084 -14.47335147857666
-9.627087593078613 1.2588388919830322
-6.378255844116211 -20.820972442626953
-4.571242332458496 -7.959718704223633
-4.390852928161621 -2.4980762004852295
-22.476173400878906 -4.554324626922607
-27.766273498535156 -10.081440925598145
-12.456079483032227 -10.731196403503418
-4.367123126983643 -6.71078634262085
-7.80582332611084 -11.732467651367188
-26.680675506591797 -11.664630889892578
-5.316450119018555 -7.121174335479736
-4.819147109985352 -2.932245969772339
-11.698781967163086 -2.5791311264038086
-5.353077411651611 -8.220541000366211
-5.512092590332031 -8.9644136428833
-4.656272888183594 -8.994325637817383
-3.974977493286133 -3.016183614730835
-4.3007965087890625 -3.444183588027954
-4.7540974617004395 -9.895859718322754
-4.723742961883545 -21.604345321655273
-4.2296366691589355 -3.641040086746216
-24.689640045166016 -15.47761058807373
-2.261305809020996 -8.869194030761719
-7.286922931671143 -20.533374786376953
-26.409799575805664 -9.062573432922363
-2.017637252807617 -6.9701666831970215
-17.466882705688477 -11.448432922363281
-5.350326061248779 -5.971494674682617
-24.796781539916992 -8.100753784179688
-25.999107360839844 -9.037190437316895
-2.2363760471343994 -7.401885986328125
-23.682138442993164 -3.7762680053710938
-22.66434669494629 -4.111176013946533
-5.089129447937012 -21.587663650512695
-3.575063467025757 -6.441202163696289
-2.4728291034698486 -8.978915214538574
-5.528365135192871 -21.89580535888672
-23.34210968017578 -3.786980390548706
-10.464640617370605 -6.292939186096191
-5.965078830718994 -7.659864902496338
-24.48262596130371 -13.610799789428711
-23.99970817565918 -10.714523315429688
-8.56204891204834 -6.361827850341797
-4.997690677642822 -16.29285430908203
-23.938129425048828 -15.367667198181152
-6.792680740356445 -7.496452331542969
-3.0866994857788086 -8.044617652893066
-14.39370059967041 -18.768884658813477
-5.000909328460693 -12.153260231018066
-5.548697471618652 -16.194700241088867
-23.357341766357422 -7.4409589767456055
-23.849618911743164 -15.397747993469238
-10.786208152770996 -6.118748664855957
-5.762691497802734 -13.203352928161621
-9.972460746765137 -7.641621112823486
-23.09624671936035 -11.829450607299805
-9.848230361938477 -16.30832290649414
-21.594619750976562 -12.111495971679688
-24.35250473022461 -13.493037223815918
-4.863650321960449 -16.582077026367188
-4.906392574310303 -16.214399337768555
-5.973787784576416 -13.111166000366211
-12.953615188598633 -12.859623908996582
-3.8659684658050537 -12.426979064941406
-6.240497589111328 -13.485833168029785
-7.492468357086182 -20.657922744750977
-23.095918655395508 -11.797146797180176
-13.842062950134277 -8.827345848083496
-4.032147407531738 -11.676373481750488
-3.922971487045288 -12.99294376373291
-12.541807174682617 -3.0206351280212402
-6.1704421043396 -9.170458793640137
-6.967401504516602 -16.955472946166992
-21.322439193725586 -12.208292961120605
-4.2716803550720215 -12.622689247131348
-22.558574676513672 -8.451236724853516
-10.500351905822754 1.5910953283309937
-23.275100708007812 -10.225682258605957
-9.239957809448242 -9.592357635498047
-13.291166305541992 -9.841560363769531
-8.004840850830078 -15.471920013427734
-8.355356216430664 -7.7822957038879395
-11.320632934570312 -12.344588279724121
-4.934298992156982 -13.469170570373535
-10.130831718444824 -15.069206237792969
-12.462215423583984 -12.854331970214844
-14.00267505645752 -9.156006813049316
-8.76038932800293 -9.261534690856934
-18.664262771606445 -10.584301948547363
-21.444284439086914 -9.23569393157959
-19.565690994262695 -10.427324295043945
-9.219014167785645 -10.016239166259766
-21.713905334472656 -5.681951522827148
-23.083423614501953 -15.385448455810547
-14.59293270111084 -10.741204261779785
-12.326638221740723 -14.991142272949219
-9.59160327911377 -11.850188255310059
-14.274736404418945 -8.921524047851562
-10.832571029663086 -10.159685134887695
-13.938404083251953 -12.233530044555664
-19.291669845581055 -14.750286102294922
-7.280573844909668 -21.74481773376465
-15.0360746383667 -11.941075325012207
-20.663015365600586 -9.809745788574219
-8.839923858642578 -12.55716609954834
-9.379229545593262 -11.49781322479248
-18.092863082885742 -15.489243507385254
-14.200335502624512 -17.428634643554688
-8.798304557800293 -14.09488296508789
-8.984106063842773 -13.094643592834473
-10.250919342041016 -14.547195434570312
-18.60627555847168 -9.77914047241211
-12.350831985473633 -12.062490463256836
-21.01258659362793 -15.062387466430664
-10.45536994934082 -9.912688255310059
-18.7955379486084 -14.126802444458008
-11.68911361694336 -8.685656547546387
-17.76315689086914 -14.610334396362305
-18.34084701538086 -8.098950386047363
-7.372248649597168 -21.860942840576172
-14.187740325927734 -11.420402526855469
-7.978364944458008 -16.955007553100586
-10.452625274658203 -17.583261489868164
-9.67216682434082 -12.17939281463623
-19.571475982666016 -11.635969161987305
-9.94363021850586 -14.456193923950195
-9.476778984069824 -13.847940444946289
-11.101262092590332 -14.370993614196777
-9.381698608398438 -16.770261764526367
-11.355568885803223 -17.205646514892578
-7.433664321899414 -21.985219955444336
-21.090587615966797 -9.86375617980957
-18.562496185302734 -10.076340675354004
-13.075697898864746 -14.220454216003418
-13.924551963806152 -11.024157524108887
-20.466739654541016 -9.424555778503418
-18.16075325012207 -12.118922233581543
-21.609228134155273 -5.466029167175293
-12.799934387207031 -3.20914626121521
-17.504568099975586 -15.10120964050293
-17.559404373168945 -10.187339782714844
-15.952926635742188 -12.845314979553223
-20.03877067565918 -13.057726860046387
-21.797517776489258 -9.892894744873047
-10.105481147766113 -10.785501480102539
-18.479707717895508 -13.075533866882324
-17.90983009338379 -13.415902137756348
-10.2763671875 -13.633892059326172
-10.133204460144043 -17.066513061523438
-20.756032943725586 -8.747286796569824
-18.915119171142578 -11.451939582824707
-14.181221008300781 -14.53690242767334
-20.95781707763672 -9.013534545898438
-11.096491813659668 -15.085149765014648
-13.967302322387695 -13.079289436340332
-14.375492095947266 -13.967395782470703
-18.418577194213867 -12.640868186950684
-11.293660163879395 -17.611553192138672
-16.134672164916992 -13.132561683654785
-17.900863647460938 -8.707026481628418
-8.048969268798828 -13.044048309326172
-11.73013973236084 -16.86996078491211
-9.256497383117676 -17.194135665893555
-12.955375671386719 -13.733235359191895
-17.160255432128906 -8.234947204589844
-10.920148849487305 -16.460054397583008
-9.159512519836426 -16.20307159423828
-18.359882354736328 -8.586575508117676
-14.55532455444336 -14.569754600524902
-10.436946868896484 -16.026248931884766
