4
7
1
4
1
7
4
1
1
1
1
1
1
4
1
1
4
1
1
1
1
1
4
4
4
4
4
4
1
1
1
1
4
4
4
4
1
4
7
1
4
1
4
1
4
1
4
0
4
0
1
4
1
4
4
1
1
4
7
4
1
4
0
7
7
4
4
4
4
1
4
7
4
4
1
7
4
7
4
7
1
7
7
4
1
7
4
7
4
7
7
4
7
4
4
4
7
4
7
4
7
7
7
7
1
7
4
7
4
7
7
4
7
7
4
7
0
7
4
7
4
4
7
7
4
7
0
4
7
7
7
4
7
7
0
4
7
7
0
0
7
7
4
7
7
0
4
4
0
7
0
7
5
7
3
0
0
3
0
0
5
6
0
5
0
5
5
0
0
5
0
2
0
5
0
2
0
2
3
3
3
3
0
0
3
0
0
3
3
3
3
0
0
3
0
0
0
0
2
5
3
6
0
6
3
2
2
0
2
5
0
6
2
0
0
0
0
6
0
0
6
5
6
2
5
2
3
6
5
5
6
3
3
0
0
6
6
3
3
2
5
5
2
6
5
2
6
3
6
6
5
5
3
6
2
5
2
2
5
6
6
6
6
6
6
0
5
2
6
6
3
6
6
2
6
5
3
5
2
2
6
2
2
6
6
2
2
2
3
5
5
2
3
5
2
2
2
2
5
2
5
0
2
5
6
2
2
2
2
6
2
5
2
5
5
5
2
2
5
6
2
6
6
2
5
2
2
2
6
6
6
5
5
2
2
5
5
3
3
2
5
3
5
5
2
2
5
6
6
5
5
2
5
2
2
2
5
6
3
3
2
6
6
2
5
6
6
3
2
6
