370
14.08993911743164 -18.620681762695312
14.406755447387695 -5.0718817710876465
18.94232940673828 -7.987250328063965
16.737714767456055 -20.98282814025879
19.56863784790039 -9.228078842163086
14.437826156616211 -5.09084939956665
13.802406311035156 -19.630584716796875
18.890472412109375 -8.438831329345703
19.994230270385742 -8.971822738647461
19.74306869506836 -14.27392864227295
20.143396377563477 -8.88545036315918
16.373666763305664 -7.497534275054932
19.806766510009766 -9.348305702209473
15.274184226989746 -20.598318099975586
18.802249908447266 -15.850449562072754
20.931081771850586 -14.552614212036133
14.741815567016602 -20.536691665649414
19.205429077148438 -10.616643905639648
18.925195693969727 -11.169379234313965
19.165937423706055 -10.735912322998047
17.342615127563477 -8.788281440734863
20.44573211669922 -13.606070518493652
11.83859920501709 -20.552465438842773
19.262279510498047 -17.202190399169922
13.542939186096191 -25.18101692199707
18.90911865234375 -21.71347427368164
16.152517318725586 -20.891624450683594
17.6712703704834 -21.194915771484375
21.135316848754883 -15.114274024963379
17.59453010559082 -9.16820240020752
17.93605613708496 -10.174615859985352
17.26407814025879 -15.047404289245605
18.728044509887695 -25.97138214111328
17.3148136138916 -23.596229553222656
14.234620094299316 -17.589176177978516
13.9797945022583 -19.68949317932129
17.518796920776367 -13.654260635375977
18.00206756591797 -23.900684356689453
15.882410049438477 -7.5355401039123535
16.861351013183594 -8.903365135192871
12.537343978881836 -20.055912017822266
17.09370994567871 -9.885993957519531
17.949092864990234 -21.2142333984375
16.087177276611328 -8.526894569396973
11.90605640411377 -20.51835823059082
15.934025764465332 -16.08698081970215
18.50279998779297 -17.719505310058594
3.3944709300994873 4.082394123077393
17.858213424682617 -26.24129867553711
3.4424681663513184 4.049830436706543
18.221742630004883 -15.770340919494629
17.084081649780273 -24.012250900268555
15.466020584106445 -16.37441635131836
17.398361206054688 -19.825021743774414
18.994646072387695 -20.429086685180664
15.41592025756836 -10.966693878173828
15.589990615844727 -16.02375602722168
17.724267959594727 -25.588191986083984
14.89867115020752 -11.584214210510254
18.185026168823242 -25.504613876342773
14.98653507232666 -15.33053970336914
19.252323150634766 -21.03540802001953
0.829443097114563 9.754793167114258
9.071211814880371 -12.97210693359375
11.331585884094238 -14.473854064941406
12.617265701293945 -19.986345291137695
17.476884841918945 -24.850488662719727
17.825029373168945 -17.173969268798828
16.762731552124023 -24.220043182373047
15.646941184997559 -9.807413101196289
18.32314682006836 -25.277143478393555
14.340256690979004 -9.348381042480469
15.679845809936523 -17.117128372192383
18.270931243896484 -24.52975845336914
21.069250106811523 -14.750999450683594
9.780786514282227 -14.267656326293945
18.390682220458984 -18.940488815307617
8.38941764831543 -8.882853507995605
19.11786651611328 -18.46537208557129
12.652453422546387 -11.849306106567383
17.58932876586914 -16.2530574798584
15.090394020080566 -8.868117332458496
8.976573944091797 -11.957061767578125
18.836986541748047 -24.717660903930664
16.76766586303711 -13.36540699005127
8.992578506469727 -13.519024848937988
14.903324127197266 -16.825435638427734
14.125922203063965 -8.760055541992188
19.365999221801758 -20.182138442993164
9.585021018981934 -12.893331527709961
14.232743263244629 -10.027654647827148
16.515764236450195 -18.578922271728516
9.689435958862305 -13.894631385803223
16.43851089477539 -25.035429000854492
15.578073501586914 -23.858808517456055
16.37180519104004 -19.03847885131836
9.875876426696777 -13.103302001953125
17.9259033203125 -25.17687225341797
13.736781120300293 -10.501680374145508
18.043914794921875 -19.255355834960938
12.995595932006836 -10.132651329040527
13.00976848602295 -9.048042297363281
13.645607948303223 -9.413415908813477
13.815041542053223 -12.503853797912598
14.945261001586914 -16.57416534423828
9.673526763916016 -12.797542572021484
20.278451919555664 -21.764747619628906
13.921591758728027 -11.456181526184082
16.58115005493164 -24.70534324645996
13.092391014099121 -11.310633659362793
13.661733627319336 -11.511314392089844
17.779216766357422 -18.077932357788086
12.354516983032227 -7.8416428565979
10.848477363586426 -7.60385274887085
18.66932487487793 -24.871702194213867
12.672111511230469 -13.809320449829102
-1.0825639963150024 -1.0321621894836426
11.79139232635498 -13.599197387695312
18.306215286254883 -19.502485275268555
13.4189453125 -8.228450775146484
20.503311157226562 -24.910892486572266
15.485410690307617 -24.52541160583496
12.894562721252441 -9.941162109375
12.675941467285156 -9.494361877441406
17.694408416748047 -17.383079528808594
12.751017570495605 -14.287773132324219
1.477239727973938 -0.16278024017810822
19.743379592895508 -24.672706604003906
11.98789119720459 -11.536711692810059
12.14897632598877 -13.103601455688477
13.10262680053711 -12.48599624633789
16.72601318359375 -19.1362361907959
12.127685546875 -13.865093231201172
11.96357536315918 -8.915979385375977
1.7830129861831665 3.4315240383148193
20.896482467651367 -20.852310180664062
12.829638481140137 -9.147960662841797
12.540263175964355 -11.888500213623047
-0.5371050238609314 -0.4440680146217346
0.743459165096283 -1.0438894033432007
11.760588645935059 -12.726094245910645
12.062189102172852 -10.853896141052246
21.191097259521484 -20.498641967773438
12.646268844604492 -11.004642486572266
11.531207084655762 -11.767877578735352
1.9442603588104248 4.7557268142700195
20.905107498168945 -21.515121459960938
15.481430053710938 -24.523067474365234
1.5532485246658325 -0.19729910790920258
9.841376304626465 -11.553277969360352
1.936832308769226 4.6140666007995605
11.729915618896484 -10.989143371582031
-14.507643699645996 19.088638305664062
10.337226867675781 -11.492165565490723
-15.225436210632324 10.36851978302002
-0.9518603682518005 -0.4916539192199707
-0.4305886924266815 2.9234750270843506
-20.100297927856445 12.327680587768555
0.32983511686325073 1.1489589214324951
-3.6556177139282227 -2.584202766418457
-13.57693099975586 17.56976318359375
-13.080687522888184 -0.13962647318840027
0.23834598064422607 2.014885902404785
-16.9172420501709 17.92974090576172
-2.746673107147217 0.7218419909477234
-12.319158554077148 19.671920776367188
-17.380264282226562 16.1001033782959
-1.1349972486495972 1.3555172681808472
1.1353384256362915 2.9980227947235107
-16.989810943603516 18.05185890197754
0.33703726530075073 9.9256010055542
-3.8785691261291504 15.97616958618164
-3.6157054901123047 -2.525857925415039
-14.737349510192871 18.098190307617188
-3.7801673412323 0.9661747217178345
-4.725390911102295 16.93864631652832
-0.0664401650428772 2.0735089778900146
-6.312291622161865 12.583224296569824
-17.42511749267578 7.736941337585449
-17.44131088256836 7.0712738037109375
-17.27815055847168 7.792200088500977
-17.270896911621094 7.674776077270508
-1.3087576627731323 2.434074640274048
-2.7598276138305664 2.2076237201690674
-19.072277069091797 13.716094017028809
-5.376531600952148 -0.11958692967891693
1.0736043453216553 5.777190208435059
-13.918700218200684 9.756470680236816
-19.992788314819336 13.500763893127441
-19.936952590942383 13.43031120300293
-16.293113708496094 7.717172622680664
-4.212587356567383 1.4494819641113281
0.17765888571739197 9.963103294372559
-13.598633766174316 10.799651145935059
-4.238893985748291 2.211681604385376
-3.644514322280884 -0.29097506403923035
-1.6055134534835815 3.2674896717071533
-1.6808799505233765 2.7434372901916504
-2.510247230529785 9.243391990661621
-12.893301963806152 19.355615615844727
-14.25792121887207 6.634089469909668
-6.33696985244751 5.434403896331787
-4.796778678894043 2.046811819076538
-7.028643608093262 0.8225542306900024
-18.566226959228516 12.044082641601562
-3.3582983016967773 12.69219970703125
-5.413391590118408 8.646883010864258
-2.202242136001587 3.704566240310669
-6.5557074546813965 6.570537090301514
-11.032500267028809 17.973417282104492
-2.9358465671539307 4.2188825607299805
-8.963093757629395 0.5134512782096863
-4.084707736968994 8.672882080078125
-4.366767406463623 3.1916286945343018
-5.713683128356934 3.0796728134155273
-5.450516700744629 2.160432815551758
-5.936378002166748 1.199965238571167
-7.608307361602783 1.891547441482544
-5.458068370819092 4.177785873413086
-2.227212905883789 7.043147563934326
-6.387027263641357 1.7682268619537354
-9.374744415283203 19.631793975830078
-9.311378479003906 2.280040740966797
-4.834845542907715 7.059857368469238
-7.31422758102417 16.654390335083008
-6.051332473754883 10.073979377746582
-13.822565078735352 12.829019546508789
-11.267422676086426 1.6966861486434937
-16.88477897644043 14.965628623962402
-12.86115550994873 14.62585735321045
-15.515176773071289 4.203421115875244
-18.795839309692383 12.710299491882324
-17.65064811706543 11.780258178710938
-2.5614752769470215 7.087955474853516
-2.2112479209899902 4.647405624389648
-9.333123207092285 0.9787237048149109
-13.85488510131836 0.28452661633491516
-19.00908851623535 12.21505069732666
-12.142521858215332 11.46724796295166
-3.262047290802002 10.774635314941406
-9.134571075439453 16.48785400390625
-13.093592643737793 16.87841796875
-3.9369518756866455 12.83568286895752
-13.496904373168945 4.067714214324951
-10.337129592895508 18.827613830566406
-5.422369003295898 11.422625541687012
-8.205581665039062 -0.6386811137199402
-12.97282886505127 8.667149543762207
-8.702256202697754 2.8733720779418945
-10.396980285644531 4.4562788009643555
-15.866436004638672 14.354288101196289
-9.614239692687988 19.241973876953125
-12.978655815124512 12.096905708312988
-11.86072826385498 6.639509677886963
-11.205634117126465 11.470660209655762
-8.895362854003906 14.691662788391113
-8.079654693603516 7.202989101409912
-6.571615695953369 15.05450439453125
-9.192076683044434 16.211734771728516
-12.338444709777832 3.8605077266693115
-12.978706359863281 4.072841644287109
-10.892583847045898 6.282855033874512
-9.849093437194824 3.407912254333496
-7.809223651885986 3.7475640773773193
-9.121246337890625 4.322200775146484
-4.990031719207764 5.853975772857666
-9.110438346862793 14.701617240905762
-6.463142395019531 9.098565101623535
-7.675045967102051 2.4771082401275635
-8.500142097473145 4.688954830169678
-14.417985916137695 8.395795822143555
-11.029497146606445 2.749577522277832
-10.937943458557129 5.292272090911865
-5.3576436042785645 13.665343284606934
-7.72380256652832 4.357111930847168
-16.460012435913086 15.303024291992188
-14.1837797164917 6.846891403198242
-14.160750389099121 15.395509719848633
-4.80743408203125 10.236184120178223
-7.308069229125977 11.51637077331543
-7.330944538116455 5.687834739685059
-9.867036819458008 12.382429122924805
-10.53792667388916 8.742645263671875
-12.543941497802734 5.880451679229736
-9.377020835876465 7.222163677215576
-7.299067497253418 7.444622993469238
-8.70380973815918 10.460393905639648
-10.127179145812988 11.240277290344238
-12.824431419372559 10.007502555847168
-15.525894165039062 16.89707374572754
-13.119636535644531 16.105131149291992
-10.178013801574707 11.095903396606445
-17.68450164794922 13.516080856323242
-9.158907890319824 18.169328689575195
-6.603923320770264 10.765658378601074
-6.54232931137085 7.790534019470215
-10.498836517333984 9.291831016540527
-8.765355110168457 10.955755233764648
-11.563042640686035 12.341005325317383
-7.281065464019775 9.766657829284668
-10.292136192321777 16.321958541870117
-3.075449228286743 7.174587249755859
-10.109820365905762 12.622671127319336
-15.280983924865723 16.567899703979492
-10.896995544433594 7.393612861633301
-11.463855743408203 9.021797180175781
-8.242598533630371 13.251708030700684
-5.286070823669434 7.111270427703857
-10.697890281677246 7.977711200714111
-11.60437297821045 7.7579474449157715
-9.34980583190918 7.844064712524414
-12.440511703491211 14.842601776123047
-7.388134479522705 8.506253242492676
-9.820178031921387 18.750307083129883
-11.685256958007812 12.414448738098145
-10.495820045471191 15.101442337036133
-11.068374633789062 10.810978889465332
-8.000977516174316 12.71294116973877
-10.734469413757324 13.629016876220703
-14.110329627990723 0.6599871516227722
-7.833565711975098 10.996180534362793
-11.746752738952637 4.697212219238281
-9.457386016845703 5.568454742431641
-9.604238510131836 8.645135879516602
-12.505857467651367 16.108320236206055
-9.0398588180542 8.222993850708008
-9.824581146240234 7.914976119995117
-9.420313835144043 8.757158279418945
-8.21382999420166 5.644159317016602
-8.76190185546875 6.410452365875244
-14.135205268859863 0.6742397546768188
-14.652604103088379 16.612594604492188
-12.587479591369629 14.124539375305176
-7.895160675048828 8.697782516479492
-7.363749980926514 10.077126502990723
-15.663100242614746 15.641575813293457
-9.637510299682617 14.528533935546875
-18.610408782958984 12.729696273803711
-13.52723217010498 7.663849830627441
-8.603309631347656 12.38015079498291
-11.85364818572998 13.461933135986328
-12.559700012207031 10.085976600646973
-11.621395111083984 17.038799285888672
-14.53738021850586 15.362895011901855
-10.737603187561035 10.471183776855469
-6.671022891998291 14.414329528808594
-10.728781700134277 14.560622215270996
-10.253808975219727 7.1249165534973145
-9.381790161132812 5.694936752319336
-15.73426342010498 15.4365234375
-14.046493530273438 13.731342315673828
-9.520195960998535 9.600034713745117
-15.634561538696289 15.34575366973877
-9.0205717086792 8.113067626953125
-7.634058952331543 9.59705924987793
-8.248448371887207 9.306371688842773
-12.907790184020996 15.782334327697754
-9.44806957244873 6.278714179992676
-12.435958862304688 10.093878746032715
-15.591184616088867 11.984406471252441
-8.626470565795898 7.541704177856445
-8.992018699645996 6.596057415008545
-10.119306564331055 5.180552005767822
-8.060905456542969 8.360806465148926
-12.52725601196289 12.539591789245605
-8.99874496459961 6.682767868041992
-7.762642860412598 6.308577060699463
-14.846590042114258 12.401726722717285
-8.975687980651855 9.425843238830566
-9.793532371520996 6.844139099121094
